    Model              Gr.Code Group                QSglob   QSbest   Mol.Size Stoich.  Symm.     SymmSize SymmRMSD No.Conts No.Clash F1       Prec.Iface Recal.Iface lDDToligo  DockQ_Avg  Jaccard.Coeff. Align.Size Align.Len  Orient   LocalRMSD  Iface.RMSD SA.total   SA.polar  SA.apolar  TMscore    SymmGr.RMSD
1   H1106TS494_3       494     Venclovas            0.882    0.894    2        A1B1     C1        2        0.00     81       1        80.5     81.40      79.50       0.807      0.698      0.82           2          182        0.03     1.91       1.28       6547.6     2569.6     3977.9     0.908     c3:14.74; c2:15.55
2   H1106TS054_1       054     UltraFold            0.878    0.914    2        A1B1     C1        2        0.00     79       0        78.5     76.30      80.70       0.812      0.752      0.74           2          182        0.03     1.51       1.12       7085.3     2597.3     4488.0     0.937     c3:19.88; c2:23.45
3   H1106TS399_1       399     BeijingAIProtein     0.878    0.914    2        A1B1     C1        2        0.00     79       0        78.5     76.30      80.70       0.812      0.752      0.74           2          182        0.03     1.51       1.12       7085.3     2597.3     4488.0     0.937     c3:19.88; c2:23.45
4   H1106TS441_4       441     OpenFold             0.877    0.892    2        A1B1     C1        2        0.00     82       0        82.0     81.10      83.00       0.847      0.737      0.83           2          182        0.04     1.71       0.99       5859.3     1897.4     3962.0     0.935     c3:15.41; c2:15.97
5   H1106TS003_2       003     MULTICOM_human       0.877    0.890    2        A1B1     C1        2        0.00     77       1        78.9     77.20      80.70       0.838      0.734      0.80           2          182        0.03     1.66       1.07       7107.9     2737.1     4370.8     0.933     c3:21.70; c2:25.54
6   H1106TS433_3       433     OpenFold-SingleSeq   0.877    0.892    2        A1B1     C1        2        0.00     82       0        83.6     83.10      84.10       0.850      0.744      0.84           2          182        0.04     1.68       0.98       5764.2     1986.8     3777.4     0.936     c3:15.54; c2:16.64
7   H1106TS441_3       441     OpenFold             0.877    0.892    2        A1B1     C1        2        0.00     82       0        83.6     83.10      84.10       0.850      0.744      0.84           2          182        0.04     1.68       0.98       5764.2     1986.8     3777.4     0.936     c3:15.54; c2:16.64
8   H1106TS374_5       374     Zheng                0.877    0.893    2        A1B1     C1        2        0.00     82       1        80.0     76.30      84.10       0.844      0.713      0.81           2          182        0.02     2.06       0.98       6490.8     2416.9     4073.9     0.914     c3:19.09; c2:23.27
9   H1106TS433_4       433     OpenFold-SingleSeq   0.877    0.892    2        A1B1     C1        2        0.00     82       0        82.0     81.10      83.00       0.847      0.737      0.83           2          182        0.04     1.71       0.99       5859.3     1897.4     3962.0     0.935     c3:15.41; c2:15.97
10  H1106TS215_1       215s    XRC_VU               0.877    0.888    2        A1B1     C1        2        0.00     79       1        82.7     81.30      84.10       0.834      0.728      0.82           2          182        0.04     1.80       1.15       6495.8     2352.7     4143.1     0.923     c3:15.78; c2:17.83
11  H1106TS433_5       433     OpenFold-SingleSeq   0.876    0.893    2        A1B1     C1        2        0.00     83       0        80.9     80.00      81.80       0.827      0.732      0.83           2          182        0.03     1.71       0.98       5418.6     1865.7     3552.8     0.935     c3:14.51; c2:18.06
12  H1106TS433_2       433     OpenFold-SingleSeq   0.876    0.892    2        A1B1     C1        2        0.00     84       0        81.6     80.20      83.00       0.849      0.738      0.82           2          182        0.04     1.69       0.99       5593.0     1889.5     3703.4     0.935     c3:15.24; c2:17.59
13  H1106TS441_2       441     OpenFold             0.876    0.892    2        A1B1     C1        2        0.00     84       0        81.6     80.20      83.00       0.849      0.738      0.82           2          182        0.04     1.69       0.99       5593.0     1889.5     3703.4     0.935     c3:15.24; c2:17.59
14  H1106TS119_3       119     Kiharalab            0.876    0.893    2        A1B1     C1        2        0.00     86       1        80.0     80.50      79.50       0.835      0.694      0.84           2          182        0.04     2.12       1.07       6066.9     2226.2     3840.7     0.909     c3:13.12; c2:15.64
15  H1106TS441_1       441     OpenFold             0.876    0.892    2        A1B1     C1        2        0.00     83       0        82.7     81.30      84.10       0.850      0.742      0.82           2          182        0.04     1.69       0.98       5622.4     1866.3     3756.1     0.936     c3:15.08; c2:17.60
16  H1106TS433_1       433     OpenFold-SingleSeq   0.876    0.892    2        A1B1     C1        2        0.00     83       0        82.7     81.30      84.10       0.850      0.742      0.82           2          182        0.04     1.69       0.98       5622.4     1866.3     3756.1     0.936     c3:15.08; c2:17.60
17  H1106TS441_5       441     OpenFold             0.876    0.893    2        A1B1     C1        2        0.00     83       0        80.9     80.00      81.80       0.827      0.732      0.83           2          182        0.03     1.71       0.98       5418.6     1865.7     3552.8     0.935     c3:14.51; c2:18.06
18  H1106TS119_1       119     Kiharalab            0.875    0.891    2        A1B1     C1        2        0.00     83       1        81.6     80.20      83.00       0.835      0.710      0.86           2          182        0.03     2.06       1.03       4694.3     1770.0     2924.3     0.912     c3:13.17; c2:17.06
19  H1106TS003_5       003     MULTICOM_human       0.875    0.882    2        A1B1     C1        2        0.00     68       0        73.3     80.80      67.00       0.796      0.627      0.72           2          182        0.01     2.20       1.29       7185.7     2405.1     4780.6     0.902     c3:14.79; c2:18.15
20  H1106TS374_2       374     Zheng                0.875    0.889    2        A1B1     C1        2        0.00     81       1        81.3     78.70      84.10       0.846      0.711      0.82           2          182        0.03     2.07       1.00       6180.1     2241.9     3938.2     0.913     c3:12.16; c2:15.83
21  H1106TS119_2       119     Kiharalab            0.874    0.892    2        A1B1     C1        2        0.00     84       1        81.4     80.90      81.80       0.833      0.699      0.87           2          182        0.04     2.13       1.08       4718.8     1591.4     3127.4     0.908     c3:13.83; c2:17.40
22  H1106TS119_4       119     Kiharalab            0.874    0.892    2        A1B1     C1        2        0.00     82       1        81.8     79.60      84.10       0.836      0.713      0.87           2          182        0.04     2.07       1.04       5136.6     1754.8     3381.8     0.911     c3:13.21; c2:16.17
23  H1106TS158_4       158s    MULTICOM_deep        0.874    0.889    2        A1B1     C1        2        0.00     79       1        78.7     75.80      81.80       0.838      0.738      0.80           2          182        0.04     1.66       1.08       6935.6     2624.6     4311.0     0.934     c3:20.47; c2:25.06
24  H1106TS374_1       374     Zheng                0.874    0.891    2        A1B1     C1        2        0.00     79       1        80.0     76.30      84.10       0.846      0.716      0.80           2          182        0.03     2.02       0.99       5557.8     2120.0     3437.7     0.915     c3:11.98; c2:15.17
25  H1106TS367_1       367     MULTICOM             0.873    0.889    2        A1B1     C1        2        0.00     80       1        80.0     76.30      84.10       0.845      0.714      0.84           2          182        0.04     2.05       1.06       6468.6     2238.8     4229.8     0.911     c3:14.93; c2:18.39
26  H1106TS367_5       367     MULTICOM             0.873    0.881    2        A1B1     C1        2        0.00     70       0        79.3     82.70      76.10       0.810      0.673      0.76           2          182        0.02     2.05       1.26       6557.6     2219.6     4338.0     0.912     c3:13.48; c2:17.07
27  H1106TS158_3       158s    MULTICOM_deep        0.873    0.889    2        A1B1     C1        2        0.00     78       1        79.6     77.40      81.80       0.840      0.738      0.80           2          182        0.04     1.66       1.08       7128.2     2738.8     4389.5     0.934     c3:20.63; c2:25.45
28  H1106TS119_5       119     Kiharalab            0.873    0.888    2        A1B1     C1        2        0.00     82       1        80.6     76.50      85.20       0.845      0.716      0.82           2          182        0.02     2.07       1.02       6355.0     2261.6     4093.4     0.910     c3:13.67; c2:17.54
29  H1106TS248_1       248     Manifold             0.873    0.882    2        A1B1     C1        2        0.00     78       0        80.9     82.40      79.50       0.818      0.694      0.79           2          182        0.01     2.08       1.07       6217.0     2086.6     4130.3     0.912     c3:13.87; c2:16.98
30  H1106TS003_1       003     MULTICOM_human       0.873    0.888    2        A1B1     C1        2        0.00     81       1        80.0     76.30      84.10       0.847      0.713      0.84           2          182        0.03     2.05       1.04       6460.5     2193.1     4267.4     0.913     c3:18.51; c2:21.43
31  H1106TS494_2       494     Venclovas            0.872    0.886    2        A1B1     C1        2        0.00     81       0        81.4     80.90      81.80       0.829      0.719      0.82           2          182        0.03     1.82       1.21       6360.3     2255.5     4104.8     0.919     c3:15.17; c2:15.14
32  H1106TS003_4       003     MULTICOM_human       0.872    0.890    2        A1B1     C1        2        0.00     79       1        80.0     76.30      84.10       0.840      0.745      0.80           2          182        0.03     1.66       1.07       6963.0     2462.8     4500.2     0.934     c3:16.87; c2:19.17
33  H1106TS374_4       374     Zheng                0.870    0.890    2        A1B1     C1        2        0.00     79       1        80.2     77.70      83.00       0.847      0.714      0.81           2          182        0.03     2.00       1.03       5409.6     2026.8     3382.8     0.915     c3:12.01; c2:15.10
34  H1106TS248_4       248     Manifold             0.870    0.885    2        A1B1     C1        2        0.00     80       1        81.4     80.90      81.80       0.840      0.701      0.81           2          182        0.03     2.11       1.05       6171.7     2412.5     3759.2     0.909     c3:14.10; c2:18.00
35  H1106TS248_2       248     Manifold             0.870    0.883    2        A1B1     C1        2        0.00     78       1        79.6     77.40      81.80       0.834      0.706      0.84           2          182        0.03     2.06       1.06       6498.7     2287.7     4211.0     0.911     c3:15.12; c2:18.11
36  H1106TS439_1       439     Yang                 0.868    0.884    2        A1B1     C1        2        0.00     77       0        82.7     81.30      84.10       0.815      0.712      0.84           2          182        0.01     2.07       1.05       1568.3     -242.8     1811.1     0.911     c3:9.87; c2:9.81
37  H1106TS278_1       278     PEZYFoldings         0.868    0.883    2        A1B1     C1        2        0.00     83       1        81.3     76.80      86.40       0.842      0.721      0.85           2          182        0.03     2.05       1.06       6203.1     2029.4     4173.7     0.909     c3:19.16; c2:23.59
38  H1106TS248_3       248     Manifold             0.868    0.884    2        A1B1     C1        2        0.00     81       1        80.4     79.10      81.80       0.840      0.706      0.84           2          182        0.03     2.06       1.05       6388.8     2303.5     4085.3     0.913     c3:14.72; c2:17.88
39  H1106TS374_3       374     Zheng                0.867    0.888    2        A1B1     C1        2        0.00     79       1        80.7     78.50      83.00       0.849      0.715      0.81           2          182        0.03     1.99       0.99       5433.3     2112.8     3320.5     0.917     c3:11.89; c2:15.05
40  H1106TS278_2       278     PEZYFoldings         0.867    0.883    2        A1B1     C1        2        0.00     84       1        82.0     78.90      85.20       0.843      0.717      0.88           2          182        0.03     2.04       1.07       1832.8     621.9      1210.9     0.908     c3:9.71; c2:10.27
41  H1106TS257_1       257     WL_team              0.867    0.882    2        A1B1     C1        2        0.00     88       1        76.9     74.50      79.50       0.783      0.695      0.80           2          182        0.04     2.08       1.24       5825.0     1655.5     4169.5     0.903     c3:14.44; c2:17.58
42  H1106TS444_5       444     CoDock               0.864    0.882    2        A1B1     C1        2        0.00     78       0        80.0     78.30      81.80       0.825      0.698      0.84           2          182        0.02     2.11       1.12       6269.7     2328.1     3941.6     0.905     c3:13.56; c2:17.51
43  H1106TS444_2       444     CoDock               0.863    0.876    2        A1B1     C1        2        0.00     96       1        79.2     73.10      86.40       0.827      0.714      0.82           2          182        0.03     2.13       1.19       6025.8     2234.2     3791.6     0.901     c3:13.58; c2:17.49
44  H1106TS239_2       239s    Yang-Multimer        0.861    0.905    2        A1B1     C1        2        0.00     85       1        78.3     75.00      81.80       0.800      0.748      0.77           2          182        0.03     1.58       1.13       6548.5     1503.3     5045.2     0.934     c3:24.37; c2:24.85
45  H1106TS229_2       229s    Yang-Server          0.861    0.905    2        A1B1     C1        2        0.00     85       1        78.3     75.00      81.80       0.800      0.748      0.77           2          182        0.03     1.58       1.13       6548.5     1503.3     5045.2     0.934     c3:24.37; c2:24.85
46  H1106TS494_4       494     Venclovas            0.859    0.903    2        A1B1     C1        2        0.00     82       1        78.7     75.80      81.80       0.833      0.744      0.78           2          182        0.03     1.62       1.10       6764.2     2297.2     4467.0     0.932     c3:18.53; c2:21.44
47  H1106TS037_3       037     Wallner              0.855    0.903    2        A1B1     C1        2        0.00     87       1        77.7     71.40      85.20       0.834      0.758      0.74           2          182        0.03     1.59       1.09       6458.1     2479.4     3978.7     0.934     c3:23.75; c2:24.42
48  H1106TS399_3       399     BeijingAIProtein     0.851    0.912    2        A1B1     C1        2        0.00     83       0        77.5     71.80      84.10       0.798      0.760      0.74           2          182        0.02     1.54       1.10       6771.8     2538.2     4233.6     0.935     c3:22.13; c2:27.11
49  H1106TS054_3       054     UltraFold            0.851    0.912    2        A1B1     C1        2        0.00     83       0        77.5     71.80      84.10       0.798      0.760      0.74           2          182        0.02     1.54       1.10       6771.8     2538.2     4233.6     0.935     c3:22.13; c2:27.11
50  H1106TS288_5       288s    DFolding-server      0.851    0.905    2        A1B1     C1        2        0.00     79       1        76.0     70.20      83.00       0.820      0.749      0.72           2          182        0.03     1.58       1.17       6787.6     2400.5     4387.0     0.930     c3:25.13; c2:27.48
51  H1106TS288_4       288s    DFolding-server      0.850    0.901    2        A1B1     C1        2        0.00     80       1        78.7     74.00      84.10       0.836      0.754      0.76           2          182        0.03     1.59       1.12       6832.8     2480.8     4352.0     0.934     c3:20.62; c2:25.71
52  H1106TS229_4       229s    Yang-Server          0.849    0.889    2        A1B1     C1        2        0.00     86       1        81.7     77.60      86.40       0.812      0.750      0.85           2          182        0.04     1.71       1.10       5454.8     948.7      4506.1     0.926     c3:13.41; c2:15.39
53  H1106TS239_4       239s    Yang-Multimer        0.849    0.889    2        A1B1     C1        2        0.00     86       1        81.7     77.60      86.40       0.812      0.750      0.85           2          182        0.04     1.71       1.10       5454.8     948.7      4506.1     0.926     c3:13.41; c2:15.39
54  H1106TS071_5       071s    RaptorX-Multimer     0.847    0.894    2        A1B1     C1        2        0.00     84       0        83.3     81.50      85.20       0.810      0.721      0.86           2          182        0.03     1.92       1.17       5751.2     2153.8     3597.5     0.916     c3:15.72; c2:18.07
55  H1106TS125_1       125s    UltraFold_Server     0.847    0.909    2        A1B1     C1        2        0.00     84       1        77.8     74.20      81.80       0.827      0.746      0.74           2          182        0.03     1.59       1.14       6880.5     2654.6     4225.9     0.931     c3:19.85; c2:21.01
56  H1106TS035_4       035s    Manifold-E           0.846    0.905    2        A1B1     C1        2        0.00     82       1        79.8     76.80      83.00       0.839      0.749      0.77           2          182        0.03     1.61       1.13       6017.0     1910.0     4107.0     0.934     c3:16.46; c2:17.26
57  H1106TS187_5       187     TRFold               0.846    0.870    2        A1B1     C1        2        0.00     85       1        79.3     76.00      83.00       0.804      0.684      0.81           2          182        0.04     2.18       1.44       3777.3     1288.4     2488.9     0.897     c3:15.94; c2:17.59
58  H1106TS423_5       423     trComplex            0.846    0.870    2        A1B1     C1        2        0.00     85       1        79.3     76.00      83.00       0.804      0.684      0.81           2          182        0.04     2.18       1.44       3777.3     1288.4     2488.9     0.897     c3:15.94; c2:17.59
59  H1106TS131_1       131s    Kiharalab_Server     0.845    0.892    2        A1B1     C1        2        0.00     85       1        79.8     75.00      85.20       0.848      0.758      0.77           2          182        0.03     1.61       1.13       6009.0     2015.9     3993.1     0.933     c3:16.46; c2:17.23
60  H1106TS348_1       348     Takeda-Shitaka_Lab   0.843    0.899    2        A1B1     C1        2        0.00     85       1        81.4     74.50      89.80       0.838      0.770      0.77           2          182        0.03     1.62       1.10       6687.9     2600.9     4087.0     0.933     c3:21.08; c2:21.08
61  H1106TS390_4       390s    NBIS-AF2-multimer    0.842    0.897    2        A1B1     C1        2        0.00     89       1        80.0     74.50      86.40       0.837      0.758      0.77           2          182        0.03     1.62       1.10       6616.9     2498.7     4118.2     0.933     c3:19.82; c2:21.28
62  H1106TS320_4       320     Elofsson             0.842    0.897    2        A1B1     C1        2        0.00     89       1        80.0     74.50      86.40       0.837      0.758      0.77           2          182        0.03     1.62       1.10       6616.9     2498.7     4118.2     0.933     c3:19.82; c2:21.28
63  H1106TS348_4       348     Takeda-Shitaka_Lab   0.842    0.897    2        A1B1     C1        2        0.00     89       1        80.0     74.50      86.40       0.837      0.758      0.77           2          182        0.03     1.62       1.10       6616.9     2498.7     4118.2     0.933     c3:19.82; c2:21.28
64  H1106TS150_4       150     Grudinin             0.842    0.897    2        A1B1     C1        2        0.00     89       1        80.0     74.50      86.40       0.837      0.758      0.77           2          182        0.03     1.62       1.10       6616.9     2498.7     4118.2     0.933     c3:19.82; c2:21.28
65  H1106TS169_4       169     GuijunLab-Human      0.841    0.900    2        A1B1     C1        2        0.00     87       1        80.2     74.00      87.50       0.841      0.763      0.77           2          182        0.03     1.61       1.08       6743.4     2612.8     4130.6     0.934     c3:25.91; c2:22.81
66  H1106TS320_1       320     Elofsson             0.841    0.900    2        A1B1     C1        2        0.00     87       1        80.2     74.00      87.50       0.841      0.763      0.77           2          182        0.03     1.61       1.08       6743.4     2612.8     4130.6     0.934     c3:25.91; c2:22.81
67  H1106TS225_4       225     ShanghaiTech         0.841    0.900    2        A1B1     C1        2        0.00     87       1        80.2     74.00      87.50       0.841      0.763      0.77           2          182        0.03     1.61       1.08       6743.4     2612.8     4130.6     0.934     c3:25.91; c2:22.81
68  H1106TS439_2       439     Yang                 0.841    0.910    2        A1B1     C1        2        0.00     84       1        79.6     75.50      84.10       0.799      0.758      0.74           2          182        0.03     1.56       1.13       6613.4     1404.0     5209.4     0.933     c3:25.91; c2:22.64
69  H1106TS150_1       150     Grudinin             0.841    0.900    2        A1B1     C1        2        0.00     87       1        80.2     74.00      87.50       0.841      0.763      0.77           2          182        0.03     1.61       1.08       6743.4     2612.8     4130.6     0.934     c3:25.91; c2:22.81
70  H1106TS390_1       390s    NBIS-AF2-multimer    0.841    0.900    2        A1B1     C1        2        0.00     87       1        80.2     74.00      87.50       0.841      0.763      0.77           2          182        0.03     1.61       1.08       6743.4     2612.8     4130.6     0.934     c3:25.91; c2:22.81
71  H1106TS298_3       298s    MUFold               0.840    0.900    2        A1B1     C1        2        0.00     86       1        81.1     75.50      87.50       0.837      0.763      0.76           2          182        0.03     1.62       1.11       6675.4     2617.9     4057.4     0.932     c3:23.03; c2:23.37
72  H1106TS071_4       071s    RaptorX-Multimer     0.840    0.890    2        A1B1     C1        2        0.00     86       0        80.9     80.00      81.80       0.801      0.695      0.83           2          182        0.03     2.02       1.30       5662.3     1999.0     3663.3     0.905     c3:15.69; c2:18.08
73  H1106TS169_5       169     GuijunLab-Human      0.840    0.894    2        A1B1     C1        2        0.00     86       1        81.1     75.50      87.50       0.832      0.763      0.77           2          182        0.03     1.62       1.11       6525.1     2441.0     4084.1     0.933     c3:20.54; c2:21.57
74  H1106TS390_2       390s    NBIS-AF2-multimer    0.839    0.897    2        A1B1     C1        2        0.00     87       1        79.4     72.60      87.50       0.838      0.762      0.77           2          182        0.03     1.62       1.09       6526.8     2473.4     4053.3     0.933     c3:24.26; c2:24.00
75  H1106TS098_2       098s    GuijunLab-Assembly   0.839    0.897    2        A1B1     C1        2        0.00     86       1        80.4     73.60      88.60       0.840      0.767      0.77           2          182        0.03     1.63       1.10       6567.5     2536.2     4031.4     0.933     c3:25.66; c2:22.60
76  H1106TS098_1       098s    GuijunLab-Assembly   0.839    0.897    2        A1B1     C1        2        0.00     86       1        80.4     73.60      88.60       0.840      0.767      0.77           2          182        0.03     1.63       1.10       6567.5     2536.2     4031.4     0.933     c3:25.66; c2:22.60
77  H1106TS188_3       188s    GuijunLab-DeepDA     0.839    0.897    2        A1B1     C1        2        0.00     86       1        80.4     73.60      88.60       0.840      0.767      0.77           2          182        0.03     1.63       1.10       6567.5     2536.2     4031.4     0.933     c3:25.66; c2:22.60
78  H1106TS169_1       169     GuijunLab-Human      0.839    0.897    2        A1B1     C1        2        0.00     86       1        80.4     73.60      88.60       0.840      0.767      0.77           2          182        0.03     1.63       1.10       6567.5     2536.2     4031.4     0.933     c3:25.66; c2:22.60
79  H1106TS320_2       320     Elofsson             0.839    0.897    2        A1B1     C1        2        0.00     87       1        79.4     72.60      87.50       0.838      0.762      0.77           2          182        0.03     1.62       1.09       6526.8     2473.4     4053.3     0.933     c3:24.26; c2:24.00
80  H1106TS150_2       150     Grudinin             0.839    0.897    2        A1B1     C1        2        0.00     87       1        79.4     72.60      87.50       0.838      0.762      0.77           2          182        0.03     1.62       1.09       6526.8     2473.4     4053.3     0.933     c3:24.26; c2:24.00
81  H1106TS493_1       493     Shen-CAPRI           0.838    0.897    2        A1B1     C1        2        0.00     81       0        76.3     69.80      84.10       0.833      0.750      0.76           2          182        0.03     1.62       1.07       6607.6     2534.6     4073.0     0.934     c3:24.91; c2:22.59
82  H1106TS071_2       071s    RaptorX-Multimer     0.838    0.893    2        A1B1     C1        2        0.00     85       0        79.6     77.40      81.80       0.810      0.703      0.80           2          182        0.02     1.97       1.22       5680.3     2093.0     3587.3     0.911     c3:15.66; c2:18.01
83  H1106TS298_2       298s    MUFold               0.837    0.895    2        A1B1     C1        2        0.00     83       1        80.6     74.80      87.50       0.843      0.761      0.76           2          182        0.03     1.64       1.09       6738.5     2572.8     4165.7     0.933     c3:23.16; c2:22.77
84  H1106TS493_4       493     Shen-CAPRI           0.837    0.894    2        A1B1     C1        2        0.00     84       0        77.5     71.80      84.10       0.833      0.750      0.77           2          182        0.03     1.63       1.10       6506.4     2441.9     4064.6     0.934     c3:19.39; c2:21.10
85  H1106TS071_3       071s    RaptorX-Multimer     0.837    0.891    2        A1B1     C1        2        0.00     86       0        79.8     78.90      80.70       0.801      0.693      0.81           2          182        0.02     2.00       1.27       5667.9     2039.0     3628.9     0.908     c3:15.89; c2:18.52
86  H1106TS071_1       071s    RaptorX-Multimer     0.837    0.893    2        A1B1     C1        2        0.00     86       0        81.1     79.30      83.00       0.816      0.712      0.82           2          182        0.03     1.93       1.16       5711.2     2106.9     3604.3     0.916     c3:15.70; c2:18.05
87  H1106TS003_3       003     MULTICOM_human       0.836    0.888    2        A1B1     C1        2        0.00     81       1        77.9     72.50      84.10       0.843      0.743      0.76           2          182        0.04     1.69       1.14       5852.9     2143.3     3709.6     0.930     c3:14.84; c2:16.07
88  H1106TS158_2       158s    MULTICOM_deep        0.836    0.888    2        A1B1     C1        2        0.00     81       1        77.9     72.50      84.10       0.843      0.743      0.76           2          182        0.04     1.69       1.14       5852.9     2143.3     3709.6     0.930     c3:14.84; c2:16.07
89  H1106TS493_2       493     Shen-CAPRI           0.834    0.896    2        A1B1     C1        2        0.00     84       0        77.3     70.80      85.20       0.835      0.753      0.76           2          182        0.03     1.63       1.09       6402.7     2414.8     3987.8     0.933     c3:24.72; c2:24.34
90  H1106TS037_4       037     Wallner              0.834    0.897    2        A1B1     C1        2        0.00     89       1        76.5     69.40      85.20       0.819      0.743      0.74           2          182        0.02     1.68       1.22       6479.7     2558.9     3920.8     0.924     c3:25.02; c2:26.02
91  H1106TS298_5       298s    MUFold               0.834    0.895    2        A1B1     C1        2        0.00     90       1        79.6     73.80      86.40       0.839      0.759      0.77           2          182        0.03     1.63       1.10       6606.1     2368.6     4237.5     0.933     c3:24.71; c2:23.14
92  H1106TS037_2       037     Wallner              0.833    0.896    2        A1B1     C1        2        0.00     89       1        80.4     73.60      88.60       0.841      0.763      0.78           2          182        0.03     1.65       1.11       6463.9     2484.6     3979.4     0.932     c3:17.17; c2:16.90
93  H1106TS360_4       360     MUFold_H             0.831    0.907    2        A1B1     C1        2        0.00     85       1        77.0     72.70      81.80       0.837      0.742      0.76           2          182        0.03     1.63       1.07       6300.0     2328.3     3971.6     0.928     c3:16.26; c2:17.09
94  H1106TS348_2       348     Takeda-Shitaka_Lab   0.831    0.900    2        A1B1     C1        2        0.00     86       1        78.4     71.70      86.40       0.830      0.751      0.75           2          182        0.03     1.69       1.24       6081.7     1997.9     4083.8     0.923     c3:15.18; c2:16.43
95  H1106TS288_1       288s    DFolding-server      0.830    0.886    2        A1B1     C1        2        0.00     83       1        77.6     70.40      86.40       0.847      0.756      0.74           2          182        0.03     1.64       1.11       6382.9     2232.0     4150.9     0.935     c3:20.09; c2:24.28
96  H1106TS125_3       125s    UltraFold_Server     0.830    0.902    2        A1B1     C1        2        0.00     87       1        79.8     75.00      85.20       0.837      0.755      0.78           2          182        0.03     1.62       1.15       5996.8     1933.7     4063.2     0.932     c3:16.48; c2:17.40
97  H1106TS187_3       187     TRFold               0.829    0.896    2        A1B1     C1        2        0.00     89       1        81.7     75.70      88.60       0.837      0.767      0.77           2          182        0.03     1.62       1.11       6508.5     2324.8     4183.6     0.934     c3:17.29; c2:18.45
98  H1106TS288_3       288s    DFolding-server      0.829    0.889    2        A1B1     C1        2        0.00     86       1        79.6     72.20      88.60       0.846      0.766      0.78           2          182        0.03     1.62       1.11       6573.8     2275.8     4298.0     0.936     c3:16.45; c2:18.24
99  H1106TS423_3       423     trComplex            0.829    0.896    2        A1B1     C1        2        0.00     89       1        81.7     75.70      88.60       0.837      0.767      0.77           2          182        0.03     1.62       1.11       6508.5     2324.8     4183.6     0.934     c3:17.29; c2:18.45
100 H1106TS131_4       131s    Kiharalab_Server     0.823    0.887    2        A1B1     C1        2        0.00     86       1        78.4     71.70      86.40       0.839      0.759      0.76           2          182        0.03     1.63       1.12       6416.6     2366.6     4050.1     0.934     c3:18.36; c2:20.47
101 H1106TS201_5       201     UTMB                 0.822    0.892    2        A1B1     C1        2        0.00     89       1        77.0     68.80      87.50       0.845      0.761      0.75           2          182        0.04     1.66       1.07       6351.6     2202.8     4148.8     0.931     c3:16.47; c2:18.39
102 H1106TS360_5       360     MUFold_H             0.822    0.899    2        A1B1     C1        2        0.00     89       1        77.2     72.30      83.00       0.828      0.737      0.75           2          182        0.03     1.70       1.13       6046.9     2081.5     3965.4     0.922     c3:16.34; c2:17.09
103 H1106TS131_3       131s    Kiharalab_Server     0.820    0.892    2        A1B1     C1        2        0.00     89       1        78.5     74.50      83.00       0.844      0.750      0.76           2          182        0.03     1.63       1.12       6126.4     2150.3     3976.1     0.932     c3:16.30; c2:17.12
104 H1106TS185_3       185     BAKER                0.819    0.889    2        A1B1     C1        2        0.00     86       0        78.1     73.70      83.00       0.847      0.730      0.79           2          182        0.02     1.79       0.99       4734.9     1794.5     2940.4     0.932     c3:14.57; c2:17.47
105 H1106TS360_1       360     MUFold_H             0.819    0.896    2        A1B1     C1        2        0.00     92       1        78.4     71.70      86.40       0.834      0.757      0.75           2          182        0.03     1.67       1.18       6114.9     2123.6     3991.3     0.926     c3:15.85; c2:16.87
106 H1106TS399_4       399     BeijingAIProtein     0.818    0.910    2        A1B1     C1        2        0.00     88       0        74.0     68.30      80.70       0.813      0.742      0.73           2          182        0.03     1.61       1.12       5643.5     2014.3     3629.2     0.926     c3:16.33; c2:16.76
107 H1106TS054_4       054     UltraFold            0.818    0.910    2        A1B1     C1        2        0.00     88       0        74.0     68.30      80.70       0.813      0.742      0.73           2          182        0.03     1.61       1.12       5643.5     2014.3     3629.2     0.926     c3:16.33; c2:16.76
108 H1106TS185_1       185     BAKER                0.818    0.888    2        A1B1     C1        2        0.00     83       0        78.3     75.00      81.80       0.824      0.716      0.77           2          182        0.01     1.89       1.11       4838.9     1902.7     2936.2     0.922     c3:15.25; c2:17.78
109 H1106TS185_2       185     BAKER                0.816    0.887    2        A1B1     C1        2        0.00     84       0        76.5     73.70      79.50       0.825      0.711      0.76           2          182        0.02     1.87       1.08       4953.6     1934.9     3018.7     0.924     c3:15.34; c2:17.82
110 H1106TS086_5       086s    MULTICOM_qa          0.816    0.896    2        A1B1     C1        2        0.00     88       1        79.4     74.30      85.20       0.839      0.756      0.74           2          182        0.03     1.65       1.12       6296.1     2189.1     4107.0     0.930     c3:16.53; c2:17.73
111 H1106TS360_2       360     MUFold_H             0.816    0.897    2        A1B1     C1        2        0.00     87       1        78.4     71.70      86.40       0.832      0.752      0.75           2          182        0.03     1.69       1.21       5486.7     1923.7     3562.9     0.923     c3:15.46; c2:16.35
112 H1106TS086_2       086s    MULTICOM_qa          0.815    0.895    2        A1B1     C1        2        0.00     88       1        78.5     72.80      85.20       0.851      0.752      0.76           2          182        0.04     1.72       1.10       6161.1     2101.6     4059.5     0.925     c3:16.54; c2:18.09
113 H1106TS367_3       367     MULTICOM             0.815    0.895    2        A1B1     C1        2        0.00     88       1        78.8     72.40      86.40       0.841      0.760      0.76           2          182        0.03     1.64       1.10       6118.4     2050.0     4068.4     0.932     c3:16.19; c2:17.00
114 H1106TS131_2       131s    Kiharalab_Server     0.814    0.891    2        A1B1     C1        2        0.00     86       1        77.3     70.80      85.20       0.849      0.757      0.73           2          182        0.03     1.62       1.12       5569.1     1895.7     3673.4     0.934     c3:15.92; c2:16.46
115 H1106TS367_4       367     MULTICOM             0.814    0.897    2        A1B1     C1        2        0.00     89       1        79.2     73.10      86.40       0.838      0.761      0.77           2          182        0.03     1.63       1.12       6263.5     2127.7     4135.8     0.932     c3:16.32; c2:17.24
116 H1106TS188_2       188s    GuijunLab-DeepDA     0.812    0.825    2        A1B1     C1        2        0.00     72       0        70.0     68.50      71.60       0.794      0.513      0.73           2          182        0.13     4.85       1.42       5044.5     2115.7     2928.8     0.851     c3:13.79; c2:13.08
117 H1106TS086_4       086s    MULTICOM_qa          0.812    0.898    2        A1B1     C1        2        0.00     88       1        78.9     75.30      83.00       0.847      0.745      0.76           2          182        0.04     1.73       1.10       6317.5     2207.6     4109.9     0.924     c3:16.18; c2:17.92
118 H1106TS086_3       086s    MULTICOM_qa          0.812    0.902    2        A1B1     C1        2        0.00     88       1        78.9     75.30      83.00       0.846      0.746      0.75           2          182        0.03     1.71       1.11       6137.7     2284.5     3853.2     0.925     c3:16.55; c2:17.93
119 H1106TS446_4       446s    ColabFold            0.812    0.892    2        A1B1     C1        2        0.00     92       0        79.2     71.60      88.60       0.832      0.765      0.77           2          182        0.04     1.65       1.07       6529.0     2257.0     4272.0     0.931     c3:16.97; c2:18.91
120 H1106TS461_4       461     colabfold_human      0.812    0.892    2        A1B1     C1        2        0.00     92       0        79.2     71.60      88.60       0.832      0.765      0.77           2          182        0.04     1.65       1.07       6529.0     2257.0     4272.0     0.931     c3:16.97; c2:18.91
121 H1106TS187_2       187     TRFold               0.810    0.891    2        A1B1     C1        2        0.00     86       1        77.9     72.50      84.10       0.842      0.750      0.76           2          182        0.04     1.66       1.11       6245.2     2013.8     4231.4     0.931     c3:15.93; c2:17.22
122 H1106TS423_2       423     trComplex            0.810    0.891    2        A1B1     C1        2        0.00     86       1        77.9     72.50      84.10       0.842      0.750      0.76           2          182        0.04     1.66       1.11       6245.2     2013.8     4231.4     0.931     c3:15.93; c2:17.22
123 H1106TS086_1       086s    MULTICOM_qa          0.810    0.894    2        A1B1     C1        2        0.00     91       1        78.3     73.30      84.10       0.841      0.752      0.74           2          182        0.03     1.65       1.12       6226.0     2155.0     4071.0     0.931     c3:16.40; c2:17.56
124 H1106TS169_3       169     GuijunLab-Human      0.809    0.827    2        A1B1     C1        2        0.00     81       0        74.2     70.40      78.40       0.804      0.540      0.74           2          182        0.12     4.85       1.35       4856.3     1990.2     2866.1     0.859     c3:13.85; c2:13.07
125 H1106TS360_3       360     MUFold_H             0.809    0.900    2        A1B1     C1        2        0.00     89       1        75.8     70.60      81.80       0.833      0.739      0.74           2          182        0.03     1.67       1.09       6093.5     2201.9     3891.6     0.925     c3:16.17; c2:16.77
126 H1106TS367_2       367     MULTICOM             0.809    0.896    2        A1B1     C1        2        0.00     89       1        78.1     72.10      85.20       0.841      0.756      0.75           2          182        0.03     1.64       1.10       6051.6     1986.3     4065.3     0.932     c3:16.25; c2:16.95
127 H1106TS188_1       188s    GuijunLab-DeepDA     0.809    0.827    2        A1B1     C1        2        0.00     81       0        74.2     70.40      78.40       0.804      0.540      0.74           2          182        0.12     4.85       1.35       4856.3     1990.2     2866.1     0.859     c3:13.85; c2:13.07
128 H1106TS185_5       185     BAKER                0.808    0.897    2        A1B1     C1        2        0.00     90       0        75.4     69.90      81.80       0.815      0.689      0.75           2          182        0.01     2.08       1.28       4520.6     1765.9     2754.7     0.900     c3:14.59; c2:17.13
129 H1106TS158_5       158s    MULTICOM_deep        0.807    0.892    2        A1B1     C1        2        0.00     89       1        77.9     72.50      84.10       0.848      0.751      0.74           2          182        0.04     1.66       1.10       6075.0     2093.3     3981.6     0.931     c3:16.29; c2:16.98
130 H1106TS037_1       037     Wallner              0.807    0.891    2        A1B1     C1        2        0.00     92       1        79.4     72.60      87.50       0.838      0.764      0.75           2          182        0.03     1.61       1.10       6506.9     2483.9     4023.1     0.936     c3:19.20; c2:19.30
131 H1106TS125_4       125s    UltraFold_Server     0.806    0.901    2        A1B1     C1        2        0.00     88       1        77.2     69.70      86.40       0.831      0.750      0.77           2          182        0.03     1.70       1.26       5522.6     1898.8     3623.8     0.921     c3:14.94; c2:16.16
132 H1106TS185_4       185     BAKER                0.806    0.889    2        A1B1     C1        2        0.00     89       0        77.8     74.20      81.80       0.845      0.720      0.76           2          182        0.02     1.86       1.02       4750.2     1835.7     2914.4     0.925     c3:13.88; c2:16.69
133 H1106TS131_5       131s    Kiharalab_Server     0.806    0.892    2        A1B1     C1        2        0.00     89       1        78.8     72.40      86.40       0.846      0.764      0.76           2          182        0.03     1.62       1.10       5897.1     1929.9     3967.2     0.933     c3:16.19; c2:16.78
134 H1106TS494_5       494     Venclovas            0.806    0.895    2        A1B1     C1        2        0.00     92       0        77.7     71.40      85.20       0.841      0.756      0.77           2          182        0.03     1.63       1.08       6611.4     2527.4     4084.0     0.932     c3:18.04; c2:20.70
135 H1106TS278_5       278     PEZYFoldings         0.805    0.823    2        A1B1     C1        2        0.00     83       1        74.7     67.30      84.10       0.814      0.564      0.77           2          182        0.08     4.82       1.27       5940.5     2261.2     3679.3     0.856     c3:18.36; c2:20.93
136 H1106TS248_5       248     Manifold             0.804    0.849    2        A1B1     C1        2        0.00     80       1        69.7     70.10      69.30       0.773      0.654      0.73           2          182        0.03     2.06       1.36       5019.6     1854.6     3165.1     0.902     c3:12.54; c2:14.45
137 H1106TS037_5       037     Wallner              0.803    0.888    2        A1B1     C1        2        0.00     90       1        77.4     69.40      87.50       0.839      0.761      0.75           2          182        0.03     1.63       1.11       6332.1     2341.8     3990.4     0.936     c3:20.11; c2:22.67
138 H1106TS291_5       291     Kozakov-Vajda        0.802    0.896    2        A1B1     C1        2        0.00     91       0        72.6     64.60      83.00       0.810      0.720      0.72           2          182        0.03     1.81       1.32       4819.8     1504.2     3315.7     0.910     c3:14.45; c2:15.49
139 H1106TS278_4       278     PEZYFoldings         0.802    0.822    2        A1B1     C1        2        0.00     83       1        73.4     65.80      83.00       0.811      0.556      0.77           2          182        0.09     4.85       1.29       5900.6     2208.6     3692.0     0.854     c3:17.76; c2:20.21
140 H1106TS350_5       350     ClusPro              0.802    0.896    2        A1B1     C1        2        0.00     91       0        72.6     64.60      83.00       0.810      0.720      0.72           2          182        0.03     1.81       1.32       4819.8     1504.2     3315.7     0.910     c3:14.45; c2:15.49
141 H1106TS348_3       348     Takeda-Shitaka_Lab   0.799    0.892    2        A1B1     C1        2        0.00     93       1        78.8     72.40      86.40       0.847      0.758      0.73           2          182        0.03     1.65       1.08       5735.6     2048.4     3687.2     0.933     c3:15.88; c2:16.31
142 H1106TS091_1       091     UNRES                0.799    0.892    2        A1B1     C1        2        0.00     80       0        72.7     72.70      72.70       0.776      0.698      0.75           2          182        0.03     1.74       1.33       6209.6     2172.0     4037.6     0.920     c3:16.31; c2:17.09
143 H1106TS158_1       158s    MULTICOM_deep        0.798    0.893    2        A1B1     C1        2        0.00     94       1        78.4     71.70      86.40       0.842      0.759      0.74           2          182        0.03     1.64       1.12       5612.6     1990.5     3622.1     0.932     c3:15.91; c2:16.31
144 H1106TS165_1       165     FTBiot0119           0.797    0.894    2        A1B1     C1        2        0.00     95       1        78.1     72.10      85.20       0.849      0.756      0.74           2          182        0.03     1.63       1.08       6156.2     2141.9     4014.3     0.934     c3:16.16; c2:16.87
145 H1106TS150_3       150     Grudinin             0.797    0.894    2        A1B1     C1        2        0.00     95       1        78.1     72.10      85.20       0.849      0.756      0.74           2          182        0.03     1.63       1.08       6156.2     2141.9     4014.3     0.934     c3:16.16; c2:16.87
146 H1106TS399_2       399     BeijingAIProtein     0.797    0.895    2        A1B1     C1        2        0.00     88       0        78.1     72.10      85.20       0.832      0.753      0.78           2          182        0.03     1.67       1.22       5349.4     1845.4     3504.0     0.926     c3:14.72; c2:15.83
147 H1106TS169_2       169     GuijunLab-Human      0.797    0.819    2        A1B1     C1        2        0.00     93       0        79.0     72.00      87.50       0.817      0.570      0.77           2          182        0.12     4.88       1.32       4768.2     1822.0     2946.2     0.860     c3:13.83; c2:12.98
148 H1106TS390_3       390s    NBIS-AF2-multimer    0.797    0.894    2        A1B1     C1        2        0.00     95       1        78.1     72.10      85.20       0.849      0.756      0.74           2          182        0.03     1.63       1.08       6156.2     2141.9     4014.3     0.934     c3:16.16; c2:16.87
149 H1106TS098_5       098s    GuijunLab-Assembly   0.797    0.819    2        A1B1     C1        2        0.00     93       0        79.0     72.00      87.50       0.817      0.570      0.77           2          182        0.12     4.88       1.32       4768.2     1822.0     2946.2     0.860     c3:13.83; c2:12.98
150 H1106TS188_5       188s    GuijunLab-DeepDA     0.797    0.819    2        A1B1     C1        2        0.00     93       0        79.0     72.00      87.50       0.817      0.570      0.77           2          182        0.12     4.88       1.32       4768.2     1822.0     2946.2     0.860     c3:13.83; c2:12.98
151 H1106TS288_2       288s    DFolding-server      0.797    0.891    2        A1B1     C1        2        0.00     86       1        76.3     69.80      84.10       0.843      0.753      0.74           2          182        0.03     1.63       1.09       5954.4     1936.4     4018.0     0.934     c3:15.73; c2:16.80
152 H1106TS054_2       054     UltraFold            0.797    0.895    2        A1B1     C1        2        0.00     88       0        78.1     72.10      85.20       0.832      0.753      0.78           2          182        0.03     1.67       1.22       5349.4     1845.4     3504.0     0.926     c3:14.72; c2:15.83
153 H1106TS320_3       320     Elofsson             0.797    0.894    2        A1B1     C1        2        0.00     95       1        78.1     72.10      85.20       0.849      0.756      0.74           2          182        0.03     1.63       1.08       6156.2     2141.9     4014.3     0.934     c3:16.16; c2:16.87
154 H1106TS439_3       439     Yang                 0.797    0.892    2        A1B1     C1        2        0.00     96       1        81.1     77.30      85.20       0.811      0.756      0.76           2          182        0.03     1.63       1.12       5570.2     961.2      4609.1     0.932     c3:15.96; c2:16.35
155 H1106TS390_5       390s    NBIS-AF2-multimer    0.795    0.890    2        A1B1     C1        2        0.00     91       1        78.1     72.10      85.20       0.849      0.754      0.74           2          182        0.03     1.66       1.08       5891.3     2074.4     3816.9     0.932     c3:16.32; c2:16.92
156 H1106TS150_5       150     Grudinin             0.795    0.890    2        A1B1     C1        2        0.00     91       1        78.1     72.10      85.20       0.849      0.754      0.74           2          182        0.03     1.66       1.08       5891.3     2074.4     3816.9     0.932     c3:16.32; c2:16.92
157 H1106TS320_5       320     Elofsson             0.795    0.890    2        A1B1     C1        2        0.00     91       1        78.1     72.10      85.20       0.849      0.754      0.74           2          182        0.03     1.66       1.08       5891.3     2074.4     3816.9     0.932     c3:16.32; c2:16.92
158 H1106TS423_4       423     trComplex            0.793    0.888    2        A1B1     C1        2        0.00     91       1        78.1     72.10      85.20       0.842      0.754      0.75           2          182        0.03     1.64       1.11       5824.5     2049.4     3775.1     0.933     c3:16.38; c2:16.88
159 H1106TS187_4       187     TRFold               0.793    0.888    2        A1B1     C1        2        0.00     91       1        78.1     72.10      85.20       0.842      0.754      0.75           2          182        0.03     1.64       1.11       5824.5     2049.4     3775.1     0.933     c3:16.38; c2:16.88
160 H1106TS493_3       493     Shen-CAPRI           0.792    0.891    2        A1B1     C1        2        0.00     89       0        75.1     67.90      84.10       0.845      0.752      0.75           2          182        0.03     1.62       1.03       6111.5     2208.0     3903.5     0.937     c3:16.22; c2:16.84
161 H1106TS399_5       399     BeijingAIProtein     0.792    0.890    2        A1B1     C1        2        0.00     87       0        77.3     70.80      85.20       0.848      0.757      0.75           2          182        0.04     1.64       1.08       5777.2     2008.1     3769.1     0.932     c3:16.15; c2:16.81
162 H1106TS054_5       054     UltraFold            0.792    0.890    2        A1B1     C1        2        0.00     87       0        77.3     70.80      85.20       0.848      0.757      0.75           2          182        0.04     1.64       1.08       5777.2     2008.1     3769.1     0.932     c3:16.15; c2:16.81
163 H1106TS091_4       091     UNRES                0.791    0.888    2        A1B1     C1        2        0.00     91       0        69.7     68.90      70.50       0.783      0.687      0.72           2          182        0.03     1.78       1.35       6136.3     1959.0     4177.2     0.917     c3:15.94; c2:17.05
164 H1106TS298_1       298s    MUFold               0.791    0.889    2        A1B1     C1        2        0.00     93       1        77.5     71.80      84.10       0.849      0.750      0.73           2          182        0.03     1.65       1.09       5898.7     2057.3     3841.4     0.932     c3:16.05; c2:16.75
165 H1106TS035_3       035s    Manifold-E           0.789    0.891    2        A1B1     C1        2        0.00     91       1        77.9     72.50      84.10       0.848      0.749      0.75           2          182        0.04     1.67       1.10       5809.0     2051.1     3757.9     0.930     c3:16.25; c2:16.75
166 H1106TS493_5       493     Shen-CAPRI           0.789    0.890    2        A1B1     C1        2        0.00     91       0        75.1     67.90      84.10       0.842      0.730      0.72           2          182        0.06     2.01       1.10       5848.9     2102.1     3746.8     0.909     c3:16.27; c2:16.93
167 H1106TS298_4       298s    MUFold               0.789    0.891    2        A1B1     C1        2        0.00     92       1        76.7     70.50      84.10       0.845      0.752      0.73           2          182        0.03     1.64       1.10       6109.5     2124.4     3985.1     0.933     c3:16.35; c2:16.97
168 H1106TS091_3       091     UNRES                0.786    0.883    2        A1B1     C1        2        0.00     83       0        73.4     73.00      73.90       0.777      0.699      0.72           2          182        0.03     1.75       1.31       6420.2     2103.1     4317.1     0.921     c3:15.81; c2:16.93
169 H1106TS091_5       091     UNRES                0.786    0.887    2        A1B1     C1        2        0.00     83       0        70.7     67.70      73.90       0.787      0.706      0.76           2          182        0.05     1.72       1.26       6155.4     1899.3     4256.1     0.919     c3:15.88; c2:17.05
170 H1106TS278_3       278     PEZYFoldings         0.784    0.822    2        A1B1     C1        2        0.00     87       1        72.9     64.30      84.10       0.810      0.563      0.73           2          182        0.08     4.82       1.26       5758.6     2073.7     3684.9     0.857     c3:17.11; c2:19.98
171 H1106TS444_1       444     CoDock               0.780    0.885    2        A1B1     C1        2        0.00     93       0        76.1     68.80      85.20       0.837      0.748      0.76           2          182        0.03     1.68       1.07       5763.9     2210.5     3553.4     0.933     c3:16.05; c2:16.75
172 H1106TS444_4       444     CoDock               0.775    0.876    2        A1B1     C1        2        0.00     105      1        74.8     65.30      87.50       0.832      0.754      0.76           2          182        0.03     1.72       1.17       5622.0     2156.6     3465.3     0.928     c3:16.11; c2:16.80
173 H1106TS092_1       092     Agemo_mix            0.772    0.798    2        A1B1     C1        2        0.00     90       1        73.5     66.70      81.80       0.797      0.549      0.73           2          182        0.06     4.86       1.43       4571.4     1822.7     2748.7     0.854     c3:16.60; c2:13.91
174 H1106TS091_2       091     UNRES                0.772    0.889    2        A1B1     C1        2        0.00     91       0        70.7     67.70      73.90       0.786      0.704      0.69           2          182        0.03     1.71       1.28       6137.5     2054.2     4083.4     0.921     c3:16.01; c2:16.91
175 H1106TS201_3       201     UTMB                 0.770    0.811    2        A1B1     C1        2        0.00     96       1        70.9     62.60      81.80       0.811      0.557      0.69           2          182        0.07     4.81       1.28       5893.6     2422.8     3470.8     0.857     c3:21.90; c2:24.71
176 H1106TS434_3       434     Coqualia             0.769    0.803    2        A1B1     C1        2        0.00     92       1        70.4     63.10      79.50       0.806      0.542      0.72           2          182        0.08     4.88       1.47       5676.9     2136.3     3540.6     0.853     c3:19.55; c2:19.63
177 H1106TS446_3       446s    ColabFold            0.766    0.812    2        A1B1     C1        2        0.00     93       1        70.4     63.10      79.50       0.794      0.550      0.66           2          182        0.07     4.80       1.28       5747.0     2427.4     3319.7     0.857     c3:21.36; c2:23.41
178 H1106TS461_3       461     colabfold_human      0.766    0.812    2        A1B1     C1        2        0.00     93       1        70.4     63.10      79.50       0.794      0.550      0.66           2          182        0.07     4.80       1.28       5747.0     2427.4     3319.7     0.857     c3:21.36; c2:23.41
179 H1106TS434_1       434     Coqualia             0.765    0.842    2        A1B1     C1        2        0.00     99       1        71.6     62.90      83.00       0.829      0.570      0.70           2          182        0.12     4.82       1.18       5515.2     2303.4     3211.7     0.877     c3:16.48; c2:17.23
180 H1106TS239_3       239s    Yang-Multimer        0.762    0.893    2        A1B1     C1        2        0.00     96       1        72.2     66.00      79.50       0.817      0.731      0.68           2          182        0.03     1.69       1.08       5189.1     938.5      4250.6     0.926     c3:19.26; c2:17.37
181 H1106TS229_3       229s    Yang-Server          0.762    0.893    2        A1B1     C1        2        0.00     96       1        72.2     66.00      79.50       0.817      0.731      0.68           2          182        0.03     1.69       1.08       5189.1     938.5      4250.6     0.926     c3:19.26; c2:17.37
182 H1106TS434_4       434     Coqualia             0.761    0.821    2        A1B1     C1        2        0.00     86       1        72.3     64.00      83.00       0.815      0.560      0.73           2          182        0.08     4.84       1.31       4889.4     1938.1     2951.3     0.860     c3:18.82; c2:17.12
183 H1106TS444_3       444     CoDock               0.760    0.870    2        A1B1     C1        2        0.00     95       1        71.0     67.30      75.00       0.795      0.716      0.72           2          182        0.02     1.67       1.32       5428.3     2125.8     3302.5     0.929     c3:14.28; c2:15.91
184 H1106TS385_1       385     FoldEver-Hybrid      0.747    0.888    2        A1B1     C1        2        0.00     108      2        71.8     62.00      85.20       0.819      0.723      0.68           2          182        0.03     1.94       1.28       2667.4     1011.2     1656.3     0.900     c3:14.99; c2:15.04
185 H1106TS245_1       245s    FoldEver             0.747    0.888    2        A1B1     C1        2        0.00     108      2        71.8     62.00      85.20       0.819      0.723      0.68           2          182        0.03     1.94       1.28       2667.4     1011.2     1656.3     0.900     c3:14.99; c2:15.04
186 H1106TS446_2       446s    ColabFold            0.743    0.806    2        A1B1     C1        2        0.00     99       0        68.9     60.20      80.70       0.786      0.558      0.67           2          182        0.07     4.75       1.34       5602.3     2330.9     3271.4     0.856     c3:26.72; c2:23.02
187 H1106TS461_2       461     colabfold_human      0.743    0.806    2        A1B1     C1        2        0.00     99       0        68.9     60.20      80.70       0.786      0.558      0.67           2          182        0.07     4.75       1.34       5602.3     2330.9     3271.4     0.856     c3:26.72; c2:23.02
188 H1106TS477_1       477     DMP                  0.742    0.802    2        A1B1     C1        2        0.00     100      1        68.9     60.20      80.70       0.808      0.551      0.69           2          182        0.08     4.82       1.42       -81.0      250.4      -331.4     0.854     c3:11.23; c2:10.00
189 H1106TS201_2       201     UTMB                 0.741    0.803    2        A1B1     C1        2        0.00     96       1        69.2     60.00      81.80       0.803      0.561      0.66           2          182        0.08     4.75       1.36       5559.0     2358.2     3200.8     0.856     c3:22.46; c2:21.04
190 H1106TS434_2       434     Coqualia             0.741    0.807    2        A1B1     C1        2        0.00     96       1        70.1     60.20      84.10       0.807      0.561      0.71           2          182        0.08     4.87       1.41       5190.9     2068.7     3122.2     0.855     c3:16.48; c2:18.64
191 H1106TS348_5       348     Takeda-Shitaka_Lab   0.738    0.816    2        A1B1     C1        2        0.00     99       1        71.8     62.70      84.10       0.815      0.566      0.72           2          182        0.09     4.84       1.33       4925.2     1980.4     2944.8     0.861     c3:15.49; c2:17.84
192 H1106TS201_4       201     UTMB                 0.738    0.805    2        A1B1     C1        2        0.00     97       1        66.3     57.50      78.40       0.808      0.540      0.67           2          182        0.08     4.84       1.43       5764.0     2342.2     3421.7     0.851     c3:16.51; c2:18.54
193 H1106TS446_5       446s    ColabFold            0.737    0.805    2        A1B1     C1        2        0.00     97       1        67.9     58.70      80.70       0.794      0.547      0.69           2          182        0.08     4.85       1.43       5738.6     2277.7     3460.9     0.851     c3:16.84; c2:18.63
194 H1106TS461_5       461     colabfold_human      0.737    0.805    2        A1B1     C1        2        0.00     97       1        67.9     58.70      80.70       0.794      0.547      0.69           2          182        0.08     4.85       1.43       5738.6     2277.7     3460.9     0.851     c3:16.84; c2:18.63
195 H1106TS291_2       291     Kozakov-Vajda        0.735    0.816    2        A1B1     C1        2        0.00     97       1        68.6     59.00      81.80       0.799      0.554      0.69           2          182        0.08     4.84       1.30       4493.2     1447.8     3045.5     0.857     c3:15.37; c2:17.20
196 H1106TS350_2       350     ClusPro              0.735    0.816    2        A1B1     C1        2        0.00     97       1        68.6     59.00      81.80       0.799      0.554      0.69           2          182        0.08     4.84       1.30       4493.2     1447.8     3045.5     0.857     c3:15.37; c2:17.20
197 H1106TS073_5       073s    DFolding-refine      0.735    0.867    2        A1B1     C1        2        0.00     97       1        68.0     60.00      78.40       0.743      0.669      0.69           2          182        0.06     2.20       1.46       5371.7     1171.3     4200.4     0.874     c3:21.57; c2:23.00
198 H1106TS239_5       239s    Yang-Multimer        0.731    0.804    2        A1B1     C1        2        0.00     98       1        71.6     62.90      83.00       0.783      0.567      0.72           2          182        0.08     4.75       1.31       5095.4     1193.2     3902.2     0.859     c3:22.60; c2:20.50
199 H1106TS229_5       229s    Yang-Server          0.731    0.804    2        A1B1     C1        2        0.00     98       1        71.6     62.90      83.00       0.783      0.567      0.72           2          182        0.08     4.75       1.31       5095.4     1193.2     3902.2     0.859     c3:22.60; c2:20.50
200 H1106TS225_1       225     ShanghaiTech         0.730    0.795    2        A1B1     C1        2        0.00     102      1        66.3     57.50      78.40       0.794      0.533      0.66           2          182        0.07     4.94       1.60       4175.6     1727.6     2448.0     0.847     c3:18.59; c2:14.22
201 H1106TS225_3       225     ShanghaiTech         0.730    0.797    2        A1B1     C1        2        0.00     99       1        68.6     59.70      80.70       0.796      0.538      0.68           2          182        0.09     4.95       1.63       4527.1     1807.9     2719.2     0.845     c3:13.90; c2:16.82
202 H1106TS423_1       423     trComplex            0.730    0.743    2        A1B1     C1        2        0.00     78       1        65.5     65.20      65.90       0.776      0.552      0.72           2          182        0.06     2.88       2.52       3889.4     1258.9     2630.5     0.867     c3:15.75; c2:17.25
203 H1106TS187_1       187     TRFold               0.730    0.743    2        A1B1     C1        2        0.00     78       1        65.5     65.20      65.90       0.776      0.552      0.72           2          182        0.06     2.88       2.52       3889.4     1258.9     2630.5     0.867     c3:15.75; c2:17.25
204 H1106TS097_1       097     Graphen_Medical      0.730    0.913    2        A1B1     C1        2        0.00     112      1        72.5     63.80      84.10       0.828      0.746      0.69           2          182        0.02     1.67       1.19       4227.6     1453.7     2773.9     0.922     c3:15.11; c2:16.13
205 H1106TS461_1       461     colabfold_human      0.729    0.800    2        A1B1     C1        2        0.00     101      0        67.9     58.70      80.70       0.787      0.555      0.67           2          182        0.08     4.76       1.52       5682.1     2281.2     3400.9     0.853     c3:16.35; c2:19.09
206 H1106TS205_3       205     Zou                  0.729    0.810    2        A1B1     C1        2        0.00     93       1        71.1     61.00      85.20       0.813      0.565      0.69           2          182        0.08     4.87       1.36       4637.1     2101.1     2536.0     0.857     c3:15.23; c2:16.86
207 H1106TS446_1       446s    ColabFold            0.729    0.800    2        A1B1     C1        2        0.00     101      0        67.9     58.70      80.70       0.787      0.555      0.67           2          182        0.08     4.76       1.52       5682.1     2281.2     3400.9     0.853     c3:16.35; c2:19.09
208 H1106TS245_5       245s    FoldEver             0.725    0.799    2        A1B1     C1        2        0.00     113      1        68.5     58.40      83.00       0.783      0.539      0.65           2          182        0.08     5.10       1.50       4466.4     2130.3     2336.1     0.846     c3:15.03; c2:15.14
209 H1106TS385_5       385     FoldEver-Hybrid      0.725    0.799    2        A1B1     C1        2        0.00     113      1        68.5     58.40      83.00       0.783      0.539      0.65           2          182        0.08     5.10       1.50       4466.4     2130.3     2336.1     0.846     c3:15.03; c2:15.14
210 H1106TS201_1       201     UTMB                 0.724    0.798    2        A1B1     C1        2        0.00     103      1        66.4     56.90      79.50       0.806      0.552      0.68           2          182        0.08     4.75       1.53       5435.3     2068.0     3367.3     0.853     c3:15.61; c2:17.48
211 H1106TS291_1       291     Kozakov-Vajda        0.724    0.813    2        A1B1     C1        2        0.00     99       1        68.5     58.40      83.00       0.802      0.559      0.67           2          182        0.07     4.84       1.34       3943.2     1374.4     2568.8     0.857     c3:15.07; c2:16.48
212 H1106TS350_1       350     ClusPro              0.724    0.813    2        A1B1     C1        2        0.00     99       1        68.5     58.40      83.00       0.802      0.559      0.67           2          182        0.07     4.84       1.34       3943.2     1374.4     2568.8     0.857     c3:15.07; c2:16.48
213 H1106TS205_2       205     Zou                  0.722    0.842    2        A1B1     C1        2        0.00     103      0        70.2     61.50      81.80       0.730      0.655      0.71           2          182        0.01     2.63       1.79       3904.3     1140.5     2763.8     0.866     c3:19.45; c2:19.69
214 H1106TS291_4       291     Kozakov-Vajda        0.718    0.799    2        A1B1     C1        2        0.00     104      1        68.6     59.00      81.80       0.790      0.552      0.69           2          182        0.07     4.86       1.41       3872.2     1378.8     2493.4     0.852     c3:15.76; c2:16.76
215 H1106TS434_5       434     Coqualia             0.718    0.814    2        A1B1     C1        2        0.00     97       1        69.5     59.80      83.00       0.810      0.562      0.64           2          182        0.09     4.85       1.34       4692.6     2078.6     2614.0     0.861     c3:20.51; c2:17.35
216 H1106TS350_4       350     ClusPro              0.718    0.799    2        A1B1     C1        2        0.00     104      1        68.6     59.00      81.80       0.790      0.552      0.69           2          182        0.07     4.86       1.41       3872.2     1378.8     2493.4     0.852     c3:15.76; c2:16.76
217 H1106TS494_1       494     Venclovas            0.717    0.796    2        A1B1     C1        2        0.00     104      1        66.7     56.80      80.70       0.800      0.554      0.67           2          182        0.09     4.74       1.59       5507.4     2293.6     3213.8     0.851     c3:15.90; c2:17.63
218 H1106TS239_1       239s    Yang-Multimer        0.714    0.798    2        A1B1     C1        2        0.00     107      1        68.6     59.70      80.70       0.783      0.557      0.71           2          182        0.07     4.74       1.50       5319.8     1142.0     4177.9     0.855     c3:18.78; c2:22.59
219 H1106TS229_1       229s    Yang-Server          0.714    0.798    2        A1B1     C1        2        0.00     107      1        68.6     59.70      80.70       0.783      0.557      0.71           2          182        0.07     4.74       1.50       5319.8     1142.0     4177.9     0.855     c3:18.78; c2:22.59
220 H1106TS439_4       439     Yang                 0.710    0.794    2        A1B1     C1        2        0.00     106      1        68.6     60.30      79.50       0.776      0.550      0.71           2          182        0.08     4.77       1.53       5144.9     1008.2     4136.7     0.853     c3:16.67; c2:19.90
221 H1106TS035_5       035s    Manifold-E           0.709    0.827    2        A1B1     C1        2        0.00     93       1        71.8     62.00      85.20       0.812      0.577      0.66           2          182        0.07     4.67       1.24       4756.8     2008.9     2747.9     0.862     c3:19.60; c2:16.41
222 H1106TS035_2       035s    Manifold-E           0.709    0.818    2        A1B1     C1        2        0.00     97       1        70.0     61.70      80.70       0.800      0.557      0.65           2          182        0.06     4.71       1.33       4980.6     2136.1     2844.5     0.858     c3:18.83; c2:17.07
223 H1106TS385_3       385     FoldEver-Hybrid      0.706    0.801    2        A1B1     C1        2        0.00     114      1        65.4     55.60      79.50       0.802      0.540      0.64           2          182        0.08     4.94       1.43       4015.3     1830.2     2185.1     0.853     c3:13.64; c2:14.71
224 H1106TS245_3       245s    FoldEver             0.706    0.801    2        A1B1     C1        2        0.00     114      1        65.4     55.60      79.50       0.802      0.540      0.64           2          182        0.08     4.94       1.43       4015.3     1830.2     2185.1     0.853     c3:13.64; c2:14.71
225 H1106TS462_3       462s    MultiFOLD            0.705    0.810    2        A1B1     C1        2        0.00     106      1        67.6     58.20      80.70       0.807      0.552      0.65           2          182        0.08     4.81       1.31       4768.3     1962.8     2805.5     0.855     c3:20.18; c2:17.26
226 H1106TS398_1       398     ChaePred             0.702    0.853    2        A1B1     C1        2        0.00     126      3        64.9     53.30      83.00       0.791      0.734      0.64           2          182        0.02     1.74       1.24       5544.3     1923.1     3621.2     0.924     c3:16.21; c2:16.60
227 H1106TS205_4       205     Zou                  0.702    0.864    2        A1B1     C1        2        0.00     95       0        68.0     59.30      79.50       0.784      0.694      0.68           2          182        0.02     2.23       1.19       4016.1     1434.8     2581.3     0.896     c3:19.37; c2:16.21
228 H1106TS245_4       245s    FoldEver             0.701    0.861    2        A1B1     C1        2        0.00     121      1        63.6     53.50      78.40       0.782      0.670      0.65           2          182        0.03     2.17       1.65       3178.8     846.0      2332.8     0.876     c3:14.43; c2:15.75
229 H1106TS385_4       385     FoldEver-Hybrid      0.701    0.861    2        A1B1     C1        2        0.00     121      1        63.6     53.50      78.40       0.782      0.670      0.65           2          182        0.03     2.17       1.65       3178.8     846.0      2332.8     0.876     c3:14.43; c2:15.75
230 H1106TS462_1       462s    MultiFOLD            0.700    0.812    2        A1B1     C1        2        0.00     105      1        66.4     55.80      81.80       0.813      0.557      0.62           2          182        0.07     4.82       1.29       4870.2     1939.1     2931.1     0.856     c3:19.88; c2:18.26
231 H1106TS462_4       462s    MultiFOLD            0.699    0.808    2        A1B1     C1        2        0.00     103      1        67.3     57.10      81.80       0.811      0.556      0.64           2          182        0.07     4.81       1.32       4834.5     1994.0     2840.4     0.855     c3:20.51; c2:17.67
232 H1106TS147_4       147     SHT                  0.699    0.833    2        A1B1     C1        2        0.00     119      0        61.5     51.50      76.10       0.736      0.547      0.57           2          182        0.08     3.94       1.32       2405.4     691.0      1714.4     0.861     c3:16.79; c2:13.82
233 H1106TS188_4       188s    GuijunLab-DeepDA     0.698    0.790    2        A1B1     C1        2        0.00     98       1        65.7     58.40      75.00       0.799      0.523      0.60           2          182        0.08     4.91       1.37       4148.2     1669.7     2478.5     0.850     c3:17.66; c2:13.83
234 H1106TS073_4       073s    DFolding-refine      0.697    0.750    2        A1B1     C1        2        0.00     98       0        65.7     59.10      73.90       0.730      0.544      0.65           2          182        0.05     3.75       1.61       4250.1     901.5      3348.7     0.846     c3:18.95; c2:21.68
235 H1106TS462_5       462s    MultiFOLD            0.695    0.811    2        A1B1     C1        2        0.00     105      1        66.1     55.40      81.80       0.809      0.556      0.63           2          182        0.07     4.83       1.29       4816.8     2031.0     2785.8     0.856     c3:18.10; c2:16.49
236 H1106TS291_3       291     Kozakov-Vajda        0.693    0.806    2        A1B1     C1        2        0.00     105      0        68.2     58.50      81.80       0.804      0.560      0.63           2          182        0.07     4.79       1.29       3695.5     1291.2     2404.3     0.859     c3:18.98; c2:15.69
237 H1106TS350_3       350     ClusPro              0.693    0.806    2        A1B1     C1        2        0.00     105      0        68.2     58.50      81.80       0.804      0.560      0.63           2          182        0.07     4.79       1.29       3695.5     1291.2     2404.3     0.859     c3:18.98; c2:15.69
238 H1106TS073_1       073s    DFolding-refine      0.689    0.844    2        A1B1     C1        2        0.00     101      0        59.4     49.60      73.90       0.755      0.557      0.61           2          182        0.07     3.82       1.45       2923.3     89.2       2834.0     0.850     c3:12.38; c2:13.57
239 H1106TS147_2       147     SHT                  0.685    0.773    2        A1B1     C1        2        0.00     118      0        61.1     51.60      75.00       0.728      0.501      0.65           2          182        0.11     4.65       1.92       2227.1     676.3      1550.8     0.837     c3:17.08; c2:14.44
240 H1106TS035_1       035s    Manifold-E           0.679    0.808    2        A1B1     C1        2        0.00     102      1        68.2     57.40      84.10       0.800      0.566      0.64           2          182        0.06     4.78       1.35       4326.5     1749.6     2576.9     0.859     c3:19.39; c2:16.15
241 H1106TS439_5       439     Yang                 0.666    0.809    2        A1B1     C1        2        0.00     111      1        67.0     55.60      84.10       0.785      0.571      0.62           2          182        0.07     4.76       1.29       4171.6     815.1      3356.5     0.859     c3:19.16; c2:16.54
242 H1106TS385_2       385     FoldEver-Hybrid      0.665    0.794    2        A1B1     C1        2        0.00     116      1        62.7     52.30      78.40       0.795      0.533      0.62           2          182        0.08     4.93       1.56       4240.8     1763.6     2477.2     0.846     c3:14.76; c2:16.63
243 H1106TS447_3       447     DELCLAB              0.665    0.793    2        A1B1     C1        2        0.00     118      1        65.2     53.70      83.00       0.789      0.559      0.66           2          182        0.08     4.88       1.34       2698.3     442.6      2255.7     0.864     c3:13.59; c2:15.13
244 H1106TS245_2       245s    FoldEver             0.665    0.794    2        A1B1     C1        2        0.00     116      1        62.7     52.30      78.40       0.795      0.533      0.62           2          182        0.08     4.93       1.56       4240.8     1763.6     2477.2     0.846     c3:14.76; c2:16.63
245 H1106TS447_2       447     DELCLAB              0.665    0.793    2        A1B1     C1        2        0.00     118      1        65.2     53.70      83.00       0.789      0.559      0.66           2          182        0.08     4.88       1.34       2698.3     442.6      2255.7     0.864     c3:13.59; c2:15.13
246 H1106TS447_4       447     DELCLAB              0.665    0.793    2        A1B1     C1        2        0.00     118      1        65.2     53.70      83.00       0.789      0.559      0.66           2          182        0.08     4.88       1.34       2698.3     442.6      2255.7     0.864     c3:13.59; c2:15.13
247 H1106TS462_2       462s    MultiFOLD            0.664    0.813    2        A1B1     C1        2        0.00     114      1        64.3     52.50      83.00       0.812      0.561      0.60           2          182        0.07     4.81       1.28       4459.1     1810.7     2648.4     0.856     c3:19.91; c2:17.19
248 H1106TS073_3       073s    DFolding-refine      0.654    0.855    2        A1B1     C1        2        0.00     96       0        60.8     51.20      75.00       0.713      0.594      0.63           2          182        0.04     3.08       1.61       2710.2     151.5      2558.7     0.835     c3:13.83; c2:13.44
249 H1106TS180_5       180     McGuffin             0.652    0.809    2        A1B1     C1        2        0.00     110      1        65.2     53.70      83.00       0.807      0.560      0.60           2          182        0.07     4.80       1.30       4320.9     1697.7     2623.2     0.856     c3:19.25; c2:16.89
250 H1106TS180_1       180     McGuffin             0.652    0.814    2        A1B1     C1        2        0.00     110      1        63.2     51.40      81.80       0.811      0.558      0.60           2          182        0.07     4.80       1.27       4325.8     1765.7     2560.0     0.858     c3:19.34; c2:17.04
251 H1106TS180_2       180     McGuffin             0.645    0.813    2        A1B1     C1        2        0.00     114      1        64.0     52.60      81.80       0.813      0.557      0.58           2          182        0.07     4.79       1.28       4221.5     1639.6     2581.9     0.857     c3:18.23; c2:15.88
252 H1106TS180_4       180     McGuffin             0.643    0.813    2        A1B1     C1        2        0.00     111      1        64.3     52.10      84.10       0.813      0.566      0.59           2          182        0.07     4.78       1.26       4255.0     1682.8     2572.1     0.857     c3:19.72; c2:17.09
253 H1106TS398_3       398     ChaePred             0.638    0.647    2        A1B1     C1        2        0.00     107      3        50.8     46.70      55.70       0.658      0.470      0.58           2          182        0.12     3.35       2.82       6660.0     2138.3     4521.7     0.815     c3:15.40; c2:16.81
254 H1106TS225_2       225     ShanghaiTech         0.638    0.801    2        A1B1     C1        2        0.00     121      1        64.0     52.60      81.80       0.809      0.554      0.56           2          182        0.06     4.84       1.42       2848.5     1324.8     1523.6     0.855     c3:14.08; c2:12.30
255 H1106TS225_5       225     ShanghaiTech         0.632    0.787    2        A1B1     C1        2        0.00     130      1        61.6     50.70      78.40       0.762      0.504      0.58           2          182        0.06     5.23       1.81       3934.8     2148.1     1786.7     0.807     c3:17.55; c2:14.13
256 H1106TS180_3       180     McGuffin             0.630    0.813    2        A1B1     C1        2        0.00     112      1        64.1     51.40      85.20       0.808      0.569      0.58           2          182        0.07     4.80       1.27       3997.4     1620.0     2377.4     0.858     c3:17.11; c2:14.70
257 H1106TS447_5       447     DELCLAB              0.628    0.787    2        A1B1     C1        2        0.00     115      1        62.7     52.70      77.30       0.793      0.557      0.62           2          182        0.08     4.74       1.22       2824.7     550.7      2274.0     0.870     c3:13.40; c2:15.13
258 H1106TS205_5       205     Zou                  0.614    0.776    2        A1B1     C1        2        0.00     107      1        59.1     47.90      77.30       0.744      0.536      0.60           2          182        0.01     4.83       1.47       3381.7     1524.0     1857.6     0.846     c3:14.85; c2:15.67
259 H1106TS073_2       073s    DFolding-refine      0.582    0.843    2        A1B1     C1        2        0.00     108      0        59.4     48.20      77.30       0.724      0.667      0.55           2          182        0.05     2.28       1.56       3194.7     269.1      2925.7     0.868     c3:14.14; c2:13.03
260 H1106TS205_1       205     Zou                  0.555    0.753    2        A1B1     C1        2        0.00     129      0        54.6     43.30      73.90       0.729      0.509      0.53           2          182        0.02     4.94       1.85       2399.2     878.9      1520.3     0.831     c3:13.71; c2:13.61
261 H1106TS147_5       147     SHT                  0.486    0.773    2        A1B1     C1        2        0.00     155      1        46.0     34.50      69.30       0.729      0.556      0.45           2          182        0.04     3.32       1.92       1738.5     395.4      1343.1     0.833     c3:14.30; c2:13.36
262 H1106TS147_1       147     SHT                  0.448    0.704    2        A1B1     C1        2        0.00     178      0        47.6     35.10      73.90       0.731      0.513      0.42           2          182        0.19     4.80       2.07       1376.8     3.0        1373.9     0.833     c3:14.07; c2:13.26
263 H1106TS147_3       147     SHT                  0.439    0.710    2        A1B1     C1        2        0.00     175      0        46.2     33.20      76.10       0.727      0.515      0.43           2          182        0.17     4.90       1.88       1409.3     341.6      1067.6     0.823     c3:14.27; c2:13.14
264 H1106TS227_3       227     GinobiFold           0.380    0.720    2        A1B1     C1        2        0.00     150      3        29.8     22.40      44.30       0.647      0.398      0.41           2          182        0.17     4.90       2.21       2579.2     766.5      1812.7     0.803     c3:13.88; c2:12.87
265 H1106TS227_5       227     GinobiFold           0.380    0.718    2        A1B1     C1        2        0.00     150      3        28.6     21.60      42.00       0.651      0.390      0.38           2          182        0.17     4.92       2.20       2631.1     817.5      1813.7     0.802     c3:13.90; c2:12.89
266 H1106TS227_1       227     GinobiFold           0.373    0.718    2        A1B1     C1        2        0.00     152      4        28.9     22.00      42.00       0.649      0.390      0.39           2          182        0.17     4.91       2.21       2545.1     773.3      1771.8     0.802     c3:13.85; c2:12.85
267 H1106TS227_2       227     GinobiFold           0.371    0.716    2        A1B1     C1        2        0.00     151      2        27.2     20.70      39.80       0.643      0.381      0.39           2          182        0.17     4.93       2.22       2492.6     738.9      1753.7     0.802     c3:13.77; c2:12.84
268 H1106TS227_4       227     GinobiFold           0.370    0.721    2        A1B1     C1        2        0.00     151      4        28.2     21.30      42.00       0.652      0.392      0.40           2          182        0.17     4.89       2.18       2329.2     608.8      1720.4     0.804     c3:13.71; c2:12.74
269 H1106TS312_4       312     Fernandez-Recio      0.294    0.300    2        A1B1     C1        2        0.00     58       0        18.3     24.10      14.80       0.670      0.130      0.39           1          111        0.00     1.61       8.85       2691.7     997.0      1694.6     0.683     c3:12.55; c2:12.54
270 H1106TS098_4       098s    GuijunLab-Assembly   0.173    0.173    2        A1B1     C1        2        0.00     166      7        9.9      7.40       14.80       0.496      0.082      0.43           1          111        0.00     1.64       11.68      6301.2     1880.0     4421.2     0.614     c3:16.28; c2:17.65
271 H1106TS067_2       067     ESM-single-sequence  0.126    0.134    2        A1B1     C1        2        0.00     35       0        3.1      4.70       2.30        0.628      0.078      0.33           1          111        0.00     1.35       7.97       5889.0     2228.0     3661.1     0.639     c3:12.47; c2:13.05
272 H1106TS312_1       312     Fernandez-Recio      0.089    0.090    2        A1B1     C1        2        0.00     42       0        1.6      2.40       1.10        0.652      0.099      0.36           1          111        0.00     1.49       7.60       4198.4     1371.5     2827.0     0.630     c3:17.01; c2:14.45
273 H1106TS312_3       312     Fernandez-Recio      0.086    0.088    2        A1B1     C1        2        0.00     34       0        1.6      2.90       1.10        0.652      0.111      0.28           1          111        0.00     1.69       6.59       4404.0     1466.2     2937.8     0.622     c3:16.17; c2:14.44
274 H1106TS398_5       398     ChaePred             0.078    0.088    2        A1B1     C1        2        0.00     103      5        2.9      2.60       3.40        0.595      0.042      0.50           1          111        0.00     1.34       14.15      6304.2     2011.4     4292.8     0.614     c3:15.64; c2:18.35
275 H1106TS312_5       312     Fernandez-Recio      0.060    0.063    2        A1B1     C1        2        0.00     27       0        1.6      2.80       1.10        0.653      0.115      0.32           1          111        0.00     1.68       6.82       4359.5     1373.2     2986.3     0.624     c3:16.46; c2:14.46
276 H1106TS234_2       234     Panlab               0.054    0.055    2        A1B1     C1        2        0.00     128      7        3.7      3.10       4.50        0.289      0.054      0.24           1          111        0.00     7.77       15.61      633.6      -1257.0    1890.6     0.345     c3:11.40; c2:12.28
277 H1106TS234_5       234     Panlab               0.051    0.065    2        A1B1     C1        2        0.00     259      29       3.8      2.50       8.00        0.243      0.066      0.33           1          111        0.00     7.77       14.68      -407.6     -1560.5    1153.0     0.352     c3:11.18; c2:11.52
278 H1106TS398_4       398     ChaePred             0.050    0.052    2        A1B1     C1        2        0.00     97       2        1.1      1.10       1.10        0.610      0.028      0.49           1          111        0.00     1.34       17.19      6467.0     1923.5     4543.5     0.600     c3:18.03; c2:19.21
279 H1106TS398_2       398     ChaePred             0.042    0.046    2        A1B1     C1        2        0.00     117      4        2.8      2.40       3.40        0.580      0.037      0.50           1          111        0.00     1.34       16.43      5852.3     1621.4     4230.9     0.604     c3:16.47; c2:19.91
280 H1106TS312_2       312     Fernandez-Recio      0.037    0.037    2        A1B1     C1        2        0.00     37       0        3.2      5.60       2.30        0.641      0.037      0.36           1          111        0.00     1.68       16.17      4138.6     1444.2     2694.4     0.587     c3:14.59; c2:16.41
281 H1106TS067_1       067     ESM-single-sequence  0.032    0.040    2        A1B1     C1        2        0.00     61       0        1.3      1.60       1.10        0.595      0.048      0.35           1          111        0.00     1.36       13.96      5143.0     2015.5     3127.5     0.618     c3:9.53; c2:9.89
282 H1106TS315_5       315s    Cerebra              0.021    0.033    2        A1B1     C1        2        0.00     168      0        0.8      0.60       1.10        0.334      0.031      0.26           1          111        0.00     3.45       13.95      447.1      -685.1     1132.2     0.482     c3:10.32; c2:11.75
283 H1106TS234_1       234     Panlab               0.020    0.020    2        A1B1     C1        2        0.00     58       3        1.4      1.80       1.10        0.343      0.038      0.16           1          111        0.00     7.77       16.74      1127.5     -1162.7    2290.2     0.339     c3:11.51; c2:12.52
284 H1106TS447_1       447     DELCLAB              0.019    0.033    2        A1B1     C1        2        0.00     109      0        0.0      0.00       0.00        0.556      0.025      0.24           1          111        0.00     1.48       15.88      2389.2     -566.5     2955.8     0.584     c3:11.67; c2:13.77
285 H1106TS234_4       234     Panlab               0.019    0.019    2        A1B1     C1        2        0.00     92       6        1.1      1.00       1.10        0.320      0.039      0.20           1          111        0.00     7.77       16.42      859.1      -1238.6    2097.6     0.337     c3:11.73; c2:12.82
286 H1106TS315_2       315s    Cerebra              0.012    0.017    2        A1B1     C1        2        0.00     165      0        0.0      0.00       0.00        0.355      0.032      0.25           1          111        0.00     3.07       11.75      -201.3     -917.9     716.6      0.508     c3:11.36; c2:12.93
287 H1106TS234_3       234     Panlab               0.010    0.010    2        A1B1     C1        2        0.00     40       1        1.6      2.40       1.10        0.356      0.039      0.15           1          111        0.00     7.77       16.94      1236.3     -1111.9    2348.1     0.341     c3:11.81; c2:12.91
288 H1106TS315_3       315s    Cerebra              0.009    0.009    2        A1B1     C1        2        0.00     63       0        0.0      0.00       0.00        0.369      0.034      0.25           1          111        0.00     3.33       12.72      2187.0     -329.1     2516.0     0.494     c3:10.24; c2:13.04
289 H1106TS315_1       315s    Cerebra              0.008    0.008    2        A1B1     C1        2        0.00     66       0        0.0      0.00       0.00        0.369      0.034      0.27           1          111        0.00     3.32       12.74      2133.5     -318.8     2452.3     0.494     c3:10.27; c2:13.13
290 H1106TS315_4       315s    Cerebra              0.005    0.006    2        A1B1     C1        2        0.00     86       0        1.2      1.20       1.10        0.377      0.030      0.25           1          111        0.00     2.96       15.79      601.1      -780.6     1381.7     0.499     c3:11.20; c2:13.15
291 H1106TS098_3       098s    GuijunLab-Assembly   0.004    0.004    2        A1B1     C1        2        0.00     119      6        0.0      0.00       0.00        0.525      0.020      0.37           1          111        0.00     1.60       14.87      6892.9     2210.8     4682.1     0.585     c3:17.10; c2:14.40
292 H1106TS333_5       333s    FALCON0              0.003    0.003    2        A1B1     C1        2        0.00     9        0        0.0      0.00       0.00        0.276      0.006      0.01           1          36         0.00     9.63       30.21      4996.8     1260.2     3736.6     0.194     c3:11.67; c2:11.35
293 H1106TS368_5       368s    FALCON2              0.003    0.003    2        A1B1     C1        2        0.00     9        0        0.0      0.00       0.00        0.276      0.006      0.01           1          36         0.00     9.63       30.21      4996.8     1260.2     3736.6     0.194     c3:11.67; c2:11.35
294 H1106TS370_4       370s    wuqi                 0.000    0.000    2        A1B1     C1        2        0.00     11       0        0.0      0.00       0.00        0.583      0.013      0.01           1          111        0.00     1.41       21.56      4957.2     1740.5     3216.7     0.585     c3:10.55; c2:10.18
295 H1106TS370_2       370s    wuqi                 0.000    0.000    2        A1B1     C1        2        0.00     10       0        0.0      0.00       0.00        0.587      0.012      0.01           1          111        0.00     1.31       22.59      4464.0     1293.7     3170.3     0.587     c3:10.00; c2:10.36
296 H1106TS333_3       333s    FALCON0              0.000    0.000    2        A1B1     C1        2        0.00     0        0        -        -          -           0.291      0.007      -              1          43         0.00     9.66       -          7467.7     2455.9     5011.8     0.172     c3:15.36; c2:15.54
297 H1106TS368_2       368s    FALCON2              0.000    0.000    2        A1B1     C1        2        0.00     0        0        -        -          -           0.413      0.028      -              1          111        0.00     3.18       -          5755.8     2125.8     3630.0     0.505     c3:9.51; c2:11.57
298 H1106TS368_3       368s    FALCON2              0.000    0.000    2        A1B1     C1        2        0.00     0        0        -        -          -           0.291      0.007      -              1          43         0.00     9.66       -          7467.7     2455.9     5011.8     0.172     c3:15.36; c2:15.54
299 H1106TS125_2       125s    UltraFold_Server     0.000    0.000    2        A1B1     C1        2        0.00     34       0        0.0      0.00       0.00        0.633      0.021      0.37           1          111        0.00     1.33       14.76      8558.9     2877.6     5681.3     0.594     c3:21.17; c2:19.72
300 H1106TS333_2       333s    FALCON0              0.000    0.000    2        A1B1     C1        2        0.00     0        0        -        -          -           0.413      0.028      -              1          111        0.00     3.18       -          5755.8     2125.8     3630.0     0.505     c3:9.51; c2:11.57
301 H1106TS370_1       370s    wuqi                 0.000    0.000    2        A1B1     C1        2        0.00     9        0        0.0      0.00       0.00        0.590      0.013      0.01           1          111        0.00     1.00       22.42      4538.8     1320.5     3218.3     0.147     c3:11.52; c2:9.98
302 H1106TS125_5       125s    UltraFold_Server     0.000    0.000    2        A1B1     C1        2        0.00     34       0        0.0      0.00       0.00        0.632      0.021      0.37           1          111        0.00     1.33       14.76      1871.9     436.9      1435.0     0.593     c3:12.98; c2:12.72
303 H1106TS370_3       370s    wuqi                 0.000    0.000    2        A1B1     C1        2        0.00     13       0        0.0      0.00       0.00        0.579      0.012      0.02           1          111        0.00     1.10       22.52      4343.7     1444.9     2898.8     0.590     c3:10.17; c2:10.06
304 H1106TS370_5       370s    wuqi                 0.000    0.000    2        A1B1     C1        2        0.00     11       0        0.0      0.00       0.00        0.591      0.012      0.01           1          111        0.00     1.08       22.31      4369.0     1473.5     2895.4     0.591     c3:11.53; c2:11.05
305 H1106TS333_4       333s    FALCON0              -        -        2        A1B1     C1        2        0.00     69       3        0.0      0.00       0.00        -          -          0.16           1          65         0.00     9.83       16.72      -1752.0    -3469.7    1649.2     0.234     c3:10.01; c2:9.97
306 H1106TS368_4       368s    FALCON2              -        -        2        A1B1     C1        2        0.00     69       3        0.0      0.00       0.00        -          -          0.16           1          65         0.00     9.83       16.72      -1752.0    -3469.7    1649.2     0.234     c3:10.01; c2:9.97
307 H1106TS333_1       333s    FALCON0              -        -        2        A1B1     C1        2        0.00     69       3        0.0      0.00       0.00        -          -          0.16           1          65         0.00     9.83       16.72      -1752.0    -3469.7    1649.2     0.234     c3:10.01; c2:9.97
308 H1106TS368_1       368s    FALCON2              -        -        2        A1B1     C1        2        0.00     69       3        0.0      0.00       0.00        -          -          0.16           1          65         0.00     9.83       16.72      -1752.0    -3469.7    1649.2     0.234     c3:10.01; c2:9.97