    Model              Gr.Code Group                QSglob   QSbest   Mol.Size Stoich.  Symm.     SymmSize SymmRMSD No.Conts No.Clash F1       Prec.Iface Recal.Iface lDDToligo  DockQ_Avg  Jaccard.Coeff. Align.Size Align.Len  Orient   LocalRMSD  Iface.RMSD SA.total   SA.polar  SA.apolar  TMscore    SymmGr.RMSD
1   H1111TS239_2       239s    Yang-Multimer        0.706    0.832    27       A9B9C9   C9        27       0.06     2846     9        60.9     56.60      70.36       0.755      0.712      0.62           9          729        0.01     2.00       0.64       -1615.4    5049.1     -6664.4    0.984     c9:0.05; c3:0.03; c2:19.10
2   H1111TS239_3       239s    Yang-Multimer        0.691    0.820    27       A9B9C9   C9        27       0.06     2573     29       58.9     56.69      66.79       0.749      0.697      0.61           9          729        0.00     1.98       0.65       -4658.8    -450.5     -4208.3    0.983     c9:0.05; c3:0.03; c2:19.15
3   H1111TS239_1       239s    Yang-Multimer        0.683    0.817    27       A9B9C9   C9        27       0.06     2856     18       58.2     54.63      67.89       0.733      0.691      0.60           9          729        0.00     2.04       0.69       -7133.4    1269.4     -8402.8    0.982     c9:0.05; c3:0.03; c2:19.12
4   H1111TS434_2       434     Coqualia             0.647    0.813    27       A9B9C9   C9        27       0.09     3059     9        59.9     55.29      69.28       0.743      0.664      0.62           9          729        0.01     2.24       0.68       -16586.9   -3607.0    -12979.9   0.981     c9:0.08; c3:0.06; c2:21.42
5   H1111TS225_1       225     ShanghaiTech         0.647    0.813    27       A9B9C9   C9        27       0.06     3068     9        60.0     55.43      69.32       0.760      0.664      0.62           9          729        0.01     2.24       0.67       -16547.0   -3559.3    -12987.7   0.981     c9:0.06; c3:0.04; c2:23.97
6   H1111TS239_5       239s    Yang-Multimer        0.574    0.812    27       A9B9C9   C9        27       0.05     3071     27       53.4     51.40      63.77       0.724      0.683      0.55           9          729        0.02     2.11       0.66       -3312.1    1990.2     -5302.3    0.973     c9:0.05; c3:0.03; c2:20.09
7   H1111TS461_1       461     colabfold_human      0.531    0.713    27       A9B9C9   C3        27       0.03     3075     108      59.4     56.70      66.54       0.743      0.553      0.62           1          81         0.00     0.63       0.51       43983.8    15955.3    28028.4    0.949     c9:12.12; c3:0.02; c2:24.28
8   H1111TS439_4       439     Yang                 0.500    0.832    27       A9B9C9   C1        27       0.00     4121     10       49.5     39.25      70.36       0.754      0.712      0.47           9          729        0.01     2.00       0.64       76627.0    30282.2    46344.7    0.984     c9:6.52; c3:6.52; c2:15.69
9   H1111TS439_5       439     Yang                 0.499    0.832    27       A9B9C9   C9        27       4.97     4126     10       49.5     39.21      70.36       0.754      0.712      0.47           9          729        0.01     2.00       0.64       76763.0    30358.7    46404.3    0.984     c9:4.65; c3:4.65; c2:15.27
10  H1111TS439_3       439     Yang                 0.484    0.818    27       A9B9C9   C9        27       4.86     4214     18       47.4     37.63      67.89       0.733      0.691      0.46           9          729        0.01     2.04       0.69       68805.0    25458.3    43346.7    0.982     c9:4.74; c3:4.74; c2:17.91
11  H1111TS439_2       439     Yang                 0.483    0.817    27       A9B9C9   C1        27       0.00     4226     18       47.4     37.65      67.89       0.733      0.691      0.46           9          729        0.02     2.04       0.69       68496.0    25254.4    43241.6    0.982     c9:5.28; c3:5.28; c2:15.41
12  H1111TS439_1       439     Yang                 0.483    0.817    27       A9B9C9   C1        27       0.00     4225     20       47.4     37.66      67.89       0.733      0.691      0.46           9          729        0.02     2.04       0.69       68469.0    25193.7    43275.3    0.982     c9:7.14; c3:7.14; c2:16.44
13  H1111TS239_4       239s    Yang-Multimer        0.476    0.805    27       A9B9C9   C9        27       0.06     4168     108      53.8     50.12      66.10       0.705      0.685      0.55           9          729        0.01     2.10       0.67       -10924.5   -1280.8    -9643.6    0.974     c9:0.05; c3:0.02; c2:29.01
14  H1111TS225_2       225     ShanghaiTech         0.472    0.797    27       A9B9C9   C9        27       0.06     3530     9        49.4     50.46      57.60       0.732      0.642      0.48           9          729        0.01     2.24       0.64       -9770.2    -1999.1    -7771.1    0.959     c9:0.06; c3:0.04; c2:24.68
15  H1111TS434_1       434     Coqualia             0.471    0.797    27       A9B9C9   C9        27       0.12     3545     10       49.2     50.34      57.60       0.729      0.642      0.48           9          729        0.01     2.24       0.64       -9974.1    -2197.5    -7776.6    0.959     c9:0.11; c3:0.09; c2:34.07
16  H1111TS288_3       288s    DFolding-server      0.455    0.788    27       A9B9C9   C9        27       0.05     4377     143      54.6     49.97      67.53       0.714      0.650      0.57           9          729        0.01     2.43       0.65       2446.2     3919.0     -1472.9    0.977     c9:0.05; c3:0.03; c2:20.26
17  H1111TS288_2       288s    DFolding-server      0.445    0.799    27       A9B9C9   C9        27       0.05     4859     230      55.8     50.17      70.49       0.671      0.668      0.59           9          729        0.01     2.54       0.66       4814.4     6874.3     -2059.9    0.978     c9:0.05; c3:0.03; c2:20.24
18  H1111TS147_1       147     SHT                  0.437    0.721    27       A9B9C9   C9        27       1.34     6264     218      43.1     32.00      73.79       0.667      0.667      0.43           27         4005       0.08     6.98       0.68       122722.0   39161.2    83560.5    0.879     c9:1.27; c3:1.25; c2:17.62
19  H1111TS185_4       185     BAKER                0.426    0.516    27       A9B9C9   C9        27       0.00     2016     0        45.3     45.29      46.39       0.691      0.276      0.47           1          81         0.00     0.83       0.81       56038.6    29058.5    26980.1    0.709     c9:0.00; c3:0.00; c2:14.77
20  H1111TS185_2       185     BAKER                0.426    0.546    27       A9B9C9   C9        27       0.00     2052     0        44.0     40.34      49.65       0.698      0.303      0.45           1          81         0.00     0.81       0.78       46212.7    20856.4    25356.3    0.426     c9:0.00; c3:0.00; c2:19.23
21  H1111TS147_3       147     SHT                  0.423    0.709    27       A9B9C9   C9        27       1.37     6385     191      43.4     32.54      74.40       0.671      0.667      0.42           16         2530       0.05     6.06       0.68       114716.0   34960.2    79756.0    0.871     c9:1.31; c3:1.29; c2:17.68
22  H1111TS147_2       147     SHT                  0.423    0.709    27       A9B9C9   C9        27       1.37     6376     191      43.4     32.54      74.40       0.671      0.667      0.42           27         4005       0.08     7.24       0.68       114405.0   35108.0    79297.5    0.871     c9:1.31; c3:1.29; c2:17.67
23  H1111TS288_4       288s    DFolding-server      0.417    0.797    27       A9B9C9   C9        27       0.06     4792     186      56.7     53.03      67.28       0.692      0.659      0.58           9          729        0.02     2.28       0.67       554.9      2909.9     -2355.1    0.979     c9:0.05; c3:0.03; c2:20.51
24  H1111TS288_1       288s    DFolding-server      0.415    0.789    27       A9B9C9   C9        27       0.06     4996     198      55.3     51.76      66.50       0.670      0.652      0.58           9          729        0.01     2.43       0.67       -682.4     1742.5     -2424.9    0.978     c9:0.05; c3:0.03; c2:20.41
25  H1111TS288_5       288s    DFolding-server      0.413    0.801    27       A9B9C9   C9        27       0.05     5275     207      56.3     51.54      69.05       0.682      0.665      0.59           9          729        0.01     2.49       0.66       37.5       3282.2     -3244.7    0.979     c9:0.05; c3:0.03; c2:20.33
26  H1111TS374_1       374     Zheng                0.408    0.821    27       A9B9C9   C9        27       1.10     6501     71       47.9     34.46      84.46       0.797      0.745      0.43           9          729        0.05     3.34       0.49       118080.0   37059.2    81021.3    0.982     c9:0.93; c3:0.92; c2:15.92
27  H1111TS165_1       165     FTBiot0119           0.403    0.787    27       A9B9C9   C9        27       3.77     6153     316      50.2     38.37      78.56       0.689      0.670      0.50           9          729        0.15     2.37       0.51       172305.0   49266.6    123039.0   0.979     c9:3.48; c3:2.91; c2:18.52
28  H1111TS054_1       054     UltraFold            0.402    0.513    27       A9B9C9   C9        27       0.00     2097     27       29.7     24.20      40.06       0.683      0.411      0.31           1          81         0.00     0.63       0.70       281638.0   100533.0   181104.0   0.170     c9:0.00; c3:0.00; c2:24.11
29  H1111TS399_1       399     BeijingAIProtein     0.402    0.513    27       A9B9C9   C9        27       0.00     2097     27       29.7     24.20      40.06       0.683      0.411      0.31           1          81         0.00     0.63       0.70       281638.0   100533.0   181104.0   0.170     c9:0.00; c3:0.00; c2:24.11
30  H1111TS125_1       125s    UltraFold_Server     0.402    0.513    27       A9B9C9   C9        27       0.00     2097     27       29.7     24.20      40.06       0.683      0.411      0.31           1          81         0.00     0.63       0.70       281638.0   100533.0   181104.0   0.170     c9:0.00; c3:0.00; c2:24.11
31  H1111TS374_4       374     Zheng                0.396    0.796    27       A9B9C9   C9        27       1.11     6869     100      46.5     33.39      83.77       0.790      0.730      0.42           9          729        0.09     3.80       0.50       112941.0   35647.7    77292.8    0.978     c9:0.94; c3:0.92; c2:17.07
32  H1111TS185_5       185     BAKER                0.370    0.547    27       A9B9C9   C9        27       0.00     3168     0        45.4     42.35      49.77       0.697      0.340      0.48           1          81         0.00     0.91       0.76       23659.7    10951.0    12708.7    0.833     c9:0.00; c3:0.00; c2:20.67
33  H1111TS185_3       185     BAKER                0.369    0.492    27       A9B9C9   C9        27       0.00     2232     0        43.3     42.35      44.87       0.690      0.272      0.45           1          81         0.00     1.14       0.70       49858.5    23846.3    26012.2    0.757     c9:0.00; c3:0.00; c2:22.38
34  H1111TS494_4       494     Venclovas            0.363    0.761    27       A9B9C9   C9        27       3.83     4550     30       40.7     32.58      57.52       0.724      0.596      0.40           9          729        0.01     3.37       0.69       168555.0   70132.6    98422.6    0.951     c9:3.58; c3:3.02; c2:20.20
35  H1111TS119_5       119     Kiharalab            0.362    0.714    27       A9B9C9   C9        27       3.12     4818     12       40.2     31.87      58.77       0.713      0.608      0.40           9          729        0.03     2.29       0.71       134915.0   54132.9    80781.6    0.974     c9:2.45; c3:2.17; c2:16.54
36  H1111TS119_3       119     Kiharalab            0.362    0.712    27       A9B9C9   C9        27       3.05     4812     12       40.4     32.25      58.95       0.712      0.609      0.39           9          729        0.03     2.30       0.73       134897.0   54472.6    80424.6    0.974     c9:2.40; c3:2.13; c2:16.99
37  H1111TS119_4       119     Kiharalab            0.362    0.712    27       A9B9C9   C9        27       3.30     4801     10       40.1     31.86      58.68       0.712      0.609      0.39           9          729        0.03     2.29       0.73       134363.0   54032.9    80330.5    0.975     c9:2.62; c3:2.35; c2:16.59
38  H1111TS119_2       119     Kiharalab            0.361    0.714    27       A9B9C9   C9        27       3.09     4817     10       40.1     31.93      58.68       0.715      0.608      0.39           9          729        0.03     2.29       0.73       134147.0   53869.5    80277.8    0.975     c9:2.43; c3:2.16; c2:12.80
39  H1111TS494_3       494     Venclovas            0.360    0.761    27       A9B9C9   C9        27       2.06     4564     29       40.6     32.54      57.51       0.724      0.592      0.40           9          729        0.01     3.37       0.69       163733.0   66125.4    97607.4    0.951     c9:1.91; c3:1.86; c2:16.96
40  H1111TS494_1       494     Venclovas            0.359    0.778    27       A9B9C9   C1        27       0.00     5418     46       45.1     35.09      68.88       0.725      0.618      0.42           9          729        0.00     2.27       0.68       149145.0   57308.6    91836.2    0.978     c9:41.09; c3:39.61; c2:19.00
41  H1111TS278_2       278     PEZYFoldings         0.359    0.765    27       A9B9C9   C9        27       0.13     5831     18       41.2     31.36      65.89       0.730      0.622      0.39           9          729        0.03     2.47       0.77       146631.0   53674.8    92956.4    0.973     c9:0.12; c3:0.11; c2:19.16
42  H1111TS374_2       374     Zheng                0.358    0.755    27       A9B9C9   C9        27       1.49     5281     39       40.4     31.22      61.20       0.725      0.639      0.40           9          729        0.09     2.44       0.67       144793.0   52772.4    92020.4    0.966     c9:1.35; c3:1.33; c2:19.59
43  H1111TS494_2       494     Venclovas            0.356    0.778    27       A9B9C9   C1        27       0.00     5434     45       45.0     35.05      68.88       0.725      0.620      0.42           9          729        0.00     2.27       0.68       144192.0   53235.0    90956.9    0.978     c9:40.12; c3:38.63; c2:19.34
44  H1111TS119_1       119     Kiharalab            0.353    0.713    27       A9B9C9   C9        27       2.42     4927     15       40.5     32.03      60.33       0.730      0.618      0.40           9          729        0.03     2.29       0.71       131595.0   53793.2    77801.4    0.975     c9:1.81; c3:1.79; c2:16.79
45  H1111TS374_5       374     Zheng                0.348    0.733    27       A9B9C9   C9        27       1.50     5475     45       39.0     29.71      60.72       0.720      0.629      0.39           9          729        0.14     2.48       0.67       140353.0   51918.3    88434.4    0.965     c9:1.35; c3:1.33; c2:18.19
46  H1111TS278_5       278     PEZYFoldings         0.342    0.763    27       A9B9C9   C9        27       0.21     6024     20       40.2     31.10      63.98       0.644      0.610      0.38           9          729        0.06     2.49       0.83       142171.0   54858.8    87312.2    0.973     c9:0.19; c3:0.19; c2:18.35
47  H1111TS278_3       278     PEZYFoldings         0.342    0.763    27       A9B9C9   C9        27       0.21     6024     20       40.2     31.10      63.98       0.644      0.610      0.38           9          729        0.06     2.49       0.83       142171.0   54858.8    87312.2    0.973     c9:0.19; c3:0.19; c2:18.35
48  H1111TS278_4       278     PEZYFoldings         0.342    0.763    27       A9B9C9   C9        27       0.21     6024     20       40.2     31.10      63.98       0.644      0.610      0.38           9          729        0.06     2.49       0.83       142171.0   54858.8    87312.2    0.973     c9:0.19; c3:0.19; c2:18.35
49  H1111TS185_1       185     BAKER                0.332    0.463    27       A9B9C9   C9        27       0.00     2970     9        42.7     39.39      48.48       0.707      0.285      0.44           1          81         0.00     0.71       0.68       18508.2    11095.3    7412.9     0.708     c9:0.00; c3:0.00; c2:21.10
50  H1111TS374_3       374     Zheng                0.332    0.764    27       A9B9C9   C9        27       1.49     5422     76       41.6     33.28      59.64       0.717      0.634      0.41           9          729        0.06     2.14       0.67       152111.0   57868.8    94242.2    0.969     c9:1.35; c3:1.33; c2:16.57
51  H1111TS150_4       150     Grudinin             0.320    0.499    27       A9B9C9   C9        27       0.00     3043     63       29.9     24.33      40.50       0.679      0.414      0.32           1          81         0.00     0.63       0.70       256641.0   91657.9    164984.0   0.194     c9:0.00; c3:0.00; c2:20.20
52  H1111TS180_1       180     McGuffin             0.318    0.800    27       A9B9C9   C1        27       0.00     6945     184      42.9     32.79      71.05       0.702      0.643      0.40           9          729        0.00     2.26       0.71       140573.0   53521.4    87051.2    0.694     c9:5.49; c3:1.70; c2:17.16
53  H1111TS003_2       003     MULTICOM_human       0.314    0.684    27       A9B9C9   C3        27       1.95     4629     93       36.9     38.22      44.58       0.721      0.491      0.37           1          81         0.00     0.65       0.74       186674.0   63181.6    123492.0   0.934     c9:10.41; c3:1.58; c2:20.05
54  H1111TS003_4       003     MULTICOM_human       0.312    0.685    27       A9B9C9   C3        27       1.91     4557     105      35.5     37.14      43.71       0.717      0.491      0.36           3          243        0.12     3.58       0.76       188674.0   64508.3    124166.0   0.935     c9:10.22; c3:1.52; c2:20.27
55  H1111TS125_2       125s    UltraFold_Server     0.312    0.451    27       A9B9C9   C9        27       0.00     3128     72       29.7     24.20      40.06       0.664      0.409      0.31           1          81         0.00     0.63       0.70       259267.0   90380.1    168886.0   0.274     c9:0.00; c3:0.00; c2:18.21
56  H1111TS054_2       054     UltraFold            0.312    0.451    27       A9B9C9   C9        27       0.00     3128     72       29.7     24.20      40.06       0.664      0.409      0.31           1          81         0.00     0.63       0.70       259267.0   90380.1    168886.0   0.274     c9:0.00; c3:0.00; c2:18.21
57  H1111TS399_2       399     BeijingAIProtein     0.312    0.451    27       A9B9C9   C9        27       0.00     3128     72       29.7     24.20      40.06       0.664      0.409      0.31           1          81         0.00     0.63       0.70       259267.0   90380.1    168886.0   0.274     c9:0.00; c3:0.00; c2:18.21
58  H1111TS086_3       086s    MULTICOM_qa          0.311    0.678    27       A9B9C9   C3        27       1.65     4611     111      35.3     37.16      43.66       0.715      0.490      0.36           3          243        0.01     2.48       0.77       188555.0   63745.4    124810.0   0.940     c9:10.14; c3:1.33; c2:21.20
59  H1111TS367_5       367     MULTICOM             0.310    0.692    27       A9B9C9   C3        27       1.88     4566     100      36.8     38.23      45.01       0.722      0.502      0.37           1          81         0.00     0.67       0.77       185993.0   63000.5    122993.0   0.941     c9:10.00; c3:1.52; c2:21.79
60  H1111TS086_1       086s    MULTICOM_qa          0.308    0.661    27       A9B9C9   C3        27       1.70     4376     100      34.3     35.71      42.84       0.709      0.486      0.35           4          324        0.12     4.71       0.75       188931.0   64037.1    124894.0   0.940     c9:10.03; c3:1.38; c2:22.61
61  H1111TS003_3       003     MULTICOM_human       0.306    0.655    27       A9B9C9   C3        27       1.81     4469     108      33.8     35.83      41.63       0.708      0.479      0.35           5          405        0.16     5.49       0.75       191749.0   67230.0    124519.0   0.938     c9:10.26; c3:1.44; c2:21.24
62  H1111TS367_3       367     MULTICOM             0.305    0.671    27       A9B9C9   C3        27       1.76     4532     110      34.4     36.96      42.97       0.715      0.486      0.35           3          243        0.07     2.89       0.75       187613.0   63357.8    124255.0   0.938     c9:10.11; c3:1.41; c2:22.08
63  H1111TS086_2       086s    MULTICOM_qa          0.305    0.661    27       A9B9C9   C3        27       1.54     4499     102      34.6     35.69      43.18       0.712      0.484      0.35           5          405        0.12     5.43       0.76       187048.0   63282.6    123765.0   0.938     c9:10.11; c3:1.22; c2:20.27
64  H1111TS086_4       086s    MULTICOM_qa          0.305    0.671    27       A9B9C9   C3        27       1.76     4532     110      34.4     36.96      42.97       0.715      0.486      0.35           3          243        0.07     2.89       0.75       187613.0   63357.8    124255.0   0.938     c9:10.11; c3:1.41; c2:22.08
65  H1111TS367_1       367     MULTICOM             0.304    0.680    27       A9B9C9   C3        27       2.18     4774     112      35.2     36.67      44.14       0.718      0.486      0.36           1          81         0.00     0.62       0.74       185726.0   64479.4    121246.0   0.931     c9:10.40; c3:1.75; c2:17.90
66  H1111TS086_5       086s    MULTICOM_qa          0.304    0.680    27       A9B9C9   C3        27       2.18     4774     112      35.2     36.67      44.14       0.718      0.486      0.36           1          81         0.00     0.62       0.74       185726.0   64479.4    121246.0   0.931     c9:10.40; c3:1.75; c2:17.90
67  H1111TS003_1       003     MULTICOM_human       0.302    0.667    27       A9B9C9   C3        27       1.96     4649     111      34.6     36.87      42.44       0.713      0.483      0.36           1          81         0.00     0.62       0.71       187052.0   64263.0    122789.0   0.935     c9:10.18; c3:1.53; c2:17.69
68  H1111TS367_4       367     MULTICOM             0.301    0.678    27       A9B9C9   C3        27       1.91     4710     116      35.0     37.47      42.84       0.717      0.492      0.36           5          405        0.01     4.46       0.74       188496.0   64029.2    124467.0   0.942     c9:10.08; c3:1.52; c2:18.12
69  H1111TS367_2       367     MULTICOM             0.297    0.665    27       A9B9C9   C3        27       2.07     4753     117      33.9     35.97      42.32       0.714      0.476      0.35           1          81         0.00     0.62       0.76       186757.0   63662.9    123094.0   0.934     c9:10.29; c3:1.63; c2:19.74
70  H1111TS003_5       003     MULTICOM_human       0.294    0.674    27       A9B9C9   C3        27       1.91     4873     131      34.4     37.11      43.23       0.715      0.494      0.35           5          405        0.14     5.29       0.73       186334.0   64275.5    122059.0   0.940     c9:10.03; c3:1.51; c2:21.77
71  H1111TS397_5       397     bio3d                0.293    0.778    27       A9B9C9   C9        27       0.71     7194     228      40.4     32.22      64.84       0.713      0.642      0.39           9          729        0.01     2.12       0.66       134326.0   54286.6    80039.0    0.978     c9:0.55; c3:0.54; c2:14.83
72  H1111TS397_3       397     bio3d                0.289    0.778    27       A9B9C9   C9        27       0.71     7183     168      40.8     32.52      64.84       0.713      0.642      0.39           9          729        0.01     2.12       0.66       125062.0   49632.2    75430.0    0.978     c9:0.54; c3:0.54; c2:14.82
73  H1111TS397_2       397     bio3d                0.288    0.778    27       A9B9C9   C9        27       0.71     7171     174      40.5     32.32      64.84       0.704      0.642      0.39           9          729        0.01     2.12       0.66       122651.0   49305.1    73345.9    0.978     c9:0.54; c3:0.53; c2:14.79
74  H1111TS091_5       091     UNRES                0.285    0.778    27       A9B9C9   C1        27       0.00     7661     140      40.6     33.18      59.11       0.671      0.582      0.43           9          729        0.02     2.82       0.68       124527.0   30615.3    93912.0    0.973     c9:24.64; c3:21.26; c2:20.73
75  H1111TS091_1       091     UNRES                0.284    0.768    27       A9B9C9   C1        27       0.00     7397     53       40.0     32.72      58.39       0.663      0.577      0.42           9          729        0.02     2.72       0.69       115447.0   28026.4    87421.0    0.973     c9:14.40; c3:11.30; c2:19.98
76  H1111TS444_1       444     CoDock               0.282    0.800    27       A9B9C9   C9        27       0.52     7945     6        39.3     30.00      69.53       0.716      0.671      0.39           9          729        0.00     2.09       0.75       49775.7    11654.1    38121.6    0.981     c9:0.49; c3:0.38; c2:16.20
77  H1111TS091_4       091     UNRES                0.277    0.779    27       A9B9C9   C1        27       0.00     7855     130      40.5     32.93      59.85       0.669      0.582      0.43           9          729        0.01     2.73       0.68       117042.0   27815.1    89226.6    0.974     c9:13.94; c3:9.61; c2:18.42
78  H1111TS091_2       091     UNRES                0.274    0.778    27       A9B9C9   C1        27       0.00     7980     126      40.0     32.78      58.60       0.669      0.581      0.42           9          729        0.01     2.72       0.71       115621.0   28625.8    86995.2    0.974     c9:30.83; c3:20.13; c2:22.29
79  H1111TS091_3       091     UNRES                0.273    0.778    27       A9B9C9   C1        27       0.00     7980     134      39.9     32.63      58.72       0.673      0.582      0.42           9          729        0.01     2.71       0.70       115332.0   27620.0    87711.7    0.973     c9:14.92; c3:12.50; c2:18.26
80  H1111TS298_4       298s    MUFold               0.271    0.510    27       A9B9C9   C9        27       0.00     3528     54       28.1     23.09      39.10       0.677      0.399      0.29           1          81         0.00     0.66       0.67       226555.0   83621.7    142933.0   0.157     c9:0.00; c3:0.00; c2:27.04
81  H1111TS360_4       360     MUFold_H             0.271    0.510    27       A9B9C9   C9        27       0.00     3528     54       28.1     23.09      39.10       0.677      0.399      0.29           1          81         0.00     0.66       0.67       226555.0   83621.7    142933.0   0.157     c9:0.00; c3:0.00; c2:27.04
82  H1111TS444_3       444     CoDock               0.271    0.805    27       A9B9C9   C9        27       0.32     8199     37       40.0     30.76      71.70       0.727      0.682      0.39           9          729        0.01     2.13       0.76       43967.8    11975.4    31992.4    0.982     c9:0.30; c3:0.26; c2:16.13
83  H1111TS444_5       444     CoDock               0.269    0.809    27       A9B9C9   C9        27       0.45     8144     16       39.1     29.99      71.05       0.731      0.684      0.39           9          729        0.01     2.13       0.75       48485.9    12652.3    35833.6    0.982     c9:0.43; c3:0.30; c2:16.12
84  H1111TS360_2       360     MUFold_H             0.269    0.474    27       A9B9C9   C9        27       0.00     3690     28       28.1     23.09      39.10       0.669      0.407      0.30           1          81         0.00     0.66       0.67       216462.0   70376.4    146085.0   0.282     c9:0.00; c3:0.00; c2:25.80
85  H1111TS298_2       298s    MUFold               0.269    0.474    27       A9B9C9   C9        27       0.00     3690     28       28.1     23.09      39.10       0.669      0.407      0.30           1          81         0.00     0.66       0.67       216462.0   70376.4    146085.0   0.282     c9:0.00; c3:0.00; c2:25.80
86  H1111TS397_4       397     bio3d                0.266    0.778    27       A9B9C9   C9        27       0.71     8010     236      39.1     31.13      64.85       0.708      0.642      0.38           9          729        0.01     2.12       0.66       117279.0   46382.0    70897.5    0.978     c9:0.54; c3:0.53; c2:14.75
87  H1111TS298_3       298s    MUFold               0.262    0.423    27       A9B9C9   C9        27       0.00     3807     54       28.1     23.09      39.10       0.659      0.411      0.30           1          81         0.00     0.66       0.67       217842.0   69886.7    147956.0   0.289     c9:0.00; c3:0.00; c2:23.25
88  H1111TS360_5       360     MUFold_H             0.262    0.432    27       A9B9C9   C9        27       0.00     3825     54       28.1     23.09      39.10       0.666      0.402      0.30           1          81         0.00     0.66       0.67       220751.0   77951.7    142799.0   0.560     c9:0.00; c3:0.00; c2:19.99
89  H1111TS298_5       298s    MUFold               0.262    0.432    27       A9B9C9   C9        27       0.00     3825     54       28.1     23.09      39.10       0.666      0.402      0.30           1          81         0.00     0.66       0.67       220751.0   77951.7    142799.0   0.560     c9:0.00; c3:0.00; c2:19.99
90  H1111TS360_3       360     MUFold_H             0.262    0.423    27       A9B9C9   C9        27       0.00     3807     54       28.1     23.09      39.10       0.659      0.411      0.30           1          81         0.00     0.66       0.67       217842.0   69886.7    147956.0   0.289     c9:0.00; c3:0.00; c2:23.25
91  H1111TS397_1       397     bio3d                0.257    0.778    27       A9B9C9   C9        27       0.71     8345     260      38.1     30.38      64.84       0.712      0.642      0.38           9          729        0.01     2.12       0.66       115146.0   43950.6    71195.8    0.978     c9:0.54; c3:0.53; c2:17.92
92  H1111TS444_4       444     CoDock               0.249    0.809    27       A9B9C9   C9        27       0.36     9063     15       39.0     29.85      73.30       0.737      0.692      0.38           9          729        0.01     2.12       0.75       35717.4    13082.0    22635.4    0.696     c9:0.34; c3:0.28; c2:13.87
93  H1111TS035_3       035s    Manifold-E           0.247    0.808    27       A9B9C9   C9        27       0.07     9367     291      38.1     29.19      71.05       0.640      0.675      0.40           9          729        0.01     2.28       0.67       77405.6    21015.8    56389.9    0.983     c9:0.07; c3:0.04; c2:18.58
94  H1111TS444_2       444     CoDock               0.244    0.811    27       A9B9C9   C9        27       0.43     9331     25       38.0     29.12      72.09       0.738      0.689      0.38           9          729        0.01     2.12       0.76       32790.2    11438.4    21351.8    0.696     c9:0.40; c3:0.32; c2:20.35
95  H1111TS150_3       150     Grudinin             0.231    0.352    27       A9B9C9   C9        27       0.00     5009     216      30.4     24.78      41.01       0.622      0.417      0.37           2          120        0.10     6.09       0.70       221748.0   76378.1    145370.0   0.300     c9:0.00; c3:0.00; c2:22.95
96  H1111TS320_2       320     Elofsson             0.229    0.484    27       A9B9C9   C1        27       0.00     7039     370      34.7     27.39      51.56       0.604      0.485      0.34           7          1195       0.21     4.93       0.67       173839.0   69868.0    103971.0   0.518     c9:28.50; c3:23.92; c2:20.28
97  H1111TS320_3       320     Elofsson             0.227    0.481    27       A9B9C9   C1        27       0.00     7217     384      34.5     27.23      51.78       0.616      0.487      0.34           7          1195       0.21     4.93       0.66       171795.0   70922.5    100872.0   0.520     c9:30.32; c3:26.13; c2:34.68
98  H1111TS257_1       257     WL_team              0.223    0.731    27       A9B9C9   C9        27       0.10     9650     499      36.2     27.40      64.32       0.581      0.600      0.37           9          729        0.01     2.45       0.99       100894.0   27692.2    73202.2    0.973     c9:0.10; c3:0.07; c2:16.82
99  H1111TS399_3       399     BeijingAIProtein     0.220    0.516    27       A9B9C9   C9        27       0.00     5094     261      29.7     24.20      40.06       0.683      0.409      0.31           1          81         0.00     0.63       0.70       244185.0   89628.8    154556.0   0.260     c9:0.00; c3:0.00; c2:28.07
100 H1111TS125_3       125s    UltraFold_Server     0.220    0.516    27       A9B9C9   C9        27       0.00     5094     261      29.7     24.20      40.06       0.683      0.409      0.31           1          81         0.00     0.63       0.70       244185.0   89628.8    154556.0   0.260     c9:0.00; c3:0.00; c2:28.07
101 H1111TS054_3       054     UltraFold            0.220    0.516    27       A9B9C9   C9        27       0.00     5094     261      29.7     24.20      40.06       0.683      0.409      0.31           1          81         0.00     0.63       0.70       244185.0   89628.8    154556.0   0.260     c9:0.00; c3:0.00; c2:28.07
102 H1111TS320_4       320     Elofsson             0.219    0.484    27       A9B9C9   C1        27       0.00     7597     411      37.1     29.53      52.95       0.601      0.499      0.37           7          1195       0.21     4.88       0.70       169903.0   68190.0    101713.0   0.520     c9:28.69; c3:24.05; c2:22.65
103 H1111TS320_1       320     Elofsson             0.216    0.485    27       A9B9C9   C1        27       0.00     7811     429      37.0     29.40      52.99       0.586      0.498      0.37           7          1195       0.21     4.88       0.70       171164.0   69825.5    101338.0   0.519     c9:28.67; c3:24.02; c2:22.63
104 H1111TS320_5       320     Elofsson             0.215    0.487    27       A9B9C9   C1        27       0.00     7879     415      36.8     29.35      52.21       0.590      0.495      0.37           7          1195       0.21     4.89       0.70       169359.0   68504.1    100855.0   0.520     c9:28.73; c3:24.07; c2:22.70
105 H1111TS348_1       348     Takeda-Shitaka_Lab   0.209    0.545    27       A9B9C9   C9        27       6.53     9387     374      36.7     28.73      60.98       0.581      0.529      0.37           9          729        0.01     2.24       0.69       93702.4    29115.1    64587.3    0.677     c9:6.14; c3:5.42; c2:17.62
106 H1111TS098_2       098s    GuijunLab-Assembly   0.202    0.489    27       A9B9C9   C9        27       0.00     5480     189      28.1     23.51      38.28       0.659      0.395      0.29           1          81         0.00     0.97       0.91       180067.0   62415.5    117652.0   0.232     c9:0.00; c3:0.00; c2:18.37
107 H1111TS098_5       098s    GuijunLab-Assembly   0.202    0.489    27       A9B9C9   C9        27       0.00     5480     189      28.1     23.51      38.28       0.659      0.395      0.29           1          81         0.00     0.97       0.91       180067.0   62415.5    117652.0   0.232     c9:0.00; c3:0.00; c2:18.37
108 H1111TS188_1       188s    GuijunLab-DeepDA     0.202    0.489    27       A9B9C9   C9        27       0.00     5480     189      28.1     23.51      38.28       0.659      0.395      0.29           1          81         0.00     0.97       0.91       180067.0   62415.5    117652.0   0.232     c9:0.00; c3:0.00; c2:18.37
109 H1111TS188_5       188s    GuijunLab-DeepDA     0.198    0.486    27       A9B9C9   C9        27       0.00     5473     180      28.1     23.09      39.10       0.666      0.401      0.29           1          81         0.00     0.66       0.67       180420.0   63401.8    117018.0   0.232     c9:0.00; c3:0.00; c2:18.37
110 H1111TS360_1       360     MUFold_H             0.198    0.486    27       A9B9C9   C9        27       0.00     5473     180      28.1     23.09      39.10       0.666      0.401      0.29           1          81         0.00     0.66       0.67       180420.0   63401.8    117018.0   0.232     c9:0.00; c3:0.00; c2:18.37
111 H1111TS298_1       298s    MUFold               0.198    0.486    27       A9B9C9   C9        27       0.00     5473     180      28.1     23.09      39.10       0.666      0.401      0.29           1          81         0.00     0.66       0.67       180420.0   63401.8    117018.0   0.232     c9:0.00; c3:0.00; c2:18.37
112 H1111TS150_1       150     Grudinin             0.164    0.483    27       A9B9C9   C9        27       0.00     7453     333      30.0     24.39      40.80       0.680      0.420      0.32           1          81         0.00     0.63       0.70       196637.0   72454.5    124183.0   0.306     c9:0.00; c3:0.00; c2:18.59
113 H1111TS158_3       158s    MULTICOM_deep        0.148    0.357    27       A9B9C9   C1        27       0.00     10303    454      35.2     35.69      40.54       0.644      0.419      0.37           1          81         0.00     0.70       0.77       147766.0   49510.8    98254.7    0.740     c9:25.31; c3:22.98; c2:15.43
114 H1111TS158_5       158s    MULTICOM_deep        0.146    0.349    27       A9B9C9   C1        27       0.00     10518    440      34.5     34.34      39.71       0.641      0.403      0.36           1          81         0.00     0.73       0.87       143389.0   48000.6    95388.7    0.725     c9:27.30; c3:24.76; c2:15.72
115 H1111TS158_2       158s    MULTICOM_deep        0.146    0.336    27       A9B9C9   C1        27       0.00     10570    450      34.6     34.82      40.06       0.649      0.413      0.36           1          81         0.00     0.71       0.74       144633.0   47565.2    97068.1    0.738     c9:27.22; c3:24.63; c2:15.55
116 H1111TS158_4       158s    MULTICOM_deep        0.145    0.346    27       A9B9C9   C1        27       0.00     10498    467      35.1     35.51      40.45       0.644      0.403      0.36           2          162        0.01     1.40       0.83       143770.0   47498.2    96271.4    0.724     c9:27.36; c3:24.84; c2:15.54
117 H1111TS158_1       158s    MULTICOM_deep        0.144    0.341    27       A9B9C9   C1        27       0.00     10586    477      34.5     34.41      39.63       0.642      0.413      0.35           2          162        0.02     4.22       0.73       145816.0   47704.0    98111.6    0.723     c9:27.33; c3:24.74; c2:15.50
118 H1111TS399_4       399     BeijingAIProtein     0.141    0.512    27       A9B9C9   C9        27       0.00     8613     531      29.7     24.20      40.06       0.672      0.409      0.31           1          81         0.00     0.63       0.70       198014.0   73946.6    124067.0   0.182     c9:0.00; c3:0.00; c2:20.30
119 H1111TS125_4       125s    UltraFold_Server     0.141    0.512    27       A9B9C9   C9        27       0.00     8613     531      29.7     24.20      40.06       0.672      0.409      0.31           1          81         0.00     0.63       0.70       198014.0   73946.6    124067.0   0.182     c9:0.00; c3:0.00; c2:20.30
120 H1111TS054_5       054     UltraFold            0.141    0.516    27       A9B9C9   C9        27       0.00     8604     451      29.7     24.20      40.06       0.682      0.410      0.31           1          81         0.00     0.63       0.70       196779.0   72753.7    124025.0   0.226     c9:0.00; c3:0.00; c2:26.93
121 H1111TS054_4       054     UltraFold            0.141    0.512    27       A9B9C9   C9        27       0.00     8613     531      29.7     24.20      40.06       0.672      0.409      0.31           1          81         0.00     0.63       0.70       198014.0   73946.6    124067.0   0.182     c9:0.00; c3:0.00; c2:20.30
122 H1111TS399_5       399     BeijingAIProtein     0.141    0.516    27       A9B9C9   C9        27       0.00     8604     451      29.7     24.20      40.06       0.682      0.410      0.31           1          81         0.00     0.63       0.70       196779.0   72753.7    124025.0   0.226     c9:0.00; c3:0.00; c2:26.93
123 H1111TS125_5       125s    UltraFold_Server     0.141    0.516    27       A9B9C9   C9        27       0.00     8604     451      29.7     24.20      40.06       0.682      0.410      0.31           1          81         0.00     0.63       0.70       196779.0   72753.7    124025.0   0.226     c9:0.00; c3:0.00; c2:26.93
124 H1111TS035_1       035s    Manifold-E           0.140    0.291    27       A9B9C9   C9        27       2.87     7234     44       6.9      5.61       10.60       0.342      0.314      0.22           2          162        0.14     4.47       2.80       124146.0   19846.9    104299.0   0.828     c9:2.51; c3:2.40; c2:18.83
125 H1111TS248_2       248     Manifold             0.136    0.285    27       A9B9C9   C9        27       2.88     7167     29       6.6      5.35       10.29       0.338      0.313      0.22           2          162        0.14     4.53       2.83       122538.0   17296.8    104410.0   0.827     c9:2.51; c3:2.40; c2:18.84
126 H1111TS098_1       098s    GuijunLab-Assembly   0.136    0.331    27       A9B9C9   C9        27       0.00     9128     639      15.9     12.69      28.65       0.477      0.265      0.22           1          81         0.00     0.97       1.11       170207.0   55620.0    114587.0   0.234     c9:0.00; c3:0.00; c2:18.39
127 H1111TS098_4       098s    GuijunLab-Assembly   0.136    0.331    27       A9B9C9   C9        27       0.00     9128     639      15.9     12.69      28.65       0.477      0.265      0.22           1          81         0.00     0.97       1.11       170207.0   55620.0    114587.0   0.234     c9:0.00; c3:0.00; c2:18.39
128 H1111TS188_2       188s    GuijunLab-DeepDA     0.136    0.331    27       A9B9C9   C9        27       0.00     9128     639      15.9     12.69      28.65       0.477      0.265      0.22           1          81         0.00     0.97       1.11       170207.0   55620.0    114587.0   0.234     c9:0.00; c3:0.00; c2:18.39
129 H1111TS035_4       035s    Manifold-E           0.136    0.292    27       A9B9C9   C9        27       2.48     7520     285      8.2      6.94       12.10       0.321      0.326      0.23           1          81         0.00     3.60       2.77       133668.0   19530.7    114137.0   0.835     c9:2.28; c3:2.19; c2:18.66
130 H1111TS035_2       035s    Manifold-E           0.135    0.288    27       A9B9C9   C9        27       2.41     7780     341      7.8      6.67       11.28       0.311      0.308      0.24           2          162        0.12     4.60       2.79       135079.0   24240.9    110838.0   0.779     c9:2.16; c3:2.01; c2:18.43
131 H1111TS248_4       248     Manifold             0.135    0.281    27       A9B9C9   C9        27       2.48     7018     37       8.0      6.54       12.02       0.339      0.323      0.24           1          81         0.00     3.75       2.79       121111.0   16744.6    103554.0   0.833     c9:2.28; c3:2.19; c2:18.68
132 H1111TS248_1       248     Manifold             0.134    0.280    27       A9B9C9   C9        27       2.42     7270     77       6.9      5.77       10.34       0.340      0.302      0.24           2          162        0.06     4.73       2.86       122308.0   20739.7    100810.0   0.777     c9:2.17; c3:2.01; c2:18.45
133 H1111TS248_5       248     Manifold             0.122    0.265    27       A9B9C9   C9        27       4.41     7255     38       6.5      5.18       10.07       0.335      0.287      0.21           1          81         0.00     3.84       2.85       103895.0   6617.4     96279.4    0.778     c9:4.19; c3:4.03; c2:18.21
134 H1111TS098_3       098s    GuijunLab-Assembly   0.122    0.473    27       A9B9C9   C9        27       0.00     10587    738      29.9     24.33      40.50       0.641      0.411      0.31           1          81         0.00     0.63       0.70       181389.0   61315.1    120074.0   0.256     c9:0.00; c3:0.00; c2:18.58
135 H1111TS188_3       188s    GuijunLab-DeepDA     0.122    0.473    27       A9B9C9   C9        27       0.00     10587    738      29.9     24.33      40.50       0.641      0.411      0.31           1          81         0.00     0.63       0.70       181389.0   61315.1    120074.0   0.256     c9:0.00; c3:0.00; c2:18.58
136 H1111TS188_4       188s    GuijunLab-DeepDA     0.122    0.473    27       A9B9C9   C9        27       0.00     10587    738      29.9     24.33      40.50       0.641      0.411      0.31           1          81         0.00     0.63       0.70       181389.0   61315.1    120074.0   0.256     c9:0.00; c3:0.00; c2:18.58
137 H1111TS035_5       035s    Manifold-E           0.120    0.272    27       A9B9C9   C9        27       4.40     8113     385      6.4      5.32       9.94        0.310      0.290      0.21           1          81         0.00     3.66       2.79       122369.0   16063.4    106306.0   0.780     c9:4.18; c3:4.02; c2:18.18
138 H1111TS150_2       150     Grudinin             0.099    0.436    27       A9B9C9   C9        27       0.00     13179    972      29.9     24.33      40.50       0.602      0.411      0.32           1          81         0.00     0.63       0.70       150178.0   55490.6    94687.9    0.263     c9:0.00; c3:0.00; c2:30.78
139 H1111TS348_5       348     Takeda-Shitaka_Lab   0.083    0.795    27       A9B9C9   C9        27       0.09     30276    2348     32.9     26.13      69.57       0.674      0.665      0.35           9          729        0.01     2.36       0.67       50607.2    22641.9    27965.2    0.982     c9:0.09; c3:0.06; c2:18.34
140 H1111TS097_3       097     Graphen_Medical      0.081    0.789    3        A1B1C1   C1        3        0.00     239      0        3.9      3.17       5.25        0.079      0.692      0.04           1          81         0.00     0.75       0.78       -160843.0  -82583.8   -78258.9   0.077     c3:18.16; c2:14.38
141 H1111TS037_3       037     Wallner              0.080    0.792    3        A1B1C1   C1        3        0.00     228      2        4.1      3.40       5.29        0.082      0.698      0.04           1          81         0.00     0.69       0.82       -158455.0  -79495.0   -78960.4   0.079     c3:18.95; c2:13.28
142 H1111TS385_2       385     FoldEver-Hybrid      0.080    0.791    3        A1B1C1   C1        3        0.00     223      3        4.0      3.28       5.21        0.080      0.688      0.04           1          81         0.00     0.64       0.80       -157688.0  -78973.0   -78715.5   0.079     c3:18.81; c2:12.71
143 H1111TS390_1       390s    NBIS-AF2-multimer    0.080    0.797    3        A1B1C1   C1        3        0.00     216      1        4.3      3.64       5.47        0.082      0.709      0.05           1          81         0.00     0.63       0.74       -155369.0  -78426.1   -76943.0   0.080     c3:19.71; c2:17.33
144 H1111TS097_5       097     Graphen_Medical      0.080    0.801    3        A1B1C1   C1        3        0.00     239      2        4.7      4.05       5.60        0.082      0.706      0.05           1          81         0.00     0.67       1.14       -158368.0  -79608.0   -78760.4   0.077     c3:18.38; c2:14.95
145 H1111TS245_2       245s    FoldEver             0.080    0.791    3        A1B1C1   C1        3        0.00     223      3        4.0      3.28       5.21        0.080      0.688      0.04           1          81         0.00     0.64       0.80       -157688.0  -78973.0   -78715.5   0.079     c3:18.81; c2:12.71
146 H1111TS385_3       385     FoldEver-Hybrid      0.079    0.789    3        A1B1C1   C1        3        0.00     223      1        4.0      3.25       5.17        0.080      0.687      0.04           1          81         0.00     0.63       0.79       -157684.0  -79170.4   -78513.2   0.079     c3:19.48; c2:13.90
147 H1111TS368_5       368s    FALCON2              0.079    0.793    3        A1B1C1   C1        3        0.00     209      1        4.2      3.45       5.30        0.081      0.704      0.04           1          81         0.00     0.64       0.72       -156178.0  -78900.5   -77277.7   0.077     c3:23.90; c2:16.28
148 H1111TS385_5       385     FoldEver-Hybrid      0.079    0.789    3        A1B1C1   C1        3        0.00     273      2        3.8      3.01       5.21        0.080      0.699      0.04           1          81         0.00     0.66       0.78       -160041.0  -80643.8   -79397.1   0.077     c3:18.42; c2:14.28
149 H1111TS245_5       245s    FoldEver             0.079    0.789    3        A1B1C1   C1        3        0.00     273      2        3.8      3.01       5.21        0.080      0.699      0.04           1          81         0.00     0.66       0.78       -160041.0  -80643.8   -79397.1   0.077     c3:18.42; c2:14.28
150 H1111TS333_2       333s    FALCON0              0.079    0.795    3        A1B1C1   C1        3        0.00     222      1        4.2      3.57       5.34        0.082      0.701      0.04           1          81         0.00     0.63       0.75       -155740.0  -78558.0   -77182.1   0.078     c3:20.51; c2:18.01
151 H1111TS227_3       227     GinobiFold           0.079    0.795    3        A1B1C1   C1        3        0.00     224      1        4.2      3.52       5.38        0.081      0.699      0.04           1          81         0.00     0.65       0.75       -155731.0  -78637.7   -77093.1   0.079     c3:19.12; c2:16.25
152 H1111TS368_3       368s    FALCON2              0.079    0.794    3        A1B1C1   C1        3        0.00     230      1        4.2      3.48       5.34        0.082      0.701      0.04           1          81         0.00     0.65       0.74       -156775.0  -79119.3   -77655.4   0.077     c3:21.20; c2:15.58
153 H1111TS037_5       037     Wallner              0.079    0.795    3        A1B1C1   C1        3        0.00     242      1        4.0      3.27       5.43        0.082      0.715      0.04           1          81         0.00     0.64       0.82       -160406.0  -80170.6   -80235.5   0.079     c3:18.93; c2:13.49
154 H1111TS097_4       097     Graphen_Medical      0.079    0.796    3        A1B1C1   C1        3        0.00     230      2        3.8      3.02       5.08        0.083      0.702      0.04           1          81         0.00     0.64       0.57       -158894.0  -79693.0   -79201.0   0.093     c3:18.56; c2:16.11
155 H1111TS333_5       333s    FALCON0              0.079    0.793    3        A1B1C1   C1        3        0.00     209      1        4.2      3.45       5.30        0.081      0.704      0.04           1          81         0.00     0.64       0.72       -156178.0  -78900.5   -77277.7   0.077     c3:23.90; c2:16.28
156 H1111TS037_2       037     Wallner              0.079    0.796    3        A1B1C1   C1        3        0.00     228      1        4.5      3.89       5.42        0.082      0.705      0.05           1          81         0.00     0.62       1.10       -159256.0  -79516.0   -79739.8   0.093     c3:18.92; c2:13.27
157 H1111TS390_5       390s    NBIS-AF2-multimer    0.079    0.793    3        A1B1C1   C1        3        0.00     219      2        4.3      3.59       5.34        0.082      0.704      0.05           1          81         0.00     0.63       0.74       -155965.0  -78669.3   -77295.4   0.080     c3:21.06; c2:19.74
158 H1111TS037_4       037     Wallner              0.079    0.789    3        A1B1C1   C1        3        0.00     231      1        3.9      3.15       5.29        0.081      0.703      0.04           1          81         0.00     0.63       0.79       -159370.0  -80136.8   -79233.5   0.093     c3:18.59; c2:13.68
159 H1111TS333_3       333s    FALCON0              0.079    0.794    3        A1B1C1   C1        3        0.00     230      1        4.2      3.48       5.34        0.082      0.701      0.04           1          81         0.00     0.65       0.74       -156775.0  -79119.3   -77655.4   0.077     c3:21.20; c2:15.58
160 H1111TS390_4       390s    NBIS-AF2-multimer    0.079    0.792    3        A1B1C1   C1        3        0.00     217      1        4.3      3.57       5.38        0.082      0.708      0.04           1          81         0.00     0.63       0.74       -155678.0  -78661.9   -77016.5   0.080     c3:19.81; c2:17.55
161 H1111TS368_2       368s    FALCON2              0.079    0.795    3        A1B1C1   C1        3        0.00     222      1        4.2      3.57       5.34        0.082      0.701      0.04           1          81         0.00     0.63       0.75       -155740.0  -78558.0   -77182.1   0.078     c3:20.51; c2:18.01
162 H1111TS037_1       037     Wallner              0.079    0.793    3        A1B1C1   C1        3        0.00     237      2        3.9      3.15       5.25        0.081      0.707      0.04           1          81         0.00     0.65       0.81       -158759.0  -79507.8   -79250.8   0.093     c3:18.85; c2:14.26
163 H1111TS245_3       245s    FoldEver             0.079    0.789    3        A1B1C1   C1        3        0.00     223      1        4.0      3.25       5.17        0.080      0.687      0.04           1          81         0.00     0.63       0.79       -157684.0  -79170.4   -78513.2   0.079     c3:19.48; c2:13.90
164 H1111TS227_2       227     GinobiFold           0.078    0.792    3        A1B1C1   C1        3        0.00     223      1        3.9      3.21       5.08        0.081      0.690      0.04           1          81         0.00     0.67       0.74       -156245.0  -78849.7   -77395.8   0.077     c3:24.44; c2:15.99
165 H1111TS368_1       368s    FALCON2              0.078    0.792    3        A1B1C1   C1        3        0.00     212      2        3.8      3.13       5.04        0.082      0.694      0.04           1          81         0.00     0.64       0.72       -155258.0  -78330.4   -76927.3   0.080     c3:19.88; c2:17.36
166 H1111TS385_1       385     FoldEver-Hybrid      0.078    0.788    3        A1B1C1   C1        3        0.00     265      2        3.9      3.13       5.34        0.079      0.700      0.04           1          81         0.00     0.64       0.80       -160667.0  -80656.0   -80011.3   0.077     c3:18.35; c2:13.44
167 H1111TS187_4       187     TRFold               0.078    0.792    3        A1B1C1   C1        3        0.00     224      1        4.0      3.25       5.25        0.082      0.693      0.04           1          81         0.00     0.66       0.73       -155614.0  -78469.6   -77144.2   0.080     c3:19.35; c2:16.07
168 H1111TS187_2       187     TRFold               0.078    0.790    3        A1B1C1   C1        3        0.00     220      1        4.2      3.53       5.16        0.081      0.690      0.04           1          81         0.00     0.66       0.73       -156056.0  -79089.2   -76967.0   0.080     c3:20.74; c2:19.20
169 H1111TS245_1       245s    FoldEver             0.078    0.788    3        A1B1C1   C1        3        0.00     265      2        3.9      3.13       5.34        0.079      0.700      0.04           1          81         0.00     0.64       0.80       -160667.0  -80656.0   -80011.3   0.077     c3:18.35; c2:13.44
170 H1111TS097_2       097     Graphen_Medical      0.078    0.802    3        A1B1C1   C1        3        0.00     242      1        4.6      4.02       5.60        0.083      0.711      0.05           1          81         0.00     0.65       1.15       -159821.0  -80291.7   -79529.0   0.093     c3:18.61; c2:15.80
171 H1111TS187_5       187     TRFold               0.078    0.792    3        A1B1C1   C1        3        0.00     218      1        4.1      3.48       5.17        0.081      0.686      0.04           1          81         0.00     0.63       0.72       -156918.0  -78994.6   -77923.9   0.080     c3:19.30; c2:13.31
172 H1111TS333_1       333s    FALCON0              0.078    0.792    3        A1B1C1   C1        3        0.00     212      2        3.8      3.13       5.04        0.082      0.694      0.04           1          81         0.00     0.64       0.72       -155258.0  -78330.4   -76927.3   0.080     c3:19.88; c2:17.36
173 H1111TS227_5       227     GinobiFold           0.077    0.791    3        A1B1C1   C1        3        0.00     265      1        3.7      2.98       5.08        0.081      0.685      0.04           1          81         0.00     0.66       0.74       -157926.0  -79548.0   -78378.4   0.077     c3:22.43; c2:14.79
174 H1111TS368_4       368s    FALCON2              0.077    0.791    3        A1B1C1   C1        3        0.00     269      1        3.8      3.02       5.21        0.081      0.703      0.04           1          81         0.00     0.68       0.73       -159481.0  -80507.9   -78973.5   0.077     c3:22.57; c2:15.19
175 H1111TS446_4       446s    ColabFold            0.077    0.791    3        A1B1C1   C1        3        0.00     208      0        4.0      3.24       5.12        0.079      0.684      0.04           1          81         0.00     0.66       0.73       -155638.0  -78427.8   -77210.2   0.077     c3:22.39; c2:15.88
176 H1111TS180_2       180     McGuffin             0.077    0.793    3        A1B1C1   C1        3        0.00     219      1        4.1      3.36       5.29        0.081      0.695      0.04           1          81         0.00     0.68       0.77       -157066.0  -79425.0   -77641.5   0.073     c3:22.14; c2:15.79
177 H1111TS348_3       348     Takeda-Shitaka_Lab   0.077    0.785    27       A9B9C9   C9        27       0.08     32524    2538     32.6     25.35      70.48       0.460      0.664      0.34           9          729        0.01     2.38       0.66       29177.8    12038.8    17139.0    0.696     c9:0.08; c3:0.05; c2:24.63
178 H1111TS461_4       461     colabfold_human      0.077    0.791    3        A1B1C1   C1        3        0.00     208      0        4.0      3.24       5.12        0.079      0.684      0.04           1          81         0.00     0.66       0.73       -155638.0  -78427.8   -77210.2   0.077     c3:22.39; c2:15.88
179 H1111TS390_3       390s    NBIS-AF2-multimer    0.077    0.793    3        A1B1C1   C1        3        0.00     250      2        4.0      3.35       5.25        0.082      0.692      0.04           1          81         0.00     0.65       0.74       -156944.0  -78883.2   -78060.9   0.079     c3:22.41; c2:15.85
180 H1111TS333_4       333s    FALCON0              0.077    0.791    3        A1B1C1   C1        3        0.00     269      1        3.8      3.02       5.21        0.081      0.703      0.04           1          81         0.00     0.68       0.73       -159481.0  -80507.9   -78973.5   0.077     c3:22.57; c2:15.19
181 H1111TS462_1       462s    MultiFOLD            0.077    0.792    3        A1B1C1   C1        3        0.00     235      1        3.9      3.16       5.16        0.081      0.690      0.04           1          81         0.00     0.68       0.76       -157332.0  -79509.0   -77822.8   0.073     c3:22.02; c2:15.79
182 H1111TS462_2       462s    MultiFOLD            0.077    0.793    3        A1B1C1   C1        3        0.00     219      1        4.1      3.36       5.29        0.081      0.695      0.04           1          81         0.00     0.68       0.77       -157066.0  -79425.0   -77641.5   0.073     c3:22.14; c2:15.79
183 H1111TS446_3       446s    ColabFold            0.076    0.787    3        A1B1C1   C1        3        0.00     194      0        4.1      3.40       5.03        0.079      0.688      0.04           1          81         0.00     0.73       0.74       -155158.0  -78383.3   -76774.6   0.077     c3:22.68; c2:16.16
184 H1111TS462_4       462s    MultiFOLD            0.076    0.791    3        A1B1C1   C1        3        0.00     233      1        3.9      3.15       5.25        0.081      0.697      0.04           1          81         0.00     0.67       0.75       -157413.0  -79538.7   -77873.8   0.074     c3:21.99; c2:15.74
185 H1111TS385_4       385     FoldEver-Hybrid      0.076    0.788    3        A1B1C1   C1        3        0.00     294      2        3.7      2.92       5.21        0.079      0.685      0.04           1          81         0.00     0.64       0.78       -161424.0  -81085.6   -80338.2   0.078     c3:18.27; c2:14.71
186 H1111TS227_4       227     GinobiFold           0.076    0.789    3        A1B1C1   C1        3        0.00     247      2        4.0      3.31       5.25        0.081      0.693      0.04           1          81         0.00     0.65       0.73       -157317.0  -79194.6   -78121.9   0.079     c3:21.88; c2:15.53
187 H1111TS245_4       245s    FoldEver             0.076    0.788    3        A1B1C1   C1        3        0.00     294      2        3.7      2.92       5.21        0.079      0.685      0.04           1          81         0.00     0.64       0.78       -161424.0  -81085.6   -80338.2   0.078     c3:18.27; c2:14.71
188 H1111TS461_2       461     colabfold_human      0.076    0.788    3        A1B1C1   C1        3        0.00     196      0        4.0      3.32       5.03        0.080      0.682      0.04           1          81         0.00     0.68       0.75       -155625.0  -78325.0   -77299.6   0.073     c3:22.56; c2:16.13
189 H1111TS446_2       446s    ColabFold            0.076    0.788    3        A1B1C1   C1        3        0.00     196      0        4.0      3.32       5.03        0.080      0.682      0.04           1          81         0.00     0.68       0.75       -155625.0  -78325.0   -77299.6   0.073     c3:22.56; c2:16.13
190 H1111TS461_3       461     colabfold_human      0.076    0.787    3        A1B1C1   C1        3        0.00     194      0        4.1      3.40       5.03        0.079      0.688      0.04           1          81         0.00     0.73       0.74       -155158.0  -78383.3   -76774.6   0.077     c3:22.68; c2:16.16
191 H1111TS462_3       462s    MultiFOLD            0.076    0.791    3        A1B1C1   C1        3        0.00     221      1        4.0      3.21       5.25        0.081      0.695      0.04           1          81         0.00     0.68       0.76       -157100.0  -79369.2   -77730.6   0.079     c3:22.06; c2:15.79
192 H1111TS227_1       227     GinobiFold           0.076    0.788    3        A1B1C1   C1        3        0.00     270      1        3.7      2.98       5.21        0.081      0.697      0.04           1          81         0.00     0.66       0.73       -159189.0  -80304.7   -78884.0   0.077     c3:22.49; c2:15.46
193 H1111TS461_5       461     colabfold_human      0.076    0.791    3        A1B1C1   C1        3        0.00     196      0        4.1      3.46       5.12        0.080      0.682      0.04           1          81         0.00     0.68       0.73       -154686.0  -77951.8   -76733.7   0.079     c3:21.13; c2:14.80
194 H1111TS446_1       446s    ColabFold            0.076    0.785    3        A1B1C1   C1        3        0.00     205      0        3.4      2.69       4.69        0.080      0.666      0.03           1          81         0.00     0.67       0.74       -155171.0  -78160.2   -77010.8   0.079     c3:21.91; c2:15.76
195 H1111TS180_3       180     McGuffin             0.076    0.791    3        A1B1C1   C1        3        0.00     221      1        4.0      3.21       5.25        0.081      0.695      0.04           1          81         0.00     0.68       0.76       -157100.0  -79369.2   -77730.6   0.079     c3:22.06; c2:15.79
196 H1111TS390_2       390s    NBIS-AF2-multimer    0.076    0.793    3        A1B1C1   C1        3        0.00     263      2        3.7      2.98       5.12        0.081      0.692      0.04           1          81         0.00     0.66       0.73       -157870.0  -79717.0   -78152.7   0.078     c3:21.71; c2:15.60
197 H1111TS446_5       446s    ColabFold            0.076    0.791    3        A1B1C1   C1        3        0.00     196      0        4.1      3.46       5.12        0.080      0.682      0.04           1          81         0.00     0.68       0.73       -154686.0  -77951.8   -76733.7   0.079     c3:21.13; c2:14.80
198 H1111TS180_4       180     McGuffin             0.076    0.791    3        A1B1C1   C1        3        0.00     233      1        3.9      3.15       5.25        0.081      0.697      0.04           1          81         0.00     0.67       0.75       -157413.0  -79538.7   -77873.8   0.074     c3:21.99; c2:15.74
199 H1111TS180_5       180     McGuffin             0.076    0.791    3        A1B1C1   C1        3        0.00     214      1        4.0      3.28       5.21        0.081      0.693      0.04           1          81         0.00     0.68       0.75       -156716.0  -79216.3   -77500.1   0.073     c3:22.20; c2:15.95
200 H1111TS462_5       462s    MultiFOLD            0.076    0.791    3        A1B1C1   C1        3        0.00     214      1        4.0      3.28       5.21        0.081      0.693      0.04           1          81         0.00     0.68       0.75       -156716.0  -79216.3   -77500.1   0.073     c3:22.20; c2:15.95
201 H1111TS150_5       150     Grudinin             0.069    0.441    27       A9B9C9   C9        27       0.00     19702    1537     29.9     24.33      40.50       0.549      0.410      0.33           1          81         0.00     0.63       0.70       141576.0   58082.3    83494.0    0.291     c9:0.00; c3:0.00; c2:18.28
202 H1111TS234_1       234     Panlab               0.064    0.106    27       A9B9C9   C1        27       0.00     13544    1016     17.0     12.26      35.94       0.411      0.201      0.19           9          2745       0.03     1.41       0.51       120613.0   21200.6    99412.3    0.508     c9:63.36; c3:57.58; c2:61.04
203 H1111TS234_5       234     Panlab               0.058    0.097    27       A9B9C9   C1        27       0.00     14903    1133     17.0     12.35      35.51       0.375      0.196      0.19           9          2745       0.03     1.41       0.51       110795.0   17091.4    93703.6    0.502     c9:54.60; c3:53.06; c2:57.69
204 H1111TS234_4       234     Panlab               0.052    0.095    27       A9B9C9   C1        27       0.00     15444    1178     16.8     12.11      34.42       0.384      0.188      0.19           9          2745       0.03     1.41       0.51       117095.0   19731.3    97364.1    0.493     c9:38.46; c3:40.68; c2:64.51
205 H1111TS234_3       234     Panlab               0.051    0.094    27       A9B9C9   C1        27       0.00     15574    1201     16.8     12.13      34.42       0.388      0.187      0.18           9          2745       0.03     1.41       0.51       117620.0   20034.8    97585.6    0.465     c9:73.85; c3:67.10; c2:63.61
206 H1111TS234_2       234     Panlab               0.051    0.090    27       A9B9C9   C1        27       0.00     15999    1231     16.8     12.13      34.59       0.365      0.193      0.19           9          2745       0.03     1.41       0.51       113986.0   18735.2    95251.2    0.483     c9:65.52; c3:61.38; c2:58.85
207 H1111TS423_4       423     trComplex            0.047    0.095    27       A9B9C9   C1        27       0.00     13009    929      9.3      6.96       16.41       0.482      0.098      0.15           3          915        0.05     3.86       2.16       138963.0   54531.0    84432.2    0.201     c9:54.57; c3:53.30; c2:57.24
208 H1111TS441_2       441     OpenFold             0.034    0.911    3        A1B1C1   C1        3        0.00     94       0        2.2      1.87       2.65        0.073      0.770      0.02           1          81         0.00     0.67       1.24       -152829.0  -77433.1   -75395.8   0.074     c3:27.06; c2:12.51
209 H1111TS441_3       441     OpenFold             0.034    0.904    3        A1B1C1   C1        3        0.00     99       0        1.8      1.42       2.39        0.073      0.765      0.02           1          81         0.00     0.61       0.84       -153050.0  -77437.6   -75612.5   0.076     c3:30.02; c2:16.94
210 H1111TS433_2       433     OpenFold-SingleSeq   0.034    0.911    3        A1B1C1   C1        3        0.00     94       0        2.2      1.87       2.65        0.073      0.770      0.02           1          81         0.00     0.67       1.24       -152829.0  -77433.1   -75395.8   0.074     c3:27.06; c2:12.51
211 H1111TS433_3       433     OpenFold-SingleSeq   0.034    0.904    3        A1B1C1   C1        3        0.00     99       0        1.8      1.42       2.39        0.073      0.765      0.02           1          81         0.00     0.61       0.84       -153050.0  -77437.6   -75612.5   0.076     c3:30.02; c2:16.94
212 H1111TS423_3       423     trComplex            0.033    0.179    27       A9B9C9   C1        27       0.00     25400    2024     13.0     10.44      21.40       0.435      0.137      0.18           1          81         0.00     0.68       0.95       72179.5    25652.7    46526.8    0.207     c9:46.55; c3:47.97; c2:38.30
213 H1111TS433_1       433     OpenFold-SingleSeq   0.032    0.439    3        A1B1C1   C1        3        0.00     174      2        1.8      1.52       2.26        0.072      0.242      0.02           1          81         0.00     0.70       0.99       -153239.0  -77170.0   -76068.9   0.074     c3:25.94; c2:15.84
214 H1111TS441_1       441     OpenFold             0.032    0.439    3        A1B1C1   C1        3        0.00     174      2        1.8      1.52       2.26        0.072      0.242      0.02           1          81         0.00     0.70       0.99       -153239.0  -77170.0   -76068.9   0.074     c3:25.94; c2:15.84
215 H1111TS187_1       187     TRFold               0.031    0.556    3        A1B1C1   C1        3        0.00     742      15       1.8      1.41       2.56        0.066      0.679      0.02           1          81         0.00     0.73       1.70       -170794.0  -85222.1   -85571.7   0.080     c3:20.71; c2:10.42
216 H1111TS441_5       441     OpenFold             0.030    0.415    3        A1B1C1   C1        3        0.00     409      25       1.8      1.43       2.56        0.066      0.257      0.02           1          81         0.00     0.59       1.21       -160894.0  -80239.0   -80655.4   0.078     c3:22.70; c2:11.73
217 H1111TS433_5       433     OpenFold-SingleSeq   0.030    0.415    3        A1B1C1   C1        3        0.00     409      25       1.8      1.43       2.56        0.066      0.257      0.02           1          81         0.00     0.59       1.21       -160894.0  -80239.0   -80655.4   0.078     c3:22.70; c2:11.73
218 H1111TS092_1       092     Agemo_mix            0.030    0.368    3        A1B1C1   C1        3        0.00     70       0        1.8      1.60       2.00        0.069      0.164      0.02           1          81         0.00     0.73       2.27       -151848.0  -76026.6   -75821.6   0.076     c3:27.70; c2:14.60
219 H1111TS248_3       248     Manifold             0.026    0.057    27       A9B9C9   C1        27       0.00     7538     48       1.6      1.27       2.73        0.223      0.089      0.07           1          81         0.00     3.83       2.96       106975.0   10215.2    96364.0    0.576     c9:13.03; c3:12.58; c2:22.41
220 H1111TS433_4       433     OpenFold-SingleSeq   0.025    0.125    3        A1B1C1   C1        3        0.00     1006     72       2.0      1.63       2.43        0.045      0.379      0.02           1          81         0.00     0.57       1.17       -165949.0  -82708.8   -83240.5   0.080     c3:21.49; c2:11.45
221 H1111TS441_4       441     OpenFold             0.025    0.125    3        A1B1C1   C1        3        0.00     1006     72       2.0      1.63       2.43        0.045      0.379      0.02           1          81         0.00     0.57       1.17       -165949.0  -82708.8   -83240.5   0.080     c3:21.49; c2:11.45
222 H1111TS187_3       187     TRFold               0.024    0.489    3        A1B1C1   C1        3        0.00     739      7        1.7      1.55       1.91        0.063      0.533      0.02           1          81         0.00     0.83       2.30       -170839.0  -86144.6   -84694.4   0.079     c3:20.95; c2:17.53
223 H1111TS423_2       423     trComplex            0.021    0.073    26       A9B8C9   C1        26       0.00     32136    2622     6.0      4.62       14.76       0.252      0.072      0.14           1          81         0.00     0.77       1.41       29829.5    1973.2     27856.3    0.202     d13:52.24; c13:52.30; c3:49.49; c2:43.35; c2:43.52; c2:42.53; c2:51.71; c2:47.30; c2:39.08; c2:38.30; c2:47.03; c2:35.64; c2:41.79; c2:46.32; c2:57.23; c2:38.61
224 H1111TS423_1       423     trComplex            0.013    0.036    27       A9B9C9   C1        27       0.00     23219    1792     4.9      3.77       9.07        0.330      0.055      0.10           2          610        0.07     3.26       1.26       76765.8    18959.7    57806.1    0.212     c9:57.00; c3:50.74; c2:40.92
225 H1111TS169_2       169     GuijunLab-Human      0.000    0.000    9        A9B0C0   C1        9        0.00     71       0        0.0      0.00       0.00        0.036      -          0.00           1          35         0.00     9.80       999.00     -106575.0  -63757.9   -42817.2   0.053     c9:56.92; c3:53.07; c2:7.06
226 H1111TS169_4       169     GuijunLab-Human      0.000    0.000    9        A9B0C0   C1        9        0.00     78       0        0.0      0.00       0.00        0.036      -          0.00           1          35         0.00     9.87       999.00     -103513.0  -60968.0   -42545.1   0.039     c9:56.28; c3:53.94; c2:37.07
227 H1111TS169_1       169     GuijunLab-Human      0.000    0.000    9        A9B0C0   C1        9        0.00     161      0        0.0      0.00       0.00        0.036      -          0.01           1          15         0.00     7.83       999.00     -110456.0  -64557.6   -45898.3   0.046     c9:53.42; c3:48.46; c2:4.01
228 H1111TS169_3       169     GuijunLab-Human      0.000    0.000    9        A9B0C0   C1        9        0.00     80       0        0.0      0.00       0.00        0.036      -          0.01           1          35         0.00     9.76       999.00     -108354.0  -64220.5   -44133.1   0.042     c9:58.10; c3:53.55; c2:6.34
229 H1111TS169_5       169     GuijunLab-Human      0.000    0.000    9        A9B0C0   C1        9        0.00     5        0        0.0      0.00       0.00        0.036      -          0.00           1          45         0.00     9.52       999.00     -95517.2   -59387.6   -36129.7   0.036     c9:57.63; c3:52.92; c2:35.96
230 H1111TS215_5       215s    XRC_VU               -        -        1        A1B0C0   C1        1        0.00     -        -        -        -          -           -          -          -              1          40         0.00     9.05       -          -197511.0  -96452.5   -101059.0  0.015     -
231 H1111TS215_1       215s    XRC_VU               -        -        1        A1B0C0   C1        1        0.00     -        -        -        -          -           -          -          -              1          40         0.00     9.05       -          -197511.0  -96452.5   -101059.0  0.015     -
232 H1111TS278_1       278     PEZYFoldings         -        -        27       A9B9C9   C9        27       0.21     6024     20       40.2     31.10      63.98       -          -          0.38           9          729        0.06     2.49       0.83       142171.0   54858.8    87312.2    0.972     c9:0.19; c3:0.19; c2:16.61