    Model              Gr.Code Group                QSglob   QSbest   Mol.Size Stoich.  Symm.     SymmSize SymmRMSD No.Conts No.Clash F1       Prec.Iface Recal.Iface lDDToligo  DockQ_Avg  Jaccard.Coeff. Align.Size Align.Len  Orient   LocalRMSD  Iface.RMSD SA.total   SA.polar  SA.apolar  TMscore    SymmGr.RMSD
1   H1129TS494_1       494     Venclovas            0.852    0.871    2        A1B1     C1        2        0.00     125      0        75.2     85.10      67.30       0.822      0.626      0.83           2          1259       0.01     3.41       1.69       11566.6    6087.0     5479.6     0.967     c3:26.77; c2:25.36
2   H1129TS037_1       037     Wallner              0.824    0.867    2        A1B1     C1        2        0.00     132      1        75.8     81.80      70.60       0.850      0.647      0.81           2          1259       0.02     3.43       1.39       7687.2     3530.7     4156.5     0.966     c3:25.33; c2:24.66
3   H1129TS439_3       439     Yang                 0.812    0.828    2        A1B1     C1        2        0.00     134      0        73.4     78.90      68.60       0.833      0.636      0.81           2          1259       0.01     3.31       1.91       9917.3     2184.4     7732.9     0.971     c3:27.86; c2:26.23
4   H1129TS439_1       439     Yang                 0.801    0.811    2        A1B1     C1        2        0.00     124      0        73.1     81.00      66.70       0.831      0.621      0.79           2          1259       0.00     3.31       2.02       10499.5    2216.8     8282.7     0.971     c3:28.82; c2:26.74
5   H1129TS439_2       439     Yang                 0.799    0.821    2        A1B1     C1        2        0.00     130      0        67.1     75.00      60.80       0.828      0.590      0.77           2          1259       0.01     3.35       2.07       9795.8     1822.9     7973.0     0.970     c3:27.38; c2:26.09
6   H1129TS439_5       439     Yang                 0.797    0.809    2        A1B1     C1        2        0.00     128      0        70.5     77.30      64.70       0.833      0.624      0.78           2          1259       0.01     3.29       1.80       9856.2     1737.6     8118.6     0.971     c3:27.09; c2:26.19
7   H1129TS439_4       439     Yang                 0.795    0.810    2        A1B1     C1        2        0.00     118      0        68.6     75.60      62.70       0.830      0.601      0.75           2          1259       0.01     3.34       1.96       10549.5    2231.3     8318.3     0.970     c3:26.41; c2:25.74
8   H1129TS239_3       239s    Yang-Multimer        0.773    0.797    2        A1B1     C1        2        0.00     115      0        66.4     74.20      60.10       0.827      0.577      0.80           2          1259       0.01     3.44       2.00       10271.2    2085.0     8186.2     0.965     c3:27.27; c2:26.07
9   H1129TS239_1       239s    Yang-Multimer        0.747    0.768    2        A1B1     C1        2        0.00     107      1        57.3     68.80      49.00       0.818      0.526      0.70           2          1259       0.01     3.47       2.17       10712.8    2709.0     8003.8     0.964     c3:27.84; c2:26.41
10  H1129TS239_5       239s    Yang-Multimer        0.746    0.750    2        A1B1     C1        2        0.00     98       1        56.0     69.20      47.10       0.820      0.471      0.70           2          1259       0.02     3.74       2.29       10852.6    2403.1     8449.5     0.952     c3:26.85; c2:25.84
11  H1129TS239_4       239s    Yang-Multimer        0.729    0.746    2        A1B1     C1        2        0.00     107      0        54.2     69.40      44.40       0.817      0.480      0.66           2          1259       0.02     3.60       2.58       10022.1    1752.8     8269.3     0.959     c3:27.53; c2:26.27
12  H1129TS239_2       239s    Yang-Multimer        0.705    0.715    2        A1B1     C1        2        0.00     88       0        60.9     77.00      50.30       0.815      0.438      0.70           2          1259       0.02     3.95       2.50       10769.7    1969.1     8800.6     0.942     c3:28.89; c2:26.71
13  H1129TS444_4       444     CoDock               0.463    0.470    2        A1B1     C1        2        0.00     106      0        29.5     35.10      25.50       0.721      0.201      0.55           1          696        0.00     1.73       4.80       9525.7     4807.1     4718.7     0.844     c3:24.84; c2:24.50
14  H1129TS374_2       374     Zheng                0.428    0.428    2        A1B1     C1        2        0.00     58       0        21.0     38.60      14.40       0.769      0.175      0.44           1          696        0.00     1.68       6.13       13105.7    5661.0     7444.7     0.857     c3:25.99; c2:25.42
15  H1129TS374_3       374     Zheng                0.384    0.384    2        A1B1     C1        2        0.00     102      1        23.3     28.80      19.60       0.749      0.161      0.53           1          696        0.00     1.67       6.72       14028.0    6071.0     7957.0     0.819     c3:25.99; c2:24.76
16  H1129TS398_3       398     ChaePred             0.358    0.361    2        A1B1     C1        2        0.00     109      5        23.4     26.40      20.90       0.733      0.189      0.52           1          696        0.00     1.66       5.48       15784.9    6697.1     9087.8     0.840     c3:28.17; c2:25.91
17  H1129TS446_2       446s    ColabFold            0.318    0.324    2        A1B1     C1        2        0.00     61       0        19.6     31.00      14.40       0.753      0.199      0.47           1          696        0.00     1.80       5.27       10484.2    2894.5     7589.8     0.876     c3:27.85; c2:26.00
18  H1129TS461_2       461     colabfold_human      0.318    0.324    2        A1B1     C1        2        0.00     61       0        19.6     31.00      14.40       0.753      0.199      0.47           1          696        0.00     1.80       5.27       10484.2    2894.5     7589.8     0.876     c3:27.85; c2:26.00
19  H1129TS165_1       165     FTBiot0119           0.313    0.313    2        A1B1     C1        2        0.00     127      4        18.0     20.00      16.30       0.726      0.140      0.52           1          696        0.00     1.79       8.04       7924.7     3675.7     4249.0     0.838     c3:24.18; c2:24.14
20  H1129TS133_3       133s    ShanghaiTech-TS-SER  0.282    0.282    2        A1B1     C1        2        0.00     81       0        16.3     21.50      13.10       0.743      0.149      0.53           1          696        0.00     1.67       8.01       17708.5    7185.0     10523.5    0.854     c3:26.78; c2:25.29
21  H1129TS434_2       434     Coqualia             0.282    0.282    2        A1B1     C1        2        0.00     81       0        16.3     21.50      13.10       0.743      0.149      0.53           1          696        0.00     1.67       8.01       17708.5    7185.0     10523.5    0.854     c3:26.78; c2:25.29
22  H1129TS011_3       011s    GinobiFold-SER       0.282    0.282    2        A1B1     C1        2        0.00     81       0        16.3     21.50      13.10       0.743      0.149      0.53           1          696        0.00     1.67       8.01       17708.5    7185.0     10523.5    0.854     c3:26.78; c2:25.29
23  H1129TS444_3       444     CoDock               0.274    0.274    2        A1B1     C1        2        0.00     81       0        16.1     22.90      12.40       0.711      0.113      0.41           1          696        0.00     1.73       6.59       9746.1     4721.8     5024.3     0.793     c3:24.57; c2:24.96
24  H1129TS071_1       071s    RaptorX-Multimer     0.268    0.268    2        A1B1     C1        2        0.00     69       2        12.2     18.20      9.20        0.692      0.104      0.48           1          696        0.00     1.76       6.88       15108.7    7059.1     8049.6     0.780     c3:27.59; c2:25.88
25  H1129TS444_1       444     CoDock               0.268    0.277    2        A1B1     C1        2        0.00     117      0        19.6     23.20      17.00       0.710      0.134      0.50           1          696        0.00     1.73       6.31       9445.8     4660.8     4785.0     0.797     c3:23.86; c2:24.46
26  H1129TS180_3       180     McGuffin             0.266    0.269    2        A1B1     C1        2        0.00     38       0        16.6     32.70      11.10       0.780      0.185      0.39           1          696        0.00     1.75       5.40       12492.0    5559.7     6932.3     0.867     c3:26.12; c2:24.96
27  H1129TS131_4       131s    Kiharalab_Server     0.265    0.265    2        A1B1     C1        2        0.00     54       1        21.0     38.60      14.40       0.711      0.097      0.38           1          696        0.00     0.53       12.07      20067.9    7801.7     12266.2    0.739     c3:26.97; c2:26.26
28  H1129TS119_1       119     Kiharalab            0.265    0.265    2        A1B1     C1        2        0.00     54       1        21.0     38.60      14.40       0.711      0.097      0.38           1          696        0.00     0.53       12.07      20067.9    7801.7     12266.2    0.739     c3:26.97; c2:26.26
29  H1129TS298_5       298s    MUFold               0.262    0.262    2        A1B1     C1        2        0.00     80       0        12.8     18.30      9.80        0.709      0.091      0.47           1          696        0.00     1.68       8.43       19588.3    7967.0     11621.4    0.711     c3:26.35; c2:26.37
30  H1129TS180_5       180     McGuffin             0.259    0.263    2        A1B1     C1        2        0.00     66       2        17.4     28.80      12.40       0.774      0.192      0.45           1          696        0.00     1.76       5.97       12725.3    5925.0     6800.3     0.840     c3:26.86; c2:25.18
31  H1129TS073_3       073s    DFolding-refine      0.244    0.244    2        A1B1     C1        2        0.00     55       1        11.0     18.20      7.80        0.695      0.132      0.42           1          696        0.00     1.67       6.79       18741.8    8506.8     10235.0    0.828     c3:25.99; c2:24.81
32  H1129TS180_1       180     McGuffin             0.243    0.246    2        A1B1     C1        2        0.00     61       0        13.5     25.50      9.20        0.770      0.167      0.37           1          696        0.00     1.76       6.02       12732.5    5937.2     6795.3     0.837     c3:28.34; c2:26.42
33  H1129TS205_1       205     Zou                  0.240    0.240    2        A1B1     C1        2        0.00     83       0        14.3     20.00      11.10       0.689      0.108      0.47           1          696        0.00     1.69       13.82      20495.1    7459.0     13036.1    0.797     c3:27.93; c2:26.35
34  H1129TS147_3       147     SHT                  0.237    0.237    2        A1B1     C1        2        0.00     102      0        12.6     15.80      10.50       0.669      0.107      0.46           1          696        0.00     1.86       6.92       12220.8    6183.3     6037.6     0.746     c3:26.77; c2:24.52
35  H1129TS147_1       147     SHT                  0.234    0.234    2        A1B1     C1        2        0.00     118      0        12.9     14.40      11.80       0.669      0.087      0.49           1          696        0.00     1.84       7.17       11783.6    5862.9     5920.8     0.710     c3:26.18; c2:24.90
36  H1129TS133_2       133s    ShanghaiTech-TS-SER  0.219    0.219    2        A1B1     C1        2        0.00     48       0        14.0     29.80      9.20        0.760      0.153      0.36           1          696        0.00     1.66       7.30       14789.8    6174.8     8615.1     0.824     c3:27.73; c2:26.06
37  H1129TS011_2       011s    GinobiFold-SER       0.219    0.219    2        A1B1     C1        2        0.00     48       0        14.0     29.80      9.20        0.760      0.153      0.36           1          696        0.00     1.66       7.30       14789.8    6174.8     8615.1     0.824     c3:27.73; c2:26.06
38  H1129TS434_1       434     Coqualia             0.219    0.219    2        A1B1     C1        2        0.00     48       0        14.0     29.80      9.20        0.760      0.153      0.36           1          696        0.00     1.66       7.30       14789.8    6174.8     8615.1     0.824     c3:27.73; c2:26.06
39  H1129TS180_4       180     McGuffin             0.214    0.218    2        A1B1     C1        2        0.00     44       0        12.2     27.90      7.80        0.774      0.137      0.32           1          696        0.00     1.75       6.35       13093.3    6046.2     7047.1     0.813     c3:28.31; c2:26.78
40  H1129TS360_3       360     MUFold_H             0.207    0.207    2        A1B1     C1        2        0.00     80       0        12.6     17.40      9.80        0.686      0.097      0.46           1          696        0.00     1.69       11.78      21635.3    8523.2     13112.1    0.774     c3:27.01; c2:25.88
41  H1129TS360_1       360     MUFold_H             0.197    0.200    2        A1B1     C1        2        0.00     106      1        14.4     17.30      12.40       0.693      0.099      0.49           1          696        0.00     1.67       15.16      22735.8    9038.5     13697.2    0.782     c3:26.79; c2:26.15
42  H1129TS367_4       367     MULTICOM             0.197    0.197    2        A1B1     C1        2        0.00     51       0        11.8     24.00      7.80        0.727      0.142      0.38           1          696        0.00     1.69       7.51       16497.3    6873.9     9623.5     0.835     c3:26.26; c2:25.24
43  H1129TS054_4       054     UltraFold            0.194    0.196    2        A1B1     C1        2        0.00     99       6        7.1      8.90       5.90        0.646      0.062      0.43           1          696        0.00     1.68       17.29      24822.4    10906.8    13915.6    0.711     c3:27.67; c2:26.00
44  H1129TS399_4       399     BeijingAIProtein     0.194    0.196    2        A1B1     C1        2        0.00     99       6        7.1      8.90       5.90        0.646      0.062      0.43           1          696        0.00     1.68       17.29      24822.4    10906.8    13915.6    0.711     c3:27.67; c2:26.00
45  H1129TS125_4       125s    UltraFold_Server     0.194    0.196    2        A1B1     C1        2        0.00     99       6        7.1      8.90       5.90        0.646      0.062      0.43           1          696        0.00     1.68       17.29      24822.4    10906.8    13915.6    0.711     c3:27.67; c2:26.00
46  H1129TS037_5       037     Wallner              0.190    0.190    2        A1B1     C1        2        0.00     75       1        9.2      15.60      6.50        0.700      0.122      0.30           1          696        0.00     1.66       9.38       19418.5    7995.4     11423.1    0.790     c3:26.14; c2:24.88
47  H1129TS073_2       073s    DFolding-refine      0.188    0.188    2        A1B1     C1        2        0.00     53       2        9.6      17.90      6.50        0.677      0.109      0.38           1          696        0.00     1.72       9.88       18641.6    8457.6     10184.0    0.778     c3:27.94; c2:25.55
48  H1129TS360_2       360     MUFold_H             0.185    0.185    2        A1B1     C1        2        0.00     51       0        11.5     21.40      7.80        0.705      0.100      0.40           1          696        0.00     1.65       10.90      21788.2    9010.8     12777.4    0.759     c3:27.88; c2:26.01
49  H1129TS180_2       180     McGuffin             0.182    0.184    2        A1B1     C1        2        0.00     34       0        11.6     30.60      7.20        0.772      0.145      0.31           1          696        0.00     1.75       6.48       13241.7    6083.7     7158.0     0.810     c3:27.77; c2:25.86
50  H1129TS444_5       444     CoDock               0.179    0.179    2        A1B1     C1        2        0.00     88       1        13.7     17.70      11.10       0.721      0.070      0.42           1          696        0.00     1.76       8.84       7066.2     4115.7     2950.5     0.680     c3:24.65; c2:25.44
51  H1129TS446_5       446s    ColabFold            0.172    0.172    2        A1B1     C1        2        0.00     41       1        9.8      19.60      6.50        0.700      0.087      0.42           1          696        0.00     1.73       8.44       18306.4    7380.3     10926.1    0.756     c3:27.32; c2:26.12
52  H1129TS461_5       461     colabfold_human      0.172    0.172    2        A1B1     C1        2        0.00     41       1        9.8      19.60      6.50        0.700      0.087      0.42           1          696        0.00     1.73       8.44       18306.4    7380.3     10926.1    0.756     c3:27.32; c2:26.12
53  H1129TS205_3       205     Zou                  0.168    0.168    2        A1B1     C1        2        0.00     119      0        8.4      10.10      7.20        0.663      0.080      0.49           1          696        0.00     1.70       16.97      24154.5    9335.0     14819.6    0.817     c3:26.14; c2:26.07
54  H1129TS119_4       119     Kiharalab            0.165    0.166    2        A1B1     C1        2        0.00     71       3        10.6     20.00      7.20        0.799      0.047      0.26           1          696        0.00     0.51       10.89      13527.1    6001.9     7525.2     0.633     c3:28.14; c2:27.54
55  H1129TS098_3       098s    GuijunLab-Assembly   0.162    0.162    2        A1B1     C1        2        0.00     50       0        6.9      14.30      4.60        0.683      0.075      0.39           1          696        0.00     1.67       15.00      22205.6    8782.2     13423.4    0.765     c3:28.36; c2:26.14
56  H1129TS098_2       098s    GuijunLab-Assembly   0.162    0.162    2        A1B1     C1        2        0.00     50       0        6.9      14.30      4.60        0.683      0.075      0.39           1          696        0.00     1.67       15.00      22205.6    8782.2     13423.4    0.765     c3:28.36; c2:26.14
57  H1129TS423_4       423     trComplex            0.162    0.163    2        A1B1     C1        2        0.00     83       1        5.2      7.80       3.90        0.661      0.066      0.45           1          696        0.00     1.71       16.06      21870.4    8808.0     13062.4    0.771     c3:27.86; c2:26.27
58  H1129TS187_4       187     TRFold               0.162    0.163    2        A1B1     C1        2        0.00     83       1        5.2      7.80       3.90        0.661      0.066      0.45           1          696        0.00     1.71       16.06      21870.4    8808.0     13062.4    0.771     c3:27.86; c2:26.27
59  H1129TS071_4       071s    RaptorX-Multimer     0.158    0.158    2        A1B1     C1        2        0.00     59       1        11.5     21.80      7.80        0.686      0.103      0.39           1          696        0.00     1.78       8.38       15964.3    7580.0     8384.2     0.781     c3:27.07; c2:25.32
60  H1129TS071_2       071s    RaptorX-Multimer     0.157    0.157    2        A1B1     C1        2        0.00     65       3        11.2     19.40      7.80        0.682      0.104      0.40           1          696        0.00     1.81       7.97       15788.6    7563.6     8225.0     0.780     c3:27.71; c2:25.74
61  H1129TS188_5       188s    GuijunLab-DeepDA     0.155    0.155    2        A1B1     C1        2        0.00     41       0        11.1     23.90      7.20        0.690      0.126      0.33           2          900        0.04     5.65       10.29      21425.9    8039.3     13386.7    0.799     c3:28.77; c2:26.38
62  H1129TS278_1       278     PEZYFoldings         0.153    0.153    2        A1B1     C1        2        0.00     23       0        6.7      24.00      3.90        0.796      0.100      0.24           1          696        0.00     1.65       7.30       14721.4    6746.4     7975.0     0.776     c3:26.66; c2:25.48
63  H1129TS227_5       227     GinobiFold           0.149    0.149    2        A1B1     C1        2        0.00     32       0        7.4      20.00      4.60        0.682      0.075      0.31           1          696        0.00     1.66       10.65      23237.5    9020.0     14217.5    0.709     c3:26.94; c2:25.28
64  H1129TS150_2       150     Grudinin             0.148    0.148    2        A1B1     C1        2        0.00     31       1        8.4      21.10      5.20        0.733      0.099      0.23           1          696        0.00     1.66       6.77       17733.2    7569.7     10163.6    0.759     c3:27.88; c2:25.91
65  H1129TS390_2       390s    NBIS-AF2-multimer    0.148    0.148    2        A1B1     C1        2        0.00     31       1        8.4      21.10      5.20        0.733      0.099      0.23           1          696        0.00     1.66       6.77       17733.2    7569.7     10163.6    0.759     c3:27.88; c2:25.91
66  H1129TS320_2       320     Elofsson             0.148    0.148    2        A1B1     C1        2        0.00     31       1        8.4      21.10      5.20        0.733      0.099      0.23           1          696        0.00     1.66       6.77       17733.2    7569.7     10163.6    0.759     c3:27.88; c2:25.91
67  H1129TS098_5       098s    GuijunLab-Assembly   0.141    0.141    2        A1B1     C1        2        0.00     51       0        8.1      18.20      5.20        0.674      0.064      0.32           1          696        0.00     1.66       11.78      24491.5    9681.1     14810.4    0.690     c3:27.67; c2:26.21
68  H1129TS399_1       399     BeijingAIProtein     0.139    0.139    2        A1B1     C1        2        0.00     54       4        9.6      17.90      6.50        0.677      0.082      0.33           1          696        0.00     1.67       14.73      21184.0    9203.5     11980.5    0.745     c3:27.43; c2:25.55
69  H1129TS125_1       125s    UltraFold_Server     0.139    0.139    2        A1B1     C1        2        0.00     54       4        9.6      17.90      6.50        0.677      0.082      0.33           1          696        0.00     1.67       14.73      21184.0    9203.5     11980.5    0.745     c3:27.43; c2:25.55
70  H1129TS054_1       054     UltraFold            0.139    0.139    2        A1B1     C1        2        0.00     54       4        9.6      17.90      6.50        0.677      0.082      0.33           1          696        0.00     1.67       14.73      21184.0    9203.5     11980.5    0.745     c3:27.43; c2:25.55
71  H1129TS091_3       091     UNRES                0.137    0.137    2        A1B1     C1        2        0.00     144      0        5.5      5.80       5.20        0.549      0.071      0.43           1          696        0.00     4.75       13.53      7037.8     3353.6     3684.2     0.700     c3:23.40; c2:22.29
72  H1129TS360_5       360     MUFold_H             0.136    0.136    2        A1B1     C1        2        0.00     75       1        14.0     21.10      10.50       0.709      0.078      0.47           1          696        0.00     1.68       16.77      16531.3    7247.1     9284.2     0.703     c3:25.38; c2:25.80
73  H1129TS205_2       205     Zou                  0.134    0.134    2        A1B1     C1        2        0.00     91       0        7.1      9.10       5.90        0.676      0.078      0.47           2          905        0.06     5.94       17.20      20861.6    7691.4     13170.2    0.808     c3:26.52; c2:25.91
74  H1129TS125_3       125s    UltraFold_Server     0.131    0.131    2        A1B1     C1        2        0.00     27       0        9.3      22.50      5.90        0.684      0.092      0.31           1          696        0.00     1.67       8.71       21305.1    9033.7     12271.5    0.729     c3:27.84; c2:26.44
75  H1129TS054_3       054     UltraFold            0.131    0.131    2        A1B1     C1        2        0.00     27       0        9.3      22.50      5.90        0.684      0.092      0.31           1          696        0.00     1.67       8.71       21305.1    9033.7     12271.5    0.729     c3:27.84; c2:26.44
76  H1129TS399_3       399     BeijingAIProtein     0.131    0.131    2        A1B1     C1        2        0.00     27       0        9.3      22.50      5.90        0.684      0.092      0.31           1          696        0.00     1.67       8.71       21305.1    9033.7     12271.5    0.729     c3:27.84; c2:26.44
77  H1129TS434_4       434     Coqualia             0.128    0.128    2        A1B1     C1        2        0.00     30       0        6.4      17.10      3.90        0.671      0.057      0.26           1          696        0.00     1.67       10.49      22165.5    8451.9     13713.6    0.672     c3:25.94; c2:25.33
78  H1129TS434_5       434     Coqualia             0.124    0.124    2        A1B1     C1        2        0.00     35       0        7.1      16.30      4.60        0.709      0.141      0.32           1          696        0.00     1.68       8.30       21358.6    8853.4     12505.2    0.845     c3:28.79; c2:26.52
79  H1129TS037_3       037     Wallner              0.123    0.124    2        A1B1     C1        2        0.00     66       2        9.3      15.90      6.50        0.696      0.081      0.33           1          696        0.00     1.82       7.44       15864.8    6957.6     8907.3     0.732     c3:25.47; c2:25.16
80  H1129TS367_3       367     MULTICOM             0.122    0.122    2        A1B1     C1        2        0.00     61       1        7.9      16.30      5.20        0.732      0.131      0.39           1          696        0.00     1.69       8.99       15084.6    6106.4     8978.2     0.815     c3:26.67; c2:25.57
81  H1129TS003_5       003     MULTICOM_human       0.122    0.122    2        A1B1     C1        2        0.00     61       1        7.9      16.30      5.20        0.732      0.131      0.39           1          696        0.00     1.69       8.99       15084.6    6106.4     8978.2     0.815     c3:26.67; c2:25.57
82  H1129TS446_4       446s    ColabFold            0.112    0.112    2        A1B1     C1        2        0.00     75       0        6.2      9.90       4.60        0.658      0.093      0.41           1          696        0.00     1.80       9.68       17415.9    5355.5     12060.4    0.764     c3:27.00; c2:25.86
83  H1129TS446_1       446s    ColabFold            0.112    0.112    2        A1B1     C1        2        0.00     35       0        5.4      15.60      3.30        0.669      0.087      0.28           1          696        0.00     1.79       8.15       14999.9    4489.5     10510.5    0.767     c3:28.14; c2:26.41
84  H1129TS461_1       461     colabfold_human      0.112    0.112    2        A1B1     C1        2        0.00     35       0        5.4      15.60      3.30        0.669      0.087      0.28           1          696        0.00     1.79       8.15       14999.9    4489.5     10510.5    0.767     c3:28.14; c2:26.41
85  H1129TS461_4       461     colabfold_human      0.112    0.112    2        A1B1     C1        2        0.00     75       0        6.2      9.90       4.60        0.658      0.093      0.41           1          696        0.00     1.80       9.68       17415.9    5355.5     12060.4    0.764     c3:27.00; c2:25.86
86  H1129TS225_3       225     ShanghaiTech         0.109    0.109    2        A1B1     C1        2        0.00     560      11       2.0      1.30       4.60        0.721      0.085      0.36           1          696        0.00     1.82       8.68       3700.9     1047.7     2653.2     0.724     c3:24.86; c2:23.86
87  H1129TS278_3       278     PEZYFoldings         0.109    0.109    2        A1B1     C1        2        0.00     19       1        5.6      20.00      3.30        0.709      0.114      0.21           1          696        0.00     1.64       9.46       19176.4    8308.8     10867.6    0.807     c3:28.80; c2:26.44
88  H1129TS423_5       423     trComplex            0.106    0.106    2        A1B1     C1        2        0.00     77       1        5.3      8.00       3.90        0.707      0.077      0.40           1          696        0.00     1.69       15.11      18301.6    7462.3     10839.4    0.812     c3:26.86; c2:26.36
89  H1129TS187_5       187     TRFold               0.106    0.106    2        A1B1     C1        2        0.00     77       1        5.3      8.00       3.90        0.707      0.077      0.40           1          696        0.00     1.69       15.11      18301.6    7462.3     10839.4    0.812     c3:26.86; c2:26.36
90  H1129TS348_1       348     Takeda-Shitaka_Lab   0.104    0.104    2        A1B1     C1        2        0.00     85       1        7.9      11.80      5.90        0.720      0.063      0.45           1          696        0.00     1.69       17.16      17572.0    6945.2     10626.8    0.700     c3:25.99; c2:26.25
91  H1129TS165_4       165     FTBiot0119           0.103    0.103    2        A1B1     C1        2        0.00     84       4        1.7      2.60       1.30        0.710      0.048      0.35           1          696        0.00     1.67       10.57      17546.7    6866.0     10680.7    0.671     c3:25.74; c2:25.79
92  H1129TS461_3       461     colabfold_human      0.103    0.103    2        A1B1     C1        2        0.00     29       0        3.4      13.00      2.00        0.679      0.084      0.20           1          696        0.00     1.78       9.16       15520.2    4624.1     10896.2    0.772     c3:27.94; c2:26.25
93  H1129TS446_3       446s    ColabFold            0.103    0.103    2        A1B1     C1        2        0.00     29       0        3.4      13.00      2.00        0.679      0.084      0.20           1          696        0.00     1.78       9.16       15520.2    4624.1     10896.2    0.772     c3:27.94; c2:26.25
94  H1129TS374_5       374     Zheng                0.100    0.100    2        A1B1     C1        2        0.00     40       0        5.4      15.60      3.30        0.701      0.086      0.24           1          696        0.00     1.67       8.82       18552.4    6913.7     11638.8    0.760     c3:26.91; c2:25.29
95  H1129TS257_1       257     WL_team              0.098    0.098    2        A1B1     C1        2        0.00     434      1        4.5      3.10       8.50        0.553      0.071      0.35           1          696        0.00     4.47       10.65      13583.3    6052.6     7530.7     0.637     c3:26.57; c2:25.33
96  H1129TS257_2       257     WL_team              0.098    0.098    2        A1B1     C1        2        0.00     473      1        4.0      2.60       7.80        0.560      0.067      0.34           1          696        0.00     4.24       10.61      12464.2    5308.9     7155.3     0.636     c3:26.43; c2:25.26
97  H1129TS348_5       348     Takeda-Shitaka_Lab   0.097    0.102    2        A1B1     C1        2        0.00     126      1        5.9      6.70       5.20        0.682      0.066      0.44           1          696        0.00     1.71       19.27      22896.4    8858.0     14038.4    0.781     c3:27.48; c2:26.15
98  H1129TS257_4       257     WL_team              0.096    0.096    2        A1B1     C1        2        0.00     666      1        5.3      3.30       13.70       0.593      0.091      0.31           1          696        0.00     2.94       9.87       2889.8     -1766.3    4656.2     0.657     c3:26.78; c2:24.87
99  H1129TS037_4       037     Wallner              0.095    0.171    2        A1B1     C1        2        0.00     466      3        7.6      5.10       15.00       0.717      0.135      0.39           1          696        0.00     1.89       9.32       419.2      -268.8     688.0      0.791     c3:24.35; c2:26.10
100 H1129TS071_5       071s    RaptorX-Multimer     0.094    0.094    2        A1B1     C1        2        0.00     47       1        9.1      20.00      5.90        0.677      0.073      0.32           1          696        0.00     1.80       9.12       17892.0    8467.1     9424.9     0.716     c3:26.94; c2:25.64
101 H1129TS071_3       071s    RaptorX-Multimer     0.092    0.092    2        A1B1     C1        2        0.00     72       3        5.6      9.80       3.90        0.672      0.083      0.38           1          696        0.00     1.82       9.36       18143.9    8593.5     9550.4     0.760     c3:27.25; c2:25.63
102 H1129TS092_1       092     Agemo_mix            0.091    0.091    2        A1B1     C1        2        0.00     107      4        3.2      4.00       2.60        0.614      0.070      0.45           1          696        0.00     1.97       10.67      20789.1    8887.9     11901.2    0.747     c3:27.50; c2:25.48
103 H1129TS147_4       147     SHT                  0.091    0.091    2        A1B1     C1        2        0.00     106      0        7.9      10.10      6.50        0.669      0.077      0.47           1          696        0.00     1.76       14.31      12777.8    6217.6     6560.2     0.716     c3:26.25; c2:26.54
104 H1129TS147_2       147     SHT                  0.090    0.090    2        A1B1     C1        2        0.00     109      0        7.2      9.40       5.90        0.668      0.071      0.48           1          696        0.00     1.74       14.93      12902.5    6361.4     6541.1     0.715     c3:26.24; c2:26.69
105 H1129TS185_4       185     BAKER                0.088    0.088    2        A1B1     C1        2        0.00     251      0        6.4      5.40       7.80        0.654      0.084      0.46           1          696        0.00     2.75       11.88      7987.4     5039.5     2947.9     0.677     c3:22.65; c2:23.78
106 H1129TS348_3       348     Takeda-Shitaka_Lab   0.087    0.087    2        A1B1     C1        2        0.00     77       1        6.7      9.20       5.20        0.679      0.088      0.43           2          902        0.05     5.51       13.67      22960.1    8820.9     14139.2    0.821     c3:26.33; c2:26.10
107 H1129TS257_5       257     WL_team              0.087    0.087    2        A1B1     C1        2        0.00     1178     91       4.5      2.60       19.60       0.562      0.112      0.30           1          696        0.00     1.97       9.21       6931.9     3105.6     3826.3     0.670     c3:26.59; c2:24.83
108 H1129TS360_4       360     MUFold_H             0.087    0.087    2        A1B1     C1        2        0.00     77       1        6.7      9.20       5.20        0.679      0.088      0.43           2          902        0.05     5.51       13.67      22965.7    8865.9     14099.8    0.821     c3:26.33; c2:26.10
109 H1129TS158_4       158s    MULTICOM_deep        0.084    0.084    2        A1B1     C1        2        0.00     20       0        5.8      26.30      3.30        0.776      0.075      0.21           1          696        0.00     1.67       8.60       15465.7    6123.7     9342.0     0.724     c3:27.49; c2:26.08
110 H1129TS367_5       367     MULTICOM             0.084    0.084    2        A1B1     C1        2        0.00     20       0        5.8      26.30      3.30        0.776      0.075      0.21           1          696        0.00     1.67       8.60       15465.7    6123.7     9342.0     0.724     c3:27.49; c2:26.08
111 H1129TS091_2       091     UNRES                0.084    0.084    2        A1B1     C1        2        0.00     148      0        2.1      2.20       2.00        0.554      0.056      0.42           1          696        0.00     4.40       15.71      6641.5     2998.0     3643.5     0.694     c3:22.18; c2:23.44
112 H1129TS086_3       086s    MULTICOM_qa          0.084    0.085    2        A1B1     C1        2        0.00     30       0        5.9      29.40      3.30        0.724      0.093      0.19           1          696        0.00     1.66       7.62       18170.2    8095.7     10074.5    0.777     c3:26.15; c2:25.82
113 H1129TS086_1       086s    MULTICOM_qa          0.084    0.084    2        A1B1     C1        2        0.00     20       0        5.8      26.30      3.30        0.776      0.075      0.21           1          696        0.00     1.67       8.60       15465.7    6123.7     9342.0     0.724     c3:27.49; c2:26.08
114 H1129TS158_1       158s    MULTICOM_deep        0.084    0.085    2        A1B1     C1        2        0.00     30       0        5.9      29.40      3.30        0.724      0.093      0.19           1          696        0.00     1.66       7.62       18170.2    8095.7     10074.5    0.777     c3:26.15; c2:25.82
115 H1129TS003_1       003     MULTICOM_human       0.084    0.085    2        A1B1     C1        2        0.00     30       0        5.9      29.40      3.30        0.724      0.093      0.19           1          696        0.00     1.66       7.62       18170.2    8095.7     10074.5    0.777     c3:26.15; c2:25.82
116 H1129TS367_1       367     MULTICOM             0.084    0.085    2        A1B1     C1        2        0.00     30       0        5.9      29.40      3.30        0.724      0.093      0.19           1          696        0.00     1.66       7.62       18170.2    8095.7     10074.5    0.777     c3:26.15; c2:25.82
117 H1129TS003_4       003     MULTICOM_human       0.084    0.084    2        A1B1     C1        2        0.00     20       0        5.8      26.30      3.30        0.776      0.075      0.21           1          696        0.00     1.67       8.60       15465.7    6123.7     9342.0     0.724     c3:27.49; c2:26.08
118 H1129TS119_5       119     Kiharalab            0.082    0.084    2        A1B1     C1        2        0.00     48       1        3.0      6.70       2.00        0.797      0.017      0.20           1          696        0.00     0.51       12.88      13972.9    6115.3     7857.6     0.586     c3:26.19; c2:26.66
119 H1129TS350_5       350     ClusPro              0.082    0.082    2        A1B1     C1        2        0.00     189      0        4.8      4.50       5.20        0.724      0.048      0.52           1          696        0.00     1.71       15.00      5893.5     2104.7     3788.8     0.651     c3:23.14; c2:25.33
120 H1129TS350_1       350     ClusPro              0.082    0.082    2        A1B1     C1        2        0.00     189      0        4.8      4.50       5.20        0.724      0.048      0.52           1          696        0.00     1.71       15.00      5893.5     2104.7     3788.8     0.651     c3:23.14; c2:25.33
121 H1129TS278_2       278     PEZYFoldings         0.080    0.080    2        A1B1     C1        2        0.00     29       0        0.0      0.00       0.00        0.764      0.039      0.23           1          696        0.00     1.65       11.37      15876.3    6720.8     9155.6     0.669     c3:26.51; c2:25.20
122 H1129TS054_5       054     UltraFold            0.079    0.079    2        A1B1     C1        2        0.00     73       3        7.8      11.50      5.90        0.678      0.062      0.45           1          696        0.00     1.68       17.52      20319.9    9213.8     11106.1    0.704     c3:25.30; c2:26.07
123 H1129TS399_5       399     BeijingAIProtein     0.079    0.079    2        A1B1     C1        2        0.00     73       3        7.8      11.50      5.90        0.678      0.062      0.45           1          696        0.00     1.68       17.52      20319.9    9213.8     11106.1    0.704     c3:25.30; c2:26.07
124 H1129TS125_5       125s    UltraFold_Server     0.079    0.079    2        A1B1     C1        2        0.00     73       3        7.8      11.50      5.90        0.678      0.062      0.45           1          696        0.00     1.68       17.52      20319.9    9213.8     11106.1    0.704     c3:25.30; c2:26.07
125 H1129TS165_5       165     FTBiot0119           0.078    0.078    2        A1B1     C1        2        0.00     151      6        1.3      1.30       1.30        0.760      0.081      0.40           1          696        0.00     1.67       9.17       13305.7    5708.4     7597.3     0.765     c3:25.60; c2:26.57
126 H1129TS374_4       374     Zheng                0.078    0.078    2        A1B1     C1        2        0.00     26       0        5.5      17.90      3.30        0.721      0.097      0.24           1          696        0.00     1.67       9.32       16809.1    7101.6     9707.5     0.794     c3:27.75; c2:26.41
127 H1129TS188_4       188s    GuijunLab-DeepDA     0.075    0.075    2        A1B1     C1        2        0.00     32       0        4.4      13.30      2.60        0.700      0.119      0.27           1          696        0.00     1.68       10.12      19831.0    7931.3     11899.8    0.829     c3:28.76; c2:26.41
128 H1129TS187_3       187     TRFold               0.073    0.073    2        A1B1     C1        2        0.00     39       0        5.4      15.60      3.30        0.715      0.108      0.20           1          696        0.00     1.66       8.02       19097.9    8154.8     10943.0    0.789     c3:28.60; c2:26.32
129 H1129TS423_3       423     trComplex            0.073    0.073    2        A1B1     C1        2        0.00     39       0        5.4      15.60      3.30        0.715      0.108      0.20           1          696        0.00     1.66       8.02       19097.9    8154.8     10943.0    0.789     c3:28.60; c2:26.32
130 H1129TS350_4       350     ClusPro              0.072    0.073    2        A1B1     C1        2        0.00     260      0        5.4      4.30       7.20        0.629      0.055      0.54           1          696        0.00     3.04       14.93      -663.1     -1075.0    411.8      0.628     c3:22.38; c2:24.57
131 H1129TS086_4       086s    MULTICOM_qa          0.071    0.072    2        A1B1     C1        2        0.00     28       0        6.7      23.10      3.90        0.714      0.083      0.24           1          696        0.00     1.72       7.93       18203.6    7568.8     10634.7    0.740     c3:27.49; c2:26.06
132 H1129TS158_3       158s    MULTICOM_deep        0.071    0.072    2        A1B1     C1        2        0.00     28       0        6.7      23.10      3.90        0.714      0.083      0.24           1          696        0.00     1.72       7.93       18203.6    7568.8     10634.7    0.740     c3:27.49; c2:26.06
133 H1129TS003_3       003     MULTICOM_human       0.071    0.072    2        A1B1     C1        2        0.00     28       0        6.7      23.10      3.90        0.714      0.083      0.24           1          696        0.00     1.72       7.93       18203.6    7568.8     10634.7    0.740     c3:27.49; c2:26.06
134 H1129TS227_4       227     GinobiFold           0.070    0.070    2        A1B1     C1        2        0.00     32       0        2.2      6.10       1.30        0.697      0.059      0.22           1          696        0.00     1.68       16.42      21843.8    8465.8     13378.0    0.781     c3:27.64; c2:27.16
135 H1129TS494_3       494     Venclovas            0.069    0.070    2        A1B1     C1        2        0.00     59       0        3.9      7.40       2.60        0.834      0.028      0.18           1          696        0.00     1.68       19.47      5331.7     2684.0     2647.7     0.628     c3:22.94; c2:24.70
136 H1129TS185_1       185     BAKER                0.069    0.069    2        A1B1     C1        2        0.00     94       1        2.5      3.40       2.00        0.640      0.029      0.33           1          696        0.00     2.72       13.26      11563.9    6020.1     5543.9     0.622     c3:22.55; c2:22.90
137 H1129TS147_5       147     SHT                  0.068    0.069    2        A1B1     C1        2        0.00     92       0        3.4      4.70       2.60        0.656      0.072      0.41           1          696        0.00     1.86       13.92      13448.7    6814.1     6634.6     0.749     c3:25.80; c2:25.97
138 H1129TS091_1       091     UNRES                0.068    0.070    2        A1B1     C1        2        0.00     148      0        2.7      2.80       2.60        0.551      0.053      0.41           1          696        0.00     4.36       17.00      7440.6     3203.5     4237.1     0.658     c3:21.98; c2:23.19
139 H1129TS205_5       205     Zou                  0.068    0.068    2        A1B1     C1        2        0.00     70       0        3.7      6.50       2.60        0.689      0.040      0.38           1          696        0.00     1.70       13.24      20394.1    7550.9     12843.2    0.650     c3:25.98; c2:26.77
140 H1129TS423_2       423     trComplex            0.067    0.067    2        A1B1     C1        2        0.00     52       1        2.8      4.90       2.00        0.714      0.036      0.39           1          696        0.00     1.68       15.65      19530.5    7626.8     11903.8    0.648     c3:25.07; c2:25.85
141 H1129TS312_1       312     Fernandez-Recio      0.067    0.170    2        A1B1     C1        2        0.00     48       0        2.0      4.20       1.30        0.691      0.082      0.27           1          693        0.00     0.58       5.18       3814.0     769.5      3044.5     0.669     c3:21.64; c2:22.91
142 H1129TS187_2       187     TRFold               0.067    0.067    2        A1B1     C1        2        0.00     52       1        2.8      4.90       2.00        0.714      0.036      0.39           1          696        0.00     1.68       15.65      19530.5    7626.8     11903.8    0.648     c3:25.07; c2:25.85
143 H1129TS165_3       165     FTBiot0119           0.063    0.066    2        A1B1     C1        2        0.00     189      10       4.3      4.10       4.60        0.665      0.034      0.40           1          696        0.00     1.79       16.68      15550.0    6226.0     9324.1     0.623     c3:26.42; c2:27.25
144 H1129TS248_1       248     Manifold             0.061    0.061    2        A1B1     C1        2        0.00     28       0        2.1      5.90       1.30        0.695      0.030      0.36           1          696        0.00     1.69       21.09      24834.2    9972.6     14861.5    0.644     c3:27.10; c2:28.39
145 H1129TS091_4       091     UNRES                0.060    0.060    2        A1B1     C1        2        0.00     94       0        2.3      2.80       2.00        0.545      0.035      0.28           1          696        0.00     4.40       13.18      8585.8     4295.4     4290.3     0.628     c3:21.66; c2:24.79
146 H1129TS257_3       257     WL_team              0.059    0.059    2        A1B1     C1        2        0.00     841      8        3.4      2.00       11.10       0.584      0.059      0.26           1          696        0.00     2.97       12.40      2925.6     -1671.1    4596.7     0.603     c3:26.09; c2:24.70
147 H1129TS248_2       248     Manifold             0.058    0.058    2        A1B1     C1        2        0.00     23       0        2.2      6.50       1.30        0.728      0.031      0.33           1          696        0.00     0.58       19.79      22848.4    9158.3     13690.2    0.645     c3:27.85; c2:28.56
148 H1129TS035_1       035s    Manifold-E           0.057    0.057    2        A1B1     C1        2        0.00     24       0        1.1      3.10       0.70        0.730      0.028      0.34           1          696        0.00     0.57       19.80      23722.0    8876.9     14845.2    0.645     c3:27.85; c2:28.56
149 H1129TS312_3       312     Fernandez-Recio      0.056    0.151    2        A1B1     C1        2        0.00     45       0        5.2      12.50      3.30        0.691      0.126      0.28           1          693        0.00     0.58       5.18       4164.8     775.5      3389.3     0.780     c3:23.15; c2:23.40
150 H1129TS035_2       035s    Manifold-E           0.056    0.056    2        A1B1     C1        2        0.00     26       0        2.1      5.70       1.30        0.697      0.030      0.36           1          696        0.00     1.68       21.12      25796.1    9827.9     15968.2    0.644     c3:27.10; c2:28.40
151 H1129TS348_2       348     Takeda-Shitaka_Lab   0.055    0.055    2        A1B1     C1        2        0.00     82       0        3.4      5.10       2.60        0.696      0.036      0.45           1          696        0.00     1.69       18.60      20937.0    8427.9     12509.1    0.646     c3:25.61; c2:27.20
152 H1129TS188_1       188s    GuijunLab-DeepDA     0.055    0.055    2        A1B1     C1        2        0.00     37       0        4.3      12.10      2.60        0.678      0.041      0.30           1          696        0.00     1.67       16.48      20007.2    8598.7     11408.5    0.655     c3:25.06; c2:25.80
153 H1129TS227_3       227     GinobiFold           0.054    0.054    2        A1B1     C1        2        0.00     23       0        6.8      26.10      3.90        0.714      0.111      0.25           1          696        0.00     1.67       11.78      20727.9    8677.5     12050.4    0.820     c3:28.51; c2:26.75
154 H1129TS091_5       091     UNRES                0.054    0.054    2        A1B1     C1        2        0.00     62       0        3.9      7.70       2.60        0.555      0.053      0.20           1          696        0.00     4.64       11.35      8258.4     3658.4     4600.0     0.673     c3:22.70; c2:23.41
155 H1129TS248_3       248     Manifold             0.052    0.052    2        A1B1     C1        2        0.00     23       0        2.2      7.70       1.30        0.716      0.032      0.26           1          696        0.00     1.70       18.37      19684.7    7321.7     12363.0    0.641     c3:27.97; c2:27.02
156 H1129TS169_1       169     GuijunLab-Human      0.050    0.050    2        A1B1     C1        2        0.00     41       0        4.1      9.80       2.60        0.694      0.043      0.31           1          696        0.00     1.67       16.58      19422.6    7634.1     11788.5    0.655     c3:25.18; c2:25.59
157 H1129TS098_1       098s    GuijunLab-Assembly   0.050    0.050    2        A1B1     C1        2        0.00     41       0        4.1      9.80       2.60        0.694      0.043      0.31           1          696        0.00     1.67       16.58      19422.6    7634.1     11788.5    0.655     c3:25.18; c2:25.59
158 H1129TS320_3       320     Elofsson             0.050    0.050    2        A1B1     C1        2        0.00     36       0        2.1      5.70       1.30        0.713      0.060      0.28           1          696        0.00     1.67       12.42      18554.8    7218.3     11336.4    0.714     c3:26.08; c2:25.93
159 H1129TS150_3       150     Grudinin             0.050    0.050    2        A1B1     C1        2        0.00     36       0        2.1      5.70       1.30        0.713      0.060      0.28           1          696        0.00     1.67       12.42      18554.8    7218.3     11336.4    0.714     c3:26.08; c2:25.93
160 H1129TS035_4       035s    Manifold-E           0.050    0.050    2        A1B1     C1        2        0.00     21       0        1.1      4.20       0.70        0.714      0.030      0.24           1          696        0.00     1.70       18.38      20130.9    6667.8     13463.1    0.641     c3:27.97; c2:27.03
161 H1129TS169_2       169     GuijunLab-Human      0.050    0.050    2        A1B1     C1        2        0.00     41       0        4.1      9.80       2.60        0.694      0.043      0.31           1          696        0.00     1.67       16.58      19422.6    7634.1     11788.5    0.655     c3:25.18; c2:25.59
162 H1129TS390_3       390s    NBIS-AF2-multimer    0.050    0.050    2        A1B1     C1        2        0.00     36       0        2.1      5.70       1.30        0.713      0.060      0.28           1          696        0.00     1.67       12.42      18554.8    7218.3     11336.4    0.714     c3:26.08; c2:25.93
163 H1129TS098_4       098s    GuijunLab-Assembly   0.049    0.049    2        A1B1     C1        2        0.00     43       1        5.0      10.60      3.30        0.694      0.088      0.35           1          696        0.00     1.67       13.59      21910.6    8783.3     13127.3    0.822     c3:26.83; c2:25.83
164 H1129TS298_1       298s    MUFold               0.048    0.048    2        A1B1     C1        2        0.00     44       0        2.1      5.40       1.30        0.707      0.039      0.33           1          696        0.00     1.67       16.28      19947.3    8188.6     11758.7    0.655     c3:25.29; c2:25.93
165 H1129TS035_5       035s    Manifold-E           0.047    0.047    2        A1B1     C1        2        0.00     40       0        2.1      4.90       1.30        0.696      0.042      0.35           1          696        0.00     1.68       16.38      17846.4    6417.7     11428.7    0.668     c3:25.75; c2:25.98
166 H1129TS298_4       298s    MUFold               0.047    0.047    2        A1B1     C1        2        0.00     21       0        2.3      10.50      1.30        0.694      0.061      0.16           1          696        0.00     1.66       15.56      22522.3    9000.7     13521.6    0.729     c3:27.23; c2:26.42
167 H1129TS390_5       390s    NBIS-AF2-multimer    0.046    0.046    2        A1B1     C1        2        0.00     23       0        5.7      22.70      3.30        0.708      0.050      0.22           1          696        0.00     1.67       17.18      18959.7    7888.9     11070.8    0.669     c3:26.24; c2:26.39
168 H1129TS348_4       348     Takeda-Shitaka_Lab   0.046    0.046    2        A1B1     C1        2        0.00     81       0        2.5      3.40       2.00        0.686      0.035      0.43           1          696        0.00     1.69       18.91      22468.2    8595.5     13872.8    0.659     c3:25.84; c2:27.64
169 H1129TS248_5       248     Manifold             0.046    0.046    2        A1B1     C1        2        0.00     40       0        2.0      4.70       1.30        0.697      0.042      0.36           1          696        0.00     1.69       16.39      17463.9    6983.7     10480.2    0.667     c3:25.76; c2:25.98
170 H1129TS398_2       398     ChaePred             0.046    0.047    2        A1B1     C1        2        0.00     98       4        2.2      2.60       2.00        0.722      0.036      0.52           1          696        0.00     1.66       16.66      16072.0    6769.6     9302.4     0.651     c3:25.50; c2:26.31
171 H1129TS320_5       320     Elofsson             0.046    0.046    2        A1B1     C1        2        0.00     23       0        5.7      22.70      3.30        0.708      0.050      0.22           1          696        0.00     1.67       17.18      18959.7    7888.9     11070.8    0.669     c3:26.24; c2:26.39
172 H1129TS150_5       150     Grudinin             0.046    0.046    2        A1B1     C1        2        0.00     23       0        5.7      22.70      3.30        0.708      0.050      0.22           1          696        0.00     1.67       17.18      18959.7    7888.9     11070.8    0.669     c3:26.24; c2:26.39
173 H1129TS003_2       003     MULTICOM_human       0.045    0.045    2        A1B1     C1        2        0.00     29       0        4.4      14.30      2.60        0.693      0.070      0.25           1          696        0.00     1.67       12.00      19231.4    7757.3     11474.0    0.740     c3:26.54; c2:25.61
174 H1129TS165_2       165     FTBiot0119           0.045    0.046    2        A1B1     C1        2        0.00     132      2        2.8      3.00       2.60        0.667      0.025      0.35           1          696        0.00     1.79       17.39      14413.2    5643.6     8769.6     0.615     c3:23.25; c2:25.74
175 H1129TS205_4       205     Zou                  0.045    0.045    2        A1B1     C1        2        0.00     75       0        4.4      6.80       3.30        0.693      0.043      0.47           1          696        0.00     1.69       18.93      20648.7    7831.1     12817.6    0.665     c3:25.55; c2:27.09
176 H1129TS158_2       158s    MULTICOM_deep        0.045    0.045    2        A1B1     C1        2        0.00     29       0        4.4      14.30      2.60        0.693      0.070      0.25           1          696        0.00     1.67       12.00      19231.4    7757.3     11474.0    0.740     c3:26.54; c2:25.61
177 H1129TS133_4       133s    ShanghaiTech-TS-SER  0.043    0.043    2        A1B1     C1        2        0.00     87       1        2.5      3.40       2.00        0.759      0.034      0.55           1          696        0.00     1.67       15.06      13370.8    5969.4     7401.5     0.646     c3:24.82; c2:25.75
178 H1129TS011_4       011s    GinobiFold-SER       0.043    0.043    2        A1B1     C1        2        0.00     87       1        2.5      3.40       2.00        0.759      0.034      0.55           1          696        0.00     1.67       15.06      13370.8    5969.4     7401.5     0.646     c3:24.82; c2:25.75
179 H1129TS169_4       169     GuijunLab-Human      0.043    0.043    2        A1B1     C1        2        0.00     46       1        1.1      2.70       0.70        0.696      0.030      0.25           1          696        0.00     1.66       15.27      22165.7    9323.2     12842.5    0.639     c3:25.14; c2:26.18
180 H1129TS119_3       119     Kiharalab            0.043    0.043    2        A1B1     C1        2        0.00     61       1        3.9      7.70       2.60        0.715      0.035      0.41           1          696        0.00     0.52       14.50      18202.0    7593.2     10608.8    0.646     c3:24.11; c2:26.32
181 H1129TS434_3       434     Coqualia             0.043    0.043    2        A1B1     C1        2        0.00     87       1        2.5      3.40       2.00        0.759      0.034      0.55           1          696        0.00     1.67       15.06      13370.8    5969.4     7401.5     0.646     c3:24.82; c2:25.75
182 H1129TS073_1       073s    DFolding-refine      0.042    0.042    2        A1B1     C1        2        0.00     82       3        1.7      2.60       1.30        0.702      0.035      0.43           1          696        0.00     1.72       15.16      15154.7    7092.1     8062.6     0.651     c3:24.55; c2:26.41
183 H1129TS399_2       399     BeijingAIProtein     0.042    0.042    2        A1B1     C1        2        0.00     37       0        2.1      5.40       1.30        0.706      0.032      0.29           1          696        0.00     1.67       16.99      18947.7    8681.3     10266.3    0.641     c3:24.24; c2:25.14
184 H1129TS125_2       125s    UltraFold_Server     0.042    0.042    2        A1B1     C1        2        0.00     37       0        2.1      5.40       1.30        0.706      0.032      0.29           1          696        0.00     1.67       16.99      18947.7    8681.3     10266.3    0.641     c3:24.24; c2:25.14
185 H1129TS054_2       054     UltraFold            0.042    0.042    2        A1B1     C1        2        0.00     37       0        2.1      5.40       1.30        0.706      0.032      0.29           1          696        0.00     1.67       16.99      18947.7    8681.3     10266.3    0.641     c3:24.24; c2:25.14
186 H1129TS086_2       086s    MULTICOM_qa          0.042    0.042    2        A1B1     C1        2        0.00     26       1        0.0      0.00       0.00        0.719      0.024      0.25           1          696        0.00     1.74       15.84      15230.8    6367.2     8863.6     0.635     c3:24.32; c2:24.49
187 H1129TS086_5       086s    MULTICOM_qa          0.042    0.042    2        A1B1     C1        2        0.00     27       1        0.0      0.00       0.00        0.718      0.023      0.26           1          696        0.00     1.74       15.79      15205.4    6337.6     8867.8     0.634     c3:24.35; c2:24.46
188 H1129TS493_5       493     Shen-CAPRI           0.041    0.041    2        A1B1     C1        2        0.00     41       0        3.3      10.00      2.00        0.698      0.066      0.24           1          696        0.00     1.70       14.34      19631.6    8456.5     11175.1    0.729     c3:27.57; c2:27.47
189 H1129TS169_5       169     GuijunLab-Human      0.040    0.040    2        A1B1     C1        2        0.00     64       1        3.6      6.00       2.60        0.697      0.068      0.39           1          696        0.00     1.67       17.25      21528.5    8454.6     13073.9    0.785     c3:26.04; c2:25.90
190 H1129TS119_2       119     Kiharalab            0.039    0.039    2        A1B1     C1        2        0.00     40       0        3.2      9.40       2.00        0.710      0.066      0.24           1          696        0.00     1.67       14.26      20028.0    8409.0     11619.0    0.730     c3:27.38; c2:27.40
191 H1129TS390_1       390s    NBIS-AF2-multimer    0.039    0.039    2        A1B1     C1        2        0.00     40       0        3.2      9.40       2.00        0.710      0.066      0.24           1          696        0.00     1.67       14.26      20028.0    8409.0     11619.0    0.730     c3:27.38; c2:27.40
192 H1129TS398_5       398     ChaePred             0.039    0.040    2        A1B1     C1        2        0.00     89       1        0.8      1.10       0.70        0.726      0.027      0.47           1          696        0.00     1.66       15.45      16118.7    6843.9     9274.8     0.648     c3:25.11; c2:26.89
193 H1129TS169_3       169     GuijunLab-Human      0.039    0.039    2        A1B1     C1        2        0.00     40       0        3.2      9.40       2.00        0.710      0.066      0.24           1          696        0.00     1.67       14.26      20030.8    8417.3     11613.5    0.730     c3:27.38; c2:27.40
194 H1129TS150_1       150     Grudinin             0.039    0.039    2        A1B1     C1        2        0.00     40       0        3.2      9.40       2.00        0.710      0.066      0.24           1          696        0.00     1.67       14.26      20028.0    8409.0     11619.0    0.730     c3:27.38; c2:27.40
195 H1129TS320_1       320     Elofsson             0.039    0.039    2        A1B1     C1        2        0.00     40       0        3.2      9.40       2.00        0.710      0.066      0.24           1          696        0.00     1.67       14.26      20028.0    8409.0     11619.0    0.730     c3:27.38; c2:27.40
196 H1129TS462_1       462s    MultiFOLD            0.039    0.039    2        A1B1     C1        2        0.00     5        0        1.3      25.00      0.70        0.639      0.041      0.05           1          696        0.00     1.93       12.82      24013.7    10022.4    13991.3    0.661     c3:24.97; c2:24.04
197 H1129TS133_5       133s    ShanghaiTech-TS-SER  0.038    0.038    2        A1B1     C1        2        0.00     73       1        0.9      1.30       0.70        0.748      0.030      0.44           1          696        0.00     1.67       14.99      15079.9    6654.7     8425.2     0.646     c3:24.72; c2:26.00
198 H1129TS227_2       227     GinobiFold           0.038    0.038    2        A1B1     C1        2        0.00     73       1        0.9      1.30       0.70        0.748      0.030      0.44           1          696        0.00     1.67       14.99      15079.9    6654.7     8425.2     0.646     c3:24.72; c2:26.00
199 H1129TS367_2       367     MULTICOM             0.038    0.038    2        A1B1     C1        2        0.00     44       1        3.1      7.30       2.00        0.705      0.096      0.25           1          696        0.00     1.66       9.50       17057.6    7765.6     9292.1     0.779     c3:27.51; c2:26.02
200 H1129TS350_2       350     ClusPro              0.038    0.040    2        A1B1     C1        2        0.00     216      2        0.5      0.50       0.70        0.729      0.102      0.34           1          696        0.00     1.67       9.51       6517.3     3053.6     3463.7     0.777     c3:25.64; c2:25.00
201 H1129TS035_3       035s    Manifold-E           0.038    0.038    2        A1B1     C1        2        0.00     16       0        1.2      11.10      0.70        0.752      0.030      0.13           1          696        0.00     1.68       18.66      22183.9    8889.8     13294.1    0.638     c3:27.16; c2:27.49
202 H1129TS011_5       011s    GinobiFold-SER       0.038    0.038    2        A1B1     C1        2        0.00     73       1        0.9      1.30       0.70        0.748      0.030      0.44           1          696        0.00     1.67       14.99      15079.9    6654.7     8425.2     0.646     c3:24.72; c2:26.00
203 H1129TS248_4       248     Manifold             0.037    0.037    2        A1B1     C1        2        0.00     19       0        2.3      11.10      1.30        0.748      0.032      0.22           1          696        0.00     1.68       18.65      21264.0    8950.9     12313.1    0.637     c3:27.15; c2:27.49
204 H1129TS390_4       390s    NBIS-AF2-multimer    0.036    0.036    2        A1B1     C1        2        0.00     39       0        1.1      2.90       0.70        0.712      0.046      0.30           1          696        0.00     1.68       17.25      17802.5    7414.7     10387.8    0.691     c3:25.92; c2:26.81
205 H1129TS350_3       350     ClusPro              0.036    0.038    2        A1B1     C1        2        0.00     224      1        0.5      0.40       0.70        0.731      0.102      0.35           1          696        0.00     1.67       9.54       6368.5     2963.3     3405.2     0.777     c3:25.59; c2:24.97
206 H1129TS187_1       187     TRFold               0.036    0.036    2        A1B1     C1        2        0.00     128      2        2.2      2.40       2.00        0.705      0.058      0.47           1          696        0.00     1.70       15.09      15278.3    6349.9     8928.4     0.719     c3:26.01; c2:26.33
207 H1129TS150_4       150     Grudinin             0.036    0.036    2        A1B1     C1        2        0.00     39       0        1.1      2.90       0.70        0.712      0.046      0.30           1          696        0.00     1.68       17.25      17802.5    7414.7     10387.8    0.691     c3:25.92; c2:26.81
208 H1129TS423_1       423     trComplex            0.036    0.036    2        A1B1     C1        2        0.00     128      2        2.2      2.40       2.00        0.705      0.058      0.47           1          696        0.00     1.70       15.09      15278.3    6349.9     8928.4     0.719     c3:26.01; c2:26.33
209 H1129TS320_4       320     Elofsson             0.036    0.036    2        A1B1     C1        2        0.00     39       0        1.1      2.90       0.70        0.712      0.046      0.30           1          696        0.00     1.68       17.25      17802.5    7414.7     10387.8    0.691     c3:25.92; c2:26.81
210 H1129TS225_5       225     ShanghaiTech         0.036    0.036    2        A1B1     C1        2        0.00     39       0        1.1      2.90       0.70        0.712      0.046      0.30           1          696        0.00     1.68       17.25      17802.5    7414.7     10387.8    0.691     c3:25.92; c2:26.81
211 H1129TS298_3       298s    MUFold               0.035    0.035    2        A1B1     C1        2        0.00     48       0        3.2      9.10       2.00        0.690      0.066      0.28           1          696        0.00     1.67       13.73      19996.4    7605.6     12390.8    0.728     c3:26.58; c2:25.70
212 H1129TS158_5       158s    MULTICOM_deep        0.035    0.035    2        A1B1     C1        2        0.00     34       1        2.2      6.50       1.30        0.707      0.056      0.23           1          696        0.00     1.66       12.58      18641.2    8220.7     10420.5    0.687     c3:26.41; c2:26.06
213 H1129TS227_1       227     GinobiFold           0.034    0.034    2        A1B1     C1        2        0.00     81       0        1.7      2.30       1.30        0.754      0.032      0.55           1          696        0.00     1.68       15.57      14567.0    5858.2     8708.8     0.647     c3:25.14; c2:25.83
214 H1129TS133_1       133s    ShanghaiTech-TS-SER  0.034    0.034    2        A1B1     C1        2        0.00     81       0        1.7      2.30       1.30        0.754      0.032      0.55           1          696        0.00     1.68       15.57      14567.0    5858.2     8708.8     0.647     c3:25.14; c2:25.83
215 H1129TS011_1       011s    GinobiFold-SER       0.034    0.034    2        A1B1     C1        2        0.00     81       0        1.7      2.30       1.30        0.754      0.032      0.55           1          696        0.00     1.68       15.57      14567.0    5858.2     8708.8     0.647     c3:25.14; c2:25.83
216 H1129TS444_2       444     CoDock               0.033    0.034    2        A1B1     C1        2        0.00     104      0        0.0      0.00       0.00        0.710      0.025      0.44           1          696        0.00     1.73       14.53      9671.8     4877.6     4794.2     0.641     c3:22.07; c2:24.18
217 H1129TS073_5       073s    DFolding-refine      0.033    0.033    2        A1B1     C1        2        0.00     34       2        4.2      10.50      2.60        0.718      0.092      0.27           1          696        0.00     1.71       11.14      16941.5    7828.7     9112.8     0.781     c3:26.89; c2:26.12
218 H1129TS185_3       185     BAKER                0.033    0.033    2        A1B1     C1        2        0.00     181      1        1.3      1.30       1.30        0.618      0.026      0.46           1          696        0.00     2.94       14.85      10753.0    5619.8     5133.2     0.615     c3:21.80; c2:23.14
219 H1129TS374_1       374     Zheng                0.032    0.032    2        A1B1     C1        2        0.00     39       0        1.1      2.90       0.70        0.751      0.027      0.32           1          696        0.00     1.67       15.89      15905.5    6262.7     9642.8     0.633     c3:25.47; c2:25.25
220 H1129TS073_4       073s    DFolding-refine      0.031    0.031    2        A1B1     C1        2        0.00     49       2        0.0      0.00       0.00        0.680      0.031      0.32           1          696        0.00     1.67       18.70      19341.1    8597.5     10743.5    0.665     c3:24.86; c2:26.50
221 H1129TS398_1       398     ChaePred             0.029    0.029    2        A1B1     C1        2        0.00     144      4        0.0      0.00       0.00        0.724      0.024      0.52           1          696        0.00     1.66       16.08      15256.1    6423.6     8832.5     0.641     c3:25.61; c2:25.72
222 H1129TS185_2       185     BAKER                0.028    0.028    2        A1B1     C1        2        0.00     154      0        0.7      0.70       0.70        0.638      0.029      0.34           1          696        0.00     2.56       16.98      8462.8     4705.6     3757.2     0.622     c3:22.00; c2:22.16
223 H1129TS398_4       398     ChaePred             0.027    0.028    2        A1B1     C1        2        0.00     117      1        0.0      0.00       0.00        0.723      0.025      0.39           1          696        0.00     1.66       14.05      15957.1    6838.5     9118.6     0.649     c3:25.18; c2:26.50
224 H1129TS188_2       188s    GuijunLab-DeepDA     0.027    0.027    2        A1B1     C1        2        0.00     24       0        0.0      0.00       0.00        0.700      0.026      0.24           1          696        0.00     1.68       19.04      21483.7    8310.9     13172.8    0.637     c3:25.09; c2:26.77
225 H1129TS298_2       298s    MUFold               0.027    0.027    2        A1B1     C1        2        0.00     29       0        1.1      2.90       0.70        0.694      0.030      0.30           1          696        0.00     1.67       17.65      19633.7    8149.6     11484.1    0.643     c3:24.87; c2:26.66
226 H1129TS185_5       185     BAKER                0.023    0.023    2        A1B1     C1        2        0.00     258      0        0.5      0.40       0.70        0.649      0.020      0.29           1          696        0.00     2.85       17.16      7439.1     4600.4     2838.7     0.593     c3:22.55; c2:22.38
227 H1129TS278_4       278     PEZYFoldings         0.023    0.023    2        A1B1     C1        2        0.00     29       0        1.1      2.80       0.70        0.725      0.031      0.33           1          696        0.00     1.65       17.19      17772.7    8107.0     9665.7     0.638     c3:25.52; c2:25.99
228 H1129TS245_1       245s    FoldEver             0.022    0.030    2        A1B1     C1        2        0.00     1069     19       0.7      0.40       2.60        0.655      0.067      0.23           1          696        0.00     2.02       10.47      -3171.8    -1749.5    -1422.2    0.680     c3:24.71; c2:26.43
229 H1129TS385_1       385     FoldEver-Hybrid      0.022    0.030    2        A1B1     C1        2        0.00     1069     19       0.7      0.40       2.60        0.655      0.067      0.23           1          696        0.00     2.02       10.47      -3171.8    -1749.5    -1422.2    0.680     c3:24.71; c2:26.43
230 H1129TS245_4       245s    FoldEver             0.021    0.022    2        A1B1     C1        2        0.00     3047     208      1.4      0.70       14.40       0.423      0.056      0.13           1          696        0.00     1.78       11.35      -7457.5    -2982.0    -4475.5    0.586     c3:22.80; c2:24.11
231 H1129TS462_5       462s    MultiFOLD            0.019    0.019    2        A1B1     C1        2        0.00     24       0        1.1      4.30       0.70        0.633      0.072      0.17           1          696        0.00     1.94       13.71      23543.0    9597.8     13945.2    0.764     c3:25.93; c2:23.84
232 H1129TS234_4       234     Panlab               0.018    0.018    2        A1B1     C1        2        0.00     45       2        0.0      0.00       0.00        0.709      0.027      0.26           1          696        0.00     1.67       13.96      14066.5    4044.4     10022.1    0.635     c3:25.66; c2:26.11
233 H1129TS234_3       234     Panlab               0.017    0.017    2        A1B1     C1        2        0.00     39       1        0.0      0.00       0.00        0.709      0.028      0.26           1          696        0.00     1.67       14.13      14178.7    4090.2     10088.5    0.636     c3:25.48; c2:26.35
234 H1129TS234_1       234     Panlab               0.017    0.017    2        A1B1     C1        2        0.00     43       1        0.0      0.00       0.00        0.709      0.027      0.26           1          696        0.00     1.67       14.05      14091.5    4054.2     10037.3    0.635     c3:25.60; c2:26.16
235 H1129TS037_2       037     Wallner              0.016    0.016    2        A1B1     C1        2        0.00     54       0        0.0      0.00       0.00        0.672      0.037      0.38           1          696        0.00     1.66       20.87      21572.5    8393.5     13179.0    0.685     c3:25.02; c2:25.83
236 H1129TS188_3       188s    GuijunLab-DeepDA     0.016    0.016    2        A1B1     C1        2        0.00     33       0        0.0      0.00       0.00        0.686      0.031      0.27           1          696        0.00     1.68       20.01      21679.5    8506.2     13173.3    0.650     c3:25.37; c2:26.67
237 H1129TS494_2       494     Venclovas            0.015    0.015    2        A1B1     C1        2        0.00     63       1        1.0      1.80       0.70        0.832      0.013      0.14           1          696        0.00     1.68       21.02      5431.0     2698.2     2732.9     0.586     c3:21.46; c2:22.82
238 H1129TS462_3       462s    MultiFOLD            0.014    0.014    2        A1B1     C1        2        0.00     7        0        0.0      0.00       0.00        0.634      0.046      0.07           1          696        0.00     1.86       14.44      23843.6    9964.9     13878.8    0.713     c3:24.60; c2:24.24
239 H1129TS462_4       462s    MultiFOLD            0.013    0.013    2        A1B1     C1        2        0.00     2        0        1.2      12.50      0.70        0.637      0.048      0.11           1          696        0.00     1.87       15.43      24354.2    10011.7    14342.6    0.728     c3:25.49; c2:24.82
240 H1129TS234_5       234     Panlab               0.013    0.013    2        A1B1     C1        2        0.00     38       0        0.0      0.00       0.00        0.710      0.027      0.21           1          696        0.00     1.67       15.67      14156.5    4032.5     10124.0    0.633     c3:25.12; c2:26.83
241 H1129TS234_2       234     Panlab               0.012    0.012    2        A1B1     C1        2        0.00     40       0        0.0      0.00       0.00        0.710      0.028      0.23           1          696        0.00     1.67       15.75      14118.6    4003.9     10114.7    0.633     c3:25.18; c2:26.67
242 H1129TS131_1       131s    Kiharalab_Server     0.011    0.011    2        A1B1     C1        2        0.00     4        0        0.0      0.00       0.00        0.700      0.043      0.04           1          696        0.00     0.51       14.15      21897.7    8549.4     13348.3    0.697     c3:28.07; c2:26.66
243 H1129TS131_5       131s    Kiharalab_Server     0.010    0.010    2        A1B1     C1        2        0.00     5        0        0.0      0.00       0.00        0.711      0.035      0.07           1          696        0.00     0.50       14.86      21588.1    8694.9     12893.2    0.667     c3:27.70; c2:26.37
244 H1129TS225_1       225     ShanghaiTech         0.009    0.009    2        A1B1     C1        2        0.00     3637     107      0.3      0.10       3.30        0.501      0.016      0.07           1          696        0.00     2.65       15.94      -11619.3   -6024.7    -5594.7    0.554     c3:24.94; c2:26.19
245 H1129TS225_2       225     ShanghaiTech         0.009    0.009    2        A1B1     C1        2        0.00     2598     42       0.3      0.20       2.60        0.518      0.016      0.12           1          696        0.00     2.80       13.33      -7787.5    -4433.9    -3353.6    0.562     c3:23.44; c2:24.70
246 H1129TS245_3       245s    FoldEver             0.009    0.011    2        A1B1     C1        2        0.00     4670     275      0.5      0.30       7.80        0.341      0.032      0.08           1          696        0.00     2.08       14.04      -14343.7   -5877.5    -8466.2    0.576     c3:22.67; c2:21.93
247 H1129TS225_4       225     ShanghaiTech         0.007    0.007    2        A1B1     C1        2        0.00     885      20       0.0      0.00       0.00        0.667      0.027      0.29           1          696        0.00     2.32       15.52      -2193.1    -1290.2    -902.9     0.615     c3:22.26; c2:23.86
248 H1129TS245_5       245s    FoldEver             0.007    0.008    2        A1B1     C1        2        0.00     1349     39       0.0      0.00       0.00        0.622      0.030      0.21           1          696        0.00     1.97       12.79      -3146.3    -1753.2    -1393.0    0.622     c3:23.74; c2:23.40
249 H1129TS245_2       245s    FoldEver             0.004    0.004    2        A1B1     C1        2        0.00     3725     214      0.1      0.00       0.70        0.428      0.006      0.07           1          696        0.00     2.20       17.07      -10416.7   -3891.8    -6525.0    0.559     c3:24.10; c2:24.45
250 H1129TS131_2       131s    Kiharalab_Server     0.002    0.002    2        A1B1     C1        2        0.00     27       0        0.0      0.00       0.00        0.703      0.029      0.18           1          696        0.00     0.50       19.32      18913.6    7885.1     11028.5    0.656     c3:26.31; c2:27.21
251 H1129TS215_2       215s    XRC_VU               0.001    0.001    2        A1B1     C1        2        0.00     156      3        0.0      0.00       0.00        0.672      0.012      0.13           1          696        0.00     1.89       24.58      13241.9    3407.9     9834.0     0.588     c3:25.17; c2:26.35
252 H1129TS441_5       441     OpenFold             0.000    0.000    2        A1B1     C1        2        0.00     0        0        0.0      0.00       0.00        0.556      0.005      0.00           1          696        0.00     1.68       28.11      46898.3    18551.2    28347.1    0.564     c3:28.26; c2:27.00
253 H1129TS312_4       312     Fernandez-Recio      0.000    0.000    2        A1B1     C1        2        0.00     85       0        0.0      0.00       0.00        0.688      0.004      0.02           1          693        0.00     0.58       21.81      2645.0     468.6      2176.3     0.555     c3:20.78; c2:22.91
254 H1129TS433_1       433     OpenFold-SingleSeq   0.000    0.000    2        A1B1     C1        2        0.00     4        0        0.0      0.00       0.00        0.586      0.004      0.00           1          696        0.00     1.69       32.49      26426.6    11545.7    14881.0    0.558     c3:23.49; c2:24.23
255 H1129TS131_3       131s    Kiharalab_Server     0.000    0.000    2        A1B1     C1        2        0.00     15       0        0.0      0.00       0.00        0.696      0.027      0.13           1          696        0.00     0.50       21.17      21801.5    8813.8     12987.8    0.650     c3:26.11; c2:26.96
256 H1129TS215_1       215s    XRC_VU               0.000    0.000    2        A1B1     C1        2        0.00     13       0        0.0      0.00       0.00        0.688      0.002      0.00           1          696        0.00     1.83       38.25      18778.2    7946.0     10832.2    0.551     c3:23.85; c2:24.87
257 H1129TS494_4       494     Venclovas            0.000    0.000    2        A1B1     C1        2        0.00     57       0        0.0      0.00       0.00        0.832      0.015      0.24           1          696        0.00     1.68       14.83      5649.3     2734.8     2914.6     0.595     c3:23.54; c2:24.30
258 H1129TS493_4       493     Shen-CAPRI           0.000    0.000    2        A1B1     C1        2        0.00     85       0        0.0      0.00       0.00        0.688      0.003      0.17           1          696        0.00     1.69       28.61      11554.5    1907.5     9647.0     0.556     c3:25.60; c2:27.85
259 H1129TS493_3       493     Shen-CAPRI           0.000    0.000    2        A1B1     C1        2        0.00     120      0        0.0      0.00       0.00        0.686      0.003      0.00           1          696        0.00     1.69       34.17      11041.6    1741.7     9299.9     0.555     c3:25.84; c2:27.48
260 H1129TS441_3       441     OpenFold             0.000    0.000    2        A1B1     C1        2        0.00     17       0        0.0      0.00       0.00        0.567      0.002      0.00           1          696        0.00     2.47       46.33      25520.4    10986.4    14534.0    0.194     c3:25.16; c2:25.34
261 H1129TS441_2       441     OpenFold             0.000    0.000    2        A1B1     C1        2        0.00     3        0        0.0      0.00       0.00        0.596      0.005      0.01           1          696        0.00     1.69       27.61      27170.8    11009.2    16161.6    0.561     c3:23.13; c2:23.93
262 H1129TS314_3       314     Pierce               0.000    0.000    2        A1B1     C1        2        0.00     125      1        0.0      0.00       0.00        0.766      0.004      0.01           1          696        0.00     1.68       31.86      10866.6    5485.3     5381.3     0.557     c3:24.28; c2:27.08
263 H1129TS312_5       312     Fernandez-Recio      0.000    0.000    2        A1B1     C1        2        0.00     51       1        0.0      0.00       0.00        0.706      0.067      0.11           1          693        0.00     0.58       12.85      4640.9     1149.5     3491.4     0.702     c3:22.14; c2:22.89
264 H1129TS215_4       215s    XRC_VU               0.000    0.000    2        A1B1     C1        2        0.00     10       0        0.0      0.00       0.00        0.628      0.008      0.03           1          696        0.00     1.89       25.42      25330.3    10609.1    14721.2    0.574     c3:25.55; c2:26.97
265 H1129TS447_2       447     DELCLAB              0.000    0.000    2        A1B1     C1        2        0.00     200      1        0.0      0.00       0.00        0.631      0.004      0.00           1          696        0.00     2.23       26.38      1810.6     -1080.3    2890.9     0.552     c3:20.86; c2:21.74
266 H1129TS278_5       278     PEZYFoldings         0.000    0.000    2        A1B1     C1        2        0.00     0        0        -        -          -           0.718      0.004      -              1          696        0.00     1.67       -          22920.2    9095.5     13824.7    0.557     c3:24.47; c2:25.99
267 H1129TS312_2       312     Fernandez-Recio      0.000    0.000    2        A1B1     C1        2        0.00     84       0        0.0      0.00       0.00        0.688      0.004      0.04           1          693        0.00     0.58       22.41      2782.5     568.5      2214.0     0.555     c3:22.28; c2:23.73
268 H1129TS333_2       333s    FALCON0              0.000    0.000    2        A1B1     C1        2        0.00     0        0        -        -          -           0.488      0.000      -              1          696        0.00     1.82       -          75503.0    28421.0    47082.1    0.546     -
269 H1129TS433_3       433     OpenFold-SingleSeq   0.000    0.000    2        A1B1     C1        2        0.00     17       0        0.0      0.00       0.00        0.567      0.002      0.00           1          696        0.00     2.47       46.33      25520.4    10986.4    14534.0    0.194     c3:25.16; c2:25.34
270 H1129TS433_5       433     OpenFold-SingleSeq   0.000    0.000    2        A1B1     C1        2        0.00     0        0        0.0      0.00       0.00        0.556      0.005      0.00           1          696        0.00     1.68       28.11      46898.3    18551.2    28347.1    0.564     c3:28.26; c2:27.00
271 H1129TS333_3       333s    FALCON0              0.000    0.000    2        A1B1     C1        2        0.00     0        0        -        -          -           0.488      0.000      -              1          696        0.00     3.92       -          73721.0    27833.5    45887.6    0.545     -
272 H1129TS215_5       215s    XRC_VU               0.000    0.000    2        A1B1     C1        2        0.00     20       0        0.0      0.00       0.00        0.580      0.011      0.07           1          696        0.00     2.33       26.67      39419.4    16111.6    23307.8    0.592     c3:27.35; c2:29.29
273 H1129TS215_3       215s    XRC_VU               0.000    0.000    2        A1B1     C1        2        0.00     1        0        0.0      0.00       0.00        0.663      0.002      0.00           1          696        0.00     1.79       39.68      29571.2    12058.5    17512.7    0.551     c3:24.78; c2:25.60
274 H1129TS368_4       368s    FALCON2              0.000    0.000    2        A1B1     C1        2        0.00     0        0        -        -          -           0.336      0.000      -              1          696        0.00     7.06       -          75288.4    28875.6    46412.8    0.494     -
275 H1129TS441_4       441     OpenFold             0.000    0.000    2        A1B1     C1        2        0.00     5        0        0.0      0.00       0.00        0.569      0.004      0.00           1          696        0.00     1.70       33.16      32575.7    13083.3    19492.5    0.557     c3:25.70; c2:27.49
276 H1129TS333_5       333s    FALCON0              0.000    0.000    2        A1B1     C1        2        0.00     0        0        -        -          -           0.362      0.000      -              1          696        0.00     6.48       -          75970.9    28586.6    47384.4    0.514     -
277 H1129TS368_1       368s    FALCON2              0.000    0.000    2        A1B1     C1        2        0.00     0        0        -        -          -           0.488      0.000      -              1          696        0.00     4.82       -          73364.6    27627.7    45736.9    0.543     -
278 H1129TS368_2       368s    FALCON2              0.000    0.000    2        A1B1     C1        2        0.00     0        0        -        -          -           0.488      0.000      -              1          696        0.00     1.82       -          75503.0    28421.0    47082.1    0.546     -
279 H1129TS368_5       368s    FALCON2              0.000    0.000    2        A1B1     C1        2        0.00     0        0        -        -          -           0.362      0.000      -              1          696        0.00     6.48       -          75970.9    28586.6    47384.4    0.514     -
280 H1129TS314_2       314     Pierce               0.000    0.000    2        A1B1     C1        2        0.00     145      0        0.0      0.00       0.00        0.765      0.004      0.01           1          696        0.00     1.69       33.38      11068.0    5618.9     5449.1     0.558     c3:23.79; c2:25.01
281 H1129TS447_3       447     DELCLAB              0.000    0.000    2        A1B1     C1        2        0.00     140      0        0.0      0.00       0.00        0.635      0.005      0.03           1          696        0.00     2.14       23.03      2382.0     -859.8     3241.8     0.558     c3:20.96; c2:21.70
282 H1129TS441_1       441     OpenFold             0.000    0.000    2        A1B1     C1        2        0.00     4        0        0.0      0.00       0.00        0.586      0.004      0.00           1          696        0.00     1.69       32.49      26426.6    11545.7    14881.0    0.558     c3:23.49; c2:24.23
283 H1129TS433_4       433     OpenFold-SingleSeq   0.000    0.000    2        A1B1     C1        2        0.00     5        0        0.0      0.00       0.00        0.569      0.004      0.00           1          696        0.00     1.70       33.16      32575.7    13083.3    19492.5    0.557     c3:25.70; c2:27.49
284 H1129TS314_5       314     Pierce               0.000    0.000    2        A1B1     C1        2        0.00     146      0        0.0      0.00       0.00        0.721      0.003      0.02           1          696        0.00     1.88       40.35      10259.2    5619.8     4639.4     0.551     c3:24.88; c2:25.53
285 H1129TS314_4       314     Pierce               0.000    0.000    2        A1B1     C1        2        0.00     149      0        0.0      0.00       0.00        0.709      0.004      0.01           1          696        0.00     1.96       32.20      10153.7    5460.8     4692.9     0.553     c3:26.21; c2:26.39
286 H1129TS368_3       368s    FALCON2              0.000    0.000    2        A1B1     C1        2        0.00     0        0        -        -          -           0.488      0.000      -              1          696        0.00     3.92       -          73721.0    27833.5    45887.6    0.545     -
287 H1129TS462_2       462s    MultiFOLD            0.000    0.000    2        A1B1     C1        2        0.00     0        0        -        -          -           0.636      0.031      -              1          696        0.00     1.85       -          24381.9    10177.9    14204.0    0.646     c3:23.22; c2:23.86
288 H1129TS333_1       333s    FALCON0              0.000    0.000    2        A1B1     C1        2        0.00     0        0        -        -          -           0.488      0.000      -              1          696        0.00     4.82       -          73364.6    27627.7    45736.9    0.543     -
289 H1129TS447_5       447     DELCLAB              0.000    0.000    2        A1B1     C1        2        0.00     184      0        0.0      0.00       0.00        0.637      0.004      0.00           1          696        0.00     2.17       25.36      1649.1     -1146.6    2795.8     0.555     c3:21.31; c2:21.92
290 H1129TS447_4       447     DELCLAB              0.000    0.000    2        A1B1     C1        2        0.00     168      0        0.0      0.00       0.00        0.638      0.004      0.01           1          696        0.00     2.15       26.05      2179.5     -786.2     2965.7     0.174     c3:22.14; c2:21.77
291 H1129TS433_2       433     OpenFold-SingleSeq   0.000    0.000    2        A1B1     C1        2        0.00     3        0        0.0      0.00       0.00        0.596      0.005      0.01           1          696        0.00     1.69       27.61      27170.8    11009.2    16161.6    0.561     c3:23.13; c2:23.93
292 H1129TS447_1       447     DELCLAB              0.000    0.000    2        A1B1     C1        2        0.00     160      0        0.0      0.00       0.00        0.634      0.004      0.01           1          696        0.00     2.19       26.08      2355.0     -966.3     3321.3     0.554     c3:22.10; c2:21.69
293 H1129TS333_4       333s    FALCON0              0.000    0.000    2        A1B1     C1        2        0.00     0        0        -        -          -           0.336      0.000      -              1          696        0.00     7.06       -          75288.4    28875.6    46412.8    0.494     -
294 H1129TS477_1       477     DMP                  0.000    0.000    2        A1B1     C1        1        0.00     36       0        10.4     25.60      6.50        0.466      -          0.33           1          696        0.00     1.73       10.23      12302.9    5457.4     6251.5     0.687     c3:24.09; c2:23.80
295 H1129TS493_1       493     Shen-CAPRI           0.000    0.000    2        A1B1     C1        2        0.00     98       0        0.0      0.00       0.00        0.687      0.004      0.03           1          696        0.00     1.69       27.77      11315.1    1799.5     9515.6     0.558     c3:26.30; c2:28.71
296 H1129TS314_1       314     Pierce               0.000    0.000    2        A1B1     C1        2        0.00     193      2        0.0      0.00       0.00        0.767      0.003      0.02           1          696        0.00     1.68       39.42      10363.0    5206.2     5156.8     0.555     c3:24.06; c2:24.66
297 H1129TS494_5       494     Venclovas            0.000    0.000    2        A1B1     C1        2        0.00     61       0        0.0      0.00       0.00        0.700      0.009      0.10           1          696        0.00     1.68       38.14      8138.6     3027.1     5111.5     0.569     c3:23.83; c2:24.86
298 H1129TS493_2       493     Shen-CAPRI           0.000    0.000    2        A1B1     C1        2        0.00     123      0        0.0      0.00       0.00        0.686      0.003      0.01           1          696        0.00     1.69       34.90      11089.5    1849.7     9239.8     0.554     c3:25.64; c2:26.53