    Model              Gr.Code Group                QSglob   QSbest   Mol.Size Stoich.  Symm.     SymmSize SymmRMSD No.Conts No.Clash F1       Prec.Iface Recal.Iface lDDToligo  DockQ_Avg  Jaccard.Coeff. Align.Size Align.Len  Orient   LocalRMSD  Iface.RMSD SA.total   SA.polar  SA.apolar  TMscore    SymmGr.RMSD
1   H1137TS397_1       397     bio3d                0.896    0.925    10       A1B1C1D1E1F1G2H1I1 C2        2        1.93     3706     12       82.6     83.33      82.36       0.821      0.617      0.84           8          2743       0.04     5.70       0.68       53954.5    25432.0    28522.5    0.869     c5:99.31; c3:24.67; c2:42.53
2   H1137TS439_5       439     Yang                 0.891    0.924    10       A1B1C1D1E1F1G2H1I1 C2        4        1.47     3251     2        81.4     87.56      76.90       0.797      0.475      0.83           5          1844       0.10     9.10       0.73       57673.3    26829.3    30844.0    0.749     d5:91.93; c5:76.77; c3:21.15; c2:16.76
3   H1137TS239_1       239s    Yang-Multimer        0.891    0.924    10       A1B1C1D1E1F1G2H1I1 C2        4        1.47     3251     2        81.4     87.56      76.90       0.797      0.475      0.83           5          1844       0.10     9.10       0.73       57673.3    26829.3    30844.0    0.749     d5:91.93; c5:76.77; c3:21.15; c2:16.76
4   H1137TS239_5       239s    Yang-Multimer        0.890    0.924    10       A1B1C1D1E1F1G2H1I1 C2        4        1.24     3258     2        81.3     87.42      76.93       0.797      0.479      0.83           5          1844       0.10     9.10       0.73       49895.1    23359.1    26536.0    0.750     c5:93.37; c3:21.18; c2:14.73
5   H1137TS035_2       035s    Manifold-E           0.890    0.924    10       A1B1C1D1E1F1G2H1I1 C2        2        1.70     3435     12       81.7     85.40      78.90       0.809      0.576      0.82           8          2744       0.01     4.58       0.67       116044.0   45878.7    70165.5    0.796     c3:53.60; c2:36.30
6   H1137TS239_4       239s    Yang-Multimer        0.887    0.923    10       A1B1C1D1E1F1G2H1I1 C2        4        1.25     3266     3        81.2     87.21      76.90       0.795      0.475      0.83           5          1844       0.10     9.10       0.73       49070.0    23094.2    25975.7    0.749     c5:95.23; c3:22.60; c2:14.75
7   H1137TS494_1       494     Venclovas            0.886    0.924    10       A1B1C1D1E1F1G2H1I1 C2        4        1.23     3394     0        82.2     85.73      79.57       0.802      0.509      0.84           7          2411       0.05     7.48       0.73       26813.9    12292.7    14521.3    0.798     d5:92.76; c3:22.06; c2:83.18; c2:84.95; c2:77.37
8   H1137TS239_3       239s    Yang-Multimer        0.880    0.911    10       A1B1C1D1E1F1G2H1I1 C2        4        1.88     3371     23       78.6     83.59      75.08       0.764      0.437      0.81           5          1385       0.03     5.83       0.73       58191.5    26923.9    31267.6    0.728     d5:83.80; c10:91.05; c5:72.83; c3:23.62; c2:76.70; c2:76.08; c2:78.15; c2:78.83; c2:79.18; c2:77.93
9   H1137TS073_4       073s    DFolding-refine      0.878    0.922    10       A1B1C1D1E1F1G2H1I1 C2        4        6.04     3603     21       79.9     83.62      77.31       0.809      0.566      0.82           10         3342       0.04     6.44       0.78       100981.0   38027.4    62953.2    0.891     c5:94.85; c2:30.61
10  H1137TS288_4       288s    DFolding-server      0.878    0.922    10       A1B1C1D1E1F1G2H1I1 C2        4        6.04     3603     21       79.9     83.62      77.31       0.809      0.566      0.82           10         3342       0.04     6.44       0.78       100981.0   38027.4    62953.2    0.891     c5:94.85; c2:30.61
11  H1137TS073_5       073s    DFolding-refine      0.877    0.913    10       A1B1C1D1E1F1G2H1I1 C2        2        1.87     3532     23       79.1     82.50      76.67       0.803      0.539      0.82           10         3342       0.04     6.82       0.77       98688.9    38551.0    60137.9    0.882     c3:26.04
12  H1137TS288_5       288s    DFolding-server      0.877    0.913    10       A1B1C1D1E1F1G2H1I1 C2        2        1.87     3532     23       79.1     82.50      76.67       0.803      0.539      0.82           10         3342       0.04     6.82       0.77       98688.9    38551.0    60137.9    0.882     c3:26.04
13  H1137TS288_3       288s    DFolding-server      0.868    0.918    10       A1B1C1D1E1F1G2H1I1 C2        4        6.91     3638     20       79.0     81.70      76.86       0.807      0.562      0.82           10         3342       0.05     6.77       0.79       101214.0   39361.5    61852.2    0.885     d5:96.48; c5:83.46; c3:24.73; c2:27.95
14  H1137TS073_3       073s    DFolding-refine      0.868    0.918    10       A1B1C1D1E1F1G2H1I1 C2        4        6.91     3638     20       79.0     81.70      76.86       0.807      0.562      0.82           10         3342       0.05     6.77       0.79       101214.0   39361.5    61852.2    0.885     d5:96.48; c5:83.46; c3:24.73; c2:27.95
15  H1137TS439_2       439     Yang                 0.868    0.901    10       A1B1C1D1E1F1G2H1I1 C2        4        1.56     3154     0        79.3     85.91      74.80       0.788      0.549      0.80           10         3273       0.06     5.75       0.71       60176.1    27953.5    32222.6    0.888     d5:99.30; c10:98.99; c5:82.72; c3:22.61; c2:34.53
16  H1137TS119_4       119     Kiharalab            0.868    0.905    10       A1B1C1D1E1F1G2H1I1 C2        2        1.93     3366     0        80.0     84.82      76.68       0.785      0.529      0.83           9          3043       0.02     6.69       0.60       118509.0   50216.3    68292.4    0.873     c2:30.36
17  H1137TS239_2       239s    Yang-Multimer        0.865    0.897    10       A1B1C1D1E1F1G2H1I1 C2        4        1.63     3111     11       77.0     86.28      70.82       0.757      0.374      0.78           4          1114       0.04     2.00       0.49       65868.3    29407.6    36460.7    0.671     d5:89.71; c10:99.34; c5:76.35; c3:92.58; c2:26.62
18  H1137TS439_4       439     Yang                 0.863    0.897    10       A1B1C1D1E1F1G2H1I1 C2        4        1.35     3091     0        78.8     87.16      72.96       0.780      0.444      0.80           4          1114       0.04     1.68       0.78       54833.8    25388.4    29445.4    0.769     c2:38.03
19  H1137TS439_1       439     Yang                 0.863    0.896    10       A1B1C1D1E1F1G2H1I1 C2        4        1.62     3099     1        78.6     85.53      73.74       0.781      0.523      0.80           9          2915       0.08     6.04       0.16       62210.8    28785.3    33425.5    0.870     d5:91.60; c5:75.98; c3:19.96; c2:20.72
20  H1137TS257_3       257     WL_team              0.862    0.918    10       A1B1C1D1E1F1G2H1I1 C2        4        1.22     3902     19       81.5     79.54      84.12       0.824      0.605      0.82           8          2744       0.02     6.14       0.46       101148.0   41908.5    59239.4    0.880     c2:27.29
21  H1137TS494_2       494     Venclovas            0.859    0.895    10       A1B1C1D1E1F1G2H1I1 C2        4        1.40     3629     38       79.8     82.60      79.36       0.772      0.497      0.81           8          2676       0.02     7.51       0.72       23204.8    10763.5    12441.3    0.818     c3:21.02; c2:71.37; c2:76.59
22  H1137TS073_2       073s    DFolding-refine      0.859    0.920    10       A1B1C1D1E1F1G2H1I1 C2        4        5.61     3745     32       78.8     80.47      77.60       0.811      0.561      0.81           10         3342       0.03     6.48       0.87       95621.1    36747.6    58873.6    0.891     c3:30.57; c2:27.81
23  H1137TS288_2       288s    DFolding-server      0.859    0.920    10       A1B1C1D1E1F1G2H1I1 C2        4        5.61     3745     32       78.8     80.47      77.60       0.811      0.561      0.81           10         3342       0.03     6.48       0.87       95621.1    36747.6    58873.6    0.891     c3:30.57; c2:27.81
24  H1137TS439_3       439     Yang                 0.858    0.894    10       A1B1C1D1E1F1G2H1I1 C2        4        1.31     3115     2        78.7     86.44      73.14       0.775      0.414      0.80           5          1384       0.05     5.21       0.79       52697.6    24007.3    28690.2    0.759     c3:92.77; c2:40.20
25  H1137TS278_5       278     PEZYFoldings         0.856    0.907    9        A1B1C1D1E1F1G1H1I1 C2        2        1.77     3530     5        76.7     75.09      78.67       0.706      0.549      0.79           8          2744       0.02     5.72       0.63       61879.0    13747.4    48131.6    0.812     c2:26.56
26  H1137TS248_3       248     Manifold             0.852    0.920    10       A1B1C1D1E1F1G2H1I1 C2        2        1.88     3992     3        80.0     79.92      80.98       0.806      0.598      0.80           8          2744       0.00     4.59       0.69       91219.0    40089.1    51129.9    0.905     c3:26.27; c2:28.19
27  H1137TS374_4       374     Zheng                0.852    0.915    10       A1B1C1D1E1F1G2H1I1 C2        2        1.83     3806     6        79.9     79.22      81.22       0.823      0.654      0.81           9          3043       0.01     4.37       0.50       98042.9    39361.9    58681.0    0.930     c3:52.51; c2:29.07
28  H1137TS278_1       278     PEZYFoldings         0.851    0.922    9        A1B1C1D1E1F1G1H1I1 C2        2        1.88     3687     5        77.7     75.59      80.30       0.725      0.576      0.80           9          3043       0.01     5.62       0.83       57707.7    12651.7    45056.0    0.827     c2:39.60
29  H1137TS288_1       288s    DFolding-server      0.851    0.919    10       A1B1C1D1E1F1G2H1I1 C2        4        4.09     3784     32       79.0     79.71      78.96       0.808      0.587      0.81           10         3342       0.01     5.61       0.87       93575.9    36261.4    57314.6    0.914     c2:28.63
30  H1137TS073_1       073s    DFolding-refine      0.851    0.919    10       A1B1C1D1E1F1G2H1I1 C2        4        4.09     3784     32       79.0     79.71      78.96       0.808      0.587      0.81           10         3342       0.01     5.61       0.87       93575.9    36261.4    57314.6    0.914     c2:28.63
31  H1137TS074_1       074     DFolding             0.851    0.919    10       A1B1C1D1E1F1G2H1I1 C2        4        4.09     3784     32       79.0     79.71      78.96       0.808      0.587      0.81           10         3342       0.01     5.61       0.87       93575.9    36261.4    57314.6    0.914     c2:28.63
32  H1137TS119_1       119     Kiharalab            0.849    0.905    10       A1B1C1D1E1F1G2H1I1 C2        2        1.92     3486     0        79.3     82.69      77.10       0.786      0.536      0.82           9          3043       0.02     6.67       0.62       115059.0   48957.6    66101.1    0.874     c5:99.85; c2:24.41
33  H1137TS278_2       278     PEZYFoldings         0.847    0.924    9        A1B1C1D1E1F1G1H1I1 C2        2        1.79     3675     5        77.4     75.95      79.54       0.722      0.567      0.79           9          3043       0.02     6.13       0.70       57042.9    12347.6    44695.3    0.815     c3:52.09; c2:37.90
34  H1137TS119_3       119     Kiharalab            0.842    0.902    10       A1B1C1D1E1F1G2H1I1 C2        2        1.93     3521     0        79.0     82.29      76.81       0.784      0.535      0.81           9          3043       0.02     6.68       0.59       116434.0   49587.6    66846.0    0.873     c5:99.85; c2:23.36
35  H1137TS278_4       278     PEZYFoldings         0.840    0.905    9        A1B1C1D1E1F1G1H1I1 C2        2        2.07     3647     3        76.2     74.42      78.69       0.710      0.511      0.79           7          2493       0.06     7.53       0.78       48945.2    8285.9     40659.4    0.747     c3:54.80; c2:94.57
36  H1137TS119_5       119     Kiharalab            0.833    0.897    10       A1B1C1D1E1F1G2H1I1 C2        2        1.93     3536     2        78.3     81.86      75.93       0.779      0.533      0.81           9          3043       0.02     6.67       0.63       116600.0   49527.0    67072.7    0.869     c5:99.37; c2:25.83
37  H1137TS367_1       367     MULTICOM             0.833    0.870    10       A1B1C1D1E1F1G2H1I1 C2        2        1.77     3335     19       75.4     81.62      70.77       0.769      0.394      0.78           5          1317       0.04     5.11       0.72       108506.0   40032.0    68473.9    0.680     d5:91.01; c10:91.05; c2:46.36; c2:57.69; c2:67.00; c2:71.83
38  H1137TS003_1       003     MULTICOM_human       0.833    0.870    10       A1B1C1D1E1F1G2H1I1 C2        2        1.69     3340     20       74.9     81.08      70.29       0.767      0.390      0.78           5          1315       0.06     5.00       0.55       108750.0   40486.8    68262.8    0.681     d5:90.93; c10:90.83; c5:58.83; c2:46.42; c2:57.83; c2:67.54; c2:69.99
39  H1137TS119_2       119     Kiharalab            0.831    0.892    10       A1B1C1D1E1F1G2H1I1 C2        2        1.94     3514     0        77.9     81.36      75.80       0.775      0.527      0.80           9          3043       0.02     6.84       0.61       115838.0   49485.9    66352.0    0.871     c5:99.85; c3:26.65; c2:26.15
40  H1137TS185_1       185     BAKER                0.830    0.864    10       A1B1C1D1E1F1G2H1I1 C2        2        1.92     3402     6        74.0     78.60      70.51       0.751      0.442      0.77           4          1114       0.07     2.35       1.12       79520.4    32363.5    47156.9    0.785     c3:23.44; c2:19.49
41  H1137TS035_4       035s    Manifold-E           0.827    0.839    10       A1B1C1D1E1F1G2H1I1 C2        2        1.80     2926     10       72.3     84.36      64.89       0.746      0.390      0.75           6          1932       0.02     8.82       0.85       132218.0   51102.8    81115.1    0.793     c3:30.72; c2:27.20
42  H1137TS444_5       444     CoDock               0.825    0.906    10       A1B1C1D1E1F1G2H1I1 C2        4        4.38     4009     4        79.7     78.32      82.29       0.809      0.534      0.81           7          2319       0.04     7.77       0.78       74338.2    32392.4    41945.8    0.819     d5:99.22; c10:98.95; c5:79.56; c3:29.56; c2:15.55
43  H1137TS320_2       320     Elofsson             0.825    0.870    9        A1B1C1D1E1F1G1H1I1 C2        2        1.76     3414     42       74.2     78.31      72.40       0.678      0.361      0.78           3          815        0.08     2.02       0.72       94770.9    39997.4    54773.4    0.605     c9:96.13; c2:84.04
44  H1137TS444_1       444     CoDock               0.824    0.906    10       A1B1C1D1E1F1G2H1I1 C2        4        1.77     3997     3        79.7     78.28      82.29       0.809      0.535      0.81           7          2319       0.04     7.77       0.55       74329.1    32271.7    42057.4    0.817     d5:99.29; c10:99.14; c5:79.69; c3:29.55; c2:15.75
45  H1137TS185_2       185     BAKER                0.824    0.864    10       A1B1C1D1E1F1G2H1I1 C2        2        1.82     3384     1        73.7     78.69      69.76       0.745      0.432      0.76           5          1448       0.17     6.89       1.11       77741.2    31793.9    45947.3    0.775     c3:24.02; c2:57.14
46  H1137TS444_3       444     CoDock               0.823    0.906    10       A1B1C1D1E1F1G2H1I1 C2        4        3.09     3998     3        79.8     78.44      82.20       0.809      0.533      0.81           7          2319       0.04     7.77       0.78       74683.9    32416.7    42267.2    0.813     d5:99.39; c10:99.41; c5:79.88; c3:29.54; c2:15.68
47  H1137TS035_1       035s    Manifold-E           0.822    0.839    10       A1B1C1D1E1F1G2H1I1 C2        2        1.71     2940     10       72.1     84.33      64.68       0.748      0.385      0.74           4          1114       0.05     2.39       0.87       131416.0   51009.3    80406.5    0.770     c3:28.69; c2:53.07
48  H1137TS367_5       367     MULTICOM             0.822    0.902    10       A1B1C1D1E1F1G2H1I1 C2        2        1.75     3687     29       78.1     82.90      74.47       0.786      0.429      0.80           5          1395       0.03     5.71       0.63       112063.0   42994.2    69068.7    0.719     c10:98.76; c3:64.66; c2:72.42; c2:72.15
49  H1137TS003_4       003     MULTICOM_human       0.821    0.902    10       A1B1C1D1E1F1G2H1I1 C2        2        1.69     3688     31       77.8     82.48      74.65       0.787      0.433      0.81           4          1114       0.03     1.85       0.46       111147.0   42119.0    69028.3    0.718     c3:96.54; c2:72.41
50  H1137TS185_3       185     BAKER                0.820    0.863    10       A1B1C1D1E1F1G2H1I1 C2        2        1.87     3409     5        73.3     78.19      69.47       0.745      0.430      0.76           5          1465       0.18     7.08       1.21       79050.1    32966.7    46083.4    0.783     c3:21.93; c2:20.30
51  H1137TS003_5       003     MULTICOM_human       0.820    0.858    10       A1B1C1D1E1F1G2H1I1 C2        2        1.82     3317     24       74.4     81.12      69.57       0.761      0.390      0.77           5          1317       0.06     5.14       0.69       120542.0   46551.1    73990.9    0.684     d5:93.05; c10:93.17; c5:92.32; c3:80.37; c2:48.33; c2:56.12; c2:71.34; c2:75.17
52  H1137TS248_5       248     Manifold             0.816    0.846    10       A1B1C1D1E1F1G2H1I1 C2        2        1.78     3103     13       73.3     84.03      67.06       0.748      0.427      0.76           9          2992       0.02     7.99       0.59       130541.0   50516.8    80023.8    0.848     c3:32.81; c2:33.67
53  H1137TS035_5       035s    Manifold-E           0.816    0.846    10       A1B1C1D1E1F1G2H1I1 C2        2        1.78     3103     13       73.3     84.03      67.06       0.748      0.427      0.76           9          2992       0.02     7.99       0.59       130541.0   50516.8    80023.8    0.848     c3:32.81; c2:33.67
54  H1137TS367_2       367     MULTICOM             0.815    0.857    10       A1B1C1D1E1F1G2H1I1 C2        2        1.92     3369     24       74.1     80.68      69.43       0.761      0.383      0.77           4          1114       0.06     2.66       0.56       117794.0   44834.7    72958.9    0.681     d5:93.27; c10:92.95; c5:60.96; c2:48.42; c2:59.99; c2:72.60; c2:76.26
55  H1137TS185_4       185     BAKER                0.814    0.860    10       A1B1C1D1E1F1G2H1I1 C2        2        1.86     3407     3        72.2     77.49      68.18       0.742      0.409      0.75           5          1432       0.15     6.60       1.03       78557.6    32277.8    46279.8    0.762     c3:22.75; c2:41.01
56  H1137TS367_4       367     MULTICOM             0.813    0.860    10       A1B1C1D1E1F1G2H1I1 C2        2        1.76     3384     28       74.4     81.10      69.87       0.764      0.386      0.77           5          1318       0.11     5.02       0.68       119002.0   45039.1    73962.4    0.689     d5:91.30; c10:91.41; c5:92.48; c3:79.87; c2:48.95; c2:56.58; c2:71.04; c2:74.61
57  H1137TS348_3       348     Takeda-Shitaka_Lab   0.811    0.912    10       A1B1C1D1E1F1G2H1I1 C2        2        1.95     3802     25       78.9     79.55      79.22       0.770      0.579      0.79           8          2653       0.01     4.24       0.71       65098.1    29375.0    35723.1    0.789     c5:76.96; c3:36.71; c2:99.60
58  H1137TS374_5       374     Zheng                0.810    0.915    10       A1B1C1D1E1F1G2H1I1 C2        2        1.83     4003     9        78.9     79.04      80.24       0.823      0.641      0.80           8          2744       0.01     3.70       0.71       94501.3    38464.9    56036.4    0.932     c3:25.60; c2:27.68
59  H1137TS185_5       185     BAKER                0.809    0.855    10       A1B1C1D1E1F1G2H1I1 C2        2        1.96     3387     5        70.9     76.35      66.81       0.735      0.396      0.74           4          1114       0.07     2.33       1.15       77224.0    31356.3    45867.7    0.755     c5:90.27; c3:21.69; c2:57.43
60  H1137TS248_2       248     Manifold             0.807    0.835    10       A1B1C1D1E1F1G2H1I1 C2        2        1.96     3595     6        73.6     77.72      71.53       0.753      0.426      0.77           4          1114       0.02     2.17       0.60       98214.0    43320.4    54893.6    0.724     c3:24.40; c2:22.06
61  H1137TS003_2       003     MULTICOM_human       0.806    0.865    10       A1B1C1D1E1F1G2H1I1 C2        2        1.91     3447     26       74.6     80.92      70.42       0.765      0.389      0.78           4          1114       0.05     2.05       0.69       115196.0   42861.0    72334.9    0.683     d5:93.72; c5:77.87; c3:82.51; c2:49.66; c2:60.30; c2:72.76
62  H1137TS374_3       374     Zheng                0.806    0.914    10       A1B1C1D1E1F1G2H1I1 C2        2        1.73     4038     16       78.9     78.96      80.46       0.822      0.640      0.80           8          2744       0.01     3.76       0.49       95215.8    38705.0    56510.8    0.930     c3:29.46; c2:22.79
63  H1137TS444_4       444     CoDock               0.806    0.906    10       A1B1C1D1E1F1G2H1I1 C2        4        1.47     4105     3        79.8     78.30      82.50       0.810      0.535      0.81           7          2319       0.04     7.77       0.55       69583.2    30505.2    39078.0    0.818     d5:91.40; c10:98.96; c5:65.15; c3:31.27; c2:15.74
64  H1137TS086_1       086s    MULTICOM_qa          0.806    0.864    10       A1B1C1D1E1F1G2H1I1 C2        2        1.67     3444     21       74.7     80.90      70.37       0.764      0.388      0.78           4          1114       0.05     2.00       0.70       106794.0   38767.2    68026.9    0.685     d5:92.95; c10:93.67; c3:85.44; c2:47.06; c2:58.14; c2:69.40; c2:72.60
65  H1137TS158_1       158s    MULTICOM_deep        0.806    0.863    10       A1B1C1D1E1F1G2H1I1 C2        2        1.74     3432     20       74.5     81.06      70.09       0.766      0.389      0.77           5          1317       0.10     5.14       0.52       108225.0   39204.0    69021.1    0.684     d5:91.99; c10:92.86; c3:96.51; c2:46.48; c2:57.68; c2:69.09; c2:72.11
66  H1137TS444_2       444     CoDock               0.806    0.906    10       A1B1C1D1E1F1G2H1I1 C2        4        2.00     4085     3        79.9     78.67      82.32       0.809      0.531      0.81           7          2319       0.04     7.77       0.78       70437.5    30889.5    39547.9    0.816     d5:91.64; c10:99.40; c5:65.43; c3:31.45; c2:15.72
67  H1137TS374_1       374     Zheng                0.805    0.910    10       A1B1C1D1E1F1G2H1I1 C2        2        1.86     4008     10       78.7     78.45      80.35       0.819      0.641      0.80           8          2744       0.02     3.64       1.57       91147.6    35665.3    55482.3    0.936     c3:26.29; c2:26.76
68  H1137TS248_1       248     Manifold             0.805    0.831    10       A1B1C1D1E1F1G2H1I1 C2        2        2.21     3586     7        72.7     76.33      70.67       0.750      0.462      0.76           6          2054       0.08     7.65       0.69       100942.0   44216.3    56725.6    0.804     c5:57.89; c3:30.58; c2:24.23
69  H1137TS257_2       257     WL_team              0.803    0.851    10       A1B1C1D1E1F1G2H1I1 C2        2        2.62     4028     41       76.8     74.31      80.50       0.757      0.479      0.78           8          2744       0.02     6.71       0.58       94852.5    39628.9    55223.6    0.870     c3:31.92; c2:31.66
70  H1137TS278_3       278     PEZYFoldings         0.802    0.876    9        A1B1C1D1E1F1G1H1I1 C2        2        2.08     3593     5        72.7     71.39      75.28       0.686      0.417      0.75           4          1064       0.03     5.70       0.87       51029.2    9014.5     42014.7    0.698     c3:50.94; c2:92.60
71  H1137TS086_2       086s    MULTICOM_qa          0.802    0.837    10       A1B1C1D1E1F1G2H1I1 C2        2        1.60     3146     22       71.8     81.42      65.54       0.741      0.374      0.74           4          1114       0.06     2.20       0.54       125138.0   46995.7    78142.5    0.682     d5:94.05; c10:90.76; c5:87.43; c3:83.59; c2:44.63; c2:73.09; c2:71.44; c2:69.99
72  H1137TS257_1       257     WL_team              0.800    0.855    10       A1B1C1D1E1F1G2H1I1 C2        2        2.62     4058     36       76.9     74.18      80.47       0.760      0.482      0.78           8          2744       0.03     6.77       0.76       93256.3    39325.7    53930.7    0.869     c3:31.91; c2:31.61
73  H1137TS158_2       158s    MULTICOM_deep        0.800    0.836    10       A1B1C1D1E1F1G2H1I1 C2        2        1.77     3144     21       72.1     81.06      66.23       0.741      0.369      0.74           4          1114       0.04     2.09       0.65       125059.0   47156.6    77902.0    0.684     d5:94.39; c10:91.18; c5:88.25; c2:44.86; c2:73.00; c2:72.00; c2:70.64
74  H1137TS180_1       180     McGuffin             0.800    0.866    9        A1B1C1D1E1F1G1H1I1 C2        2        1.91     3380     28       73.0     75.84      71.23       0.690      0.343      0.74           4          1031       0.02     5.23       0.66       66183.8    26039.9    40143.9    0.605     c9:77.86; c3:68.55; c2:55.39
75  H1137TS462_1       462s    MultiFOLD            0.800    0.866    9        A1B1C1D1E1F1G1H1I1 C2        2        1.91     3380     28       73.0     75.84      71.23       0.690      0.343      0.74           4          1031       0.02     5.23       0.66       66183.8    26039.9    40143.9    0.605     c9:77.86; c3:68.55; c2:55.39
76  H1137TS158_5       158s    MULTICOM_deep        0.798    0.830    10       A1B1C1D1E1F1G2H1I1 C2        2        1.75     3775     48       72.5     72.92      72.74       0.754      0.408      0.76           4          1114       0.04     2.01       0.79       111593.0   43657.7    67935.8    0.713     c5:80.81; c3:49.74; c2:47.05
77  H1137TS086_5       086s    MULTICOM_qa          0.798    0.831    10       A1B1C1D1E1F1G2H1I1 C2        2        1.76     3752     48       72.1     72.25      72.46       0.754      0.419      0.77           4          1114       0.04     1.97       0.09       111490.0   42955.8    68534.7    0.718     c5:80.87; c3:90.52; c2:46.93
78  H1137TS320_1       320     Elofsson             0.792    0.838    9        A1B1C1D1E1F1G1H1I1 C2        2        1.85     3328     29       71.3     74.12      69.40       0.671      0.353      0.75           3          815        0.07     1.76       0.75       94819.9    38804.5    56015.4    0.599     c9:90.81; c3:84.91; c2:79.71
79  H1137TS003_3       003     MULTICOM_human       0.788    0.868    10       A1B1C1D1E1F1G2H1I1 C2        2        1.83     3620     25       73.9     77.75      71.92       0.774      0.413      0.76           4          1114       0.01     1.68       0.72       109378.0   41506.9    67870.9    0.680     d5:96.77; c10:90.42; c5:92.49; c3:81.45; c2:67.08; c2:70.83; c2:72.29
80  H1137TS248_4       248     Manifold             0.787    0.895    10       A1B1C1D1E1F1G2H1I1 C2        2        2.06     4268     6        77.6     77.76      79.57       0.788      0.606      0.80           8          2744       0.01     4.86       0.57       95022.0    41847.2    53174.8    0.893     c3:25.73
81  H1137TS147_1       147     SHT                  0.784    0.830    10       A1B1C1D1E1F1G2H1I1 C2        4        5.70     3277     24       73.0     80.97      68.29       0.726      0.371      0.75           4          1114       0.11     4.56       0.87       185249.0   82940.8    102308.0   0.643     c2:72.83
82  H1137TS320_4       320     Elofsson             0.775    0.809    9        A1B1C1D1E1F1G1H1I1 C2        2        2.04     2870     20       67.9     77.33      61.64       0.642      0.305      0.70           3          815        0.05     2.25       0.28       111901.0   44129.9    67771.1    0.584     c9:87.23; c3:84.70; c2:64.90
83  H1137TS367_3       367     MULTICOM             0.775    0.867    10       A1B1C1D1E1F1G2H1I1 C2        2        1.77     3675     26       73.0     76.95      70.95       0.771      0.386      0.75           5          1313       0.11     5.09       0.70       108871.0   40111.7    68759.1    0.680     d5:93.33; c10:91.45; c5:94.01; c3:82.70; c2:49.10; c2:59.81; c2:71.42; c2:69.31
84  H1137TS147_3       147     SHT                  0.775    0.816    10       A1B1C1D1E1F1G2H1I1 C2        4        5.57     3406     27       72.1     77.58      69.00       0.724      0.366      0.76           4          1114       0.10     4.28       0.54       185034.0   83880.2    101154.0   0.658     c2:72.72
85  H1137TS374_2       374     Zheng                0.774    0.917    10       A1B1C1D1E1F1G2H1I1 C2        2        1.86     4233     24       79.0     78.41      81.40       0.824      0.651      0.80           8          2744       0.02     3.83       1.05       90306.4    35908.7    54397.8    0.930     c3:26.17; c2:27.42
86  H1137TS147_2       147     SHT                  0.768    0.818    10       A1B1C1D1E1F1G2H1I1 C2        4        5.91     3314     27       72.5     80.36      67.95       0.719      0.362      0.74           4          1114       0.11     4.63       0.15       183380.0   82348.2    101032.0   0.645     c2:74.59
87  H1137TS131_5       131s    Kiharalab_Server     0.767    0.814    10       A1B1C1D1E1F1G2H1I1 C2        2        1.53     3120     19       70.2     75.02      67.57       0.751      0.291      0.71           6          2187       0.03     7.70       0.70       142168.0   60109.3    82059.0    0.429     c2:64.90
88  H1137TS131_1       131s    Kiharalab_Server     0.767    0.814    10       A1B1C1D1E1F1G2H1I1 C2        2        1.53     3120     19       70.2     75.02      67.57       0.751      0.291      0.71           6          2187       0.03     7.70       0.70       142168.0   60109.3    82059.0    0.429     c2:64.90
89  H1137TS131_3       131s    Kiharalab_Server     0.767    0.814    10       A1B1C1D1E1F1G2H1I1 C2        2        1.53     3120     19       70.2     75.02      67.57       0.751      0.291      0.71           6          2187       0.03     7.70       0.70       142168.0   60109.3    82059.0    0.429     c2:64.90
90  H1137TS131_4       131s    Kiharalab_Server     0.761    0.795    10       A1B1C1D1E1F1G2H1I1 C2        2        1.53     2952     28       67.8     76.04      62.60       0.722      0.211      0.69           2          598        0.01     2.40       0.77       149869.0   63956.2    85913.0    0.318     c2:74.25
91  H1137TS131_2       131s    Kiharalab_Server     0.761    0.795    10       A1B1C1D1E1F1G2H1I1 C2        2        1.53     2952     28       67.8     76.04      62.60       0.722      0.211      0.69           2          598        0.01     2.40       0.77       149869.0   63956.2    85913.0    0.318     c2:74.25
92  H1137TS147_4       147     SHT                  0.755    0.790    10       A1B1C1D1E1F1G2H1I1 C2        4        5.84     3109     25       70.5     80.35      64.01       0.708      0.351      0.74           5          1316       0.16     6.23       0.66       188644.0   82880.0    105764.0   0.644     d5:93.47; c5:83.59; c2:70.34
93  H1137TS494_3       494     Venclovas            0.754    0.780    10       A1B1C1D1E1F1G2H1I1 C2        4        1.23     3347     14       70.3     75.45      67.19       0.730      0.372      0.74           6          1553       0.02     6.24       0.72       40736.7    16553.8    24182.8    0.682     c5:95.94; c3:54.15; c2:25.63
94  H1137TS158_4       158s    MULTICOM_deep        0.754    0.894    10       A1B1C1D1E1F1G2H1I1 C2        2        1.52     3974     42       77.0     83.34      73.77       0.779      0.443      0.80           5          1382       0.04     5.21       0.39       115192.0   44249.8    70942.4    0.762     c2:44.59
95  H1137TS320_3       320     Elofsson             0.753    0.788    9        A1B1C1D1E1F1G1H1I1 C2        2        1.94     3434     58       69.6     75.01      66.18       0.645      0.322      0.74           4          1011       0.02     4.73       0.71       96083.0    38684.0    57399.0    0.597     c9:87.11; c3:86.88; c2:74.75
96  H1137TS147_5       147     SHT                  0.752    0.800    10       A1B1C1D1E1F1G2H1I1 C2        4        6.14     3274     31       71.5     79.10      66.27       0.719      0.380      0.74           5          1316       0.08     6.23       0.72       181625.0   80233.1    101392.0   0.680     c2:58.53
97  H1137TS086_4       086s    MULTICOM_qa          0.749    0.893    10       A1B1C1D1E1F1G2H1I1 C2        2        1.64     4014     43       76.7     82.94      73.28       0.776      0.433      0.79           5          1381       0.07     5.30       0.77       114280.0   43351.4    70928.3    0.755     c2:43.85
98  H1137TS348_1       348     Takeda-Shitaka_Lab   0.747    0.863    10       A1B1C1D1E1F1G2H1I1 C2        2        2.03     4312     74       78.2     78.87      78.44       0.750      0.565      0.80           8          2675       0.01     4.26       0.71       57023.5    25928.5    31095.0    0.797     c5:38.32; c3:33.38; c2:16.70; c2:49.55
99  H1137TS165_1       165     FTBiot0119           0.744    0.783    10       A1B1C1D1E1F1G2H1I1 C2        4        2.59     3619     54       69.3     73.50      67.52       0.655      0.342      0.74           7          2479       0.09     6.84       0.62       95586.4    38064.4    57522.0    0.786     d5:95.44; c5:85.15; c3:27.84; c2:19.24
100 H1137TS348_2       348     Takeda-Shitaka_Lab   0.743    0.874    10       A1B1C1D1E1F1G2H1I1 C2        2        1.95     4294     62       78.9     79.68      79.00       0.752      0.584      0.80           8          2653       0.01     4.24       0.71       58040.6    26297.5    31743.1    0.791     c5:64.70; c3:18.05; c2:16.83
101 H1137TS165_5       165     FTBiot0119           0.738    0.780    10       A1B1C1D1E1F1G2H1I1 C2        4        2.59     3663     52       69.0     73.11      67.26       0.654      0.342      0.73           7          2479       0.09     6.85       0.59       96924.9    38631.9    58293.0    0.786     d5:95.53; c5:84.71; c3:26.09; c2:23.99
102 H1137TS086_3       086s    MULTICOM_qa          0.733    0.837    10       A1B1C1D1E1F1G2H1I1 C2        2        1.83     3608     38       71.5     80.61      66.30       0.744      0.372      0.75           5          1333       0.09     5.38       0.69       121238.0   45771.3    75466.4    0.666     d5:92.69; c10:99.54; c5:91.61; c3:53.01; c2:43.59; c2:70.19; c2:69.76
103 H1137TS158_3       158s    MULTICOM_deep        0.732    0.836    10       A1B1C1D1E1F1G2H1I1 C2        2        1.68     3642     35       71.5     80.45      66.22       0.744      0.369      0.74           5          1331       0.14     5.49       0.71       121233.0   45706.5    75526.6    0.665     d5:94.48; c10:99.08; c5:94.40; c3:52.86; c2:77.44; c2:69.91; c2:70.95
104 H1137TS035_3       035s    Manifold-E           0.729    0.905    10       A1B1C1D1E1F1G2H1I1 C2        2        1.66     4409     72       78.3     82.64      76.45       0.795      0.569      0.81           8          2744       0.01     5.69       0.67       108979.0   42542.1    66436.9    0.881     c3:55.24
105 H1137TS320_5       320     Elofsson             0.729    0.767    9        A1B1C1D1E1F1G1H1I1 C2        2        1.83     3126     33       65.9     73.88      61.11       0.621      0.310      0.69           4          1010       0.07     5.36       0.70       107403.0   42512.6    64889.9    0.489     c9:84.83; c3:87.23; c2:73.65
106 H1137TS165_3       165     FTBiot0119           0.726    0.772    10       A1B1C1D1E1F1G2H1I1 C2        4        2.59     3671     54       67.8     72.09      66.15       0.646      0.334      0.72           7          2479       0.10     7.04       0.61       95812.0    38359.0    57453.0    0.785     d5:95.64; c5:86.05; c3:25.22; c2:21.27
107 H1137TS390_1       390s    NBIS-AF2-multimer    0.725    0.762    9        A1B1C1D1E1F1G1H1I1 C2        2        1.81     3327     12       66.2     70.19      64.05       0.651      0.353      0.70           6          1432       0.05     7.37       0.65       124234.0   52140.6    72093.8    0.592     c9:99.71; c3:89.48; c2:36.73
108 H1137TS150_1       150     Grudinin             0.725    0.762    9        A1B1C1D1E1F1G1H1I1 C2        2        1.81     3327     12       66.2     70.19      64.05       0.651      0.353      0.70           6          1432       0.05     7.37       0.65       124234.0   52140.6    72093.8    0.592     c9:99.71; c3:89.48; c2:36.73
109 H1137TS188_5       188s    GuijunLab-DeepDA     0.725    0.762    9        A1B1C1D1E1F1G1H1I1 C2        2        1.81     3327     12       66.2     70.19      64.05       0.651      0.353      0.70           6          1432       0.01     7.37       0.65       124208.0   52159.1    72048.7    0.592     c9:99.71; c3:89.48; c2:36.73
110 H1137TS169_3       169     GuijunLab-Human      0.725    0.762    9        A1B1C1D1E1F1G1H1I1 C2        2        1.81     3327     12       66.2     70.19      64.05       0.651      0.353      0.70           6          1432       0.01     7.37       0.65       124208.0   52159.1    72048.7    0.592     c9:99.71; c3:89.48; c2:36.73
111 H1137TS225_1       225     ShanghaiTech         0.723    0.758    10       A1B1C1D1E1F1G2H1I1 C2        4        1.25     3704     38       66.5     70.14      65.75       0.710      0.344      0.70           7          1731       0.04     6.46       0.65       172635.0   75670.2    96965.1    0.684     c3:51.27; c2:28.69
112 H1137TS225_4       225     ShanghaiTech         0.722    0.758    10       A1B1C1D1E1F1G2H1I1 C2        4        1.27     3712     37       66.6     70.31      65.78       0.709      0.343      0.70           7          1731       0.04     6.48       0.65       172834.0   75608.4    97225.6    0.684     d5:93.42; c5:84.34; c3:51.28; c2:28.70
113 H1137TS434_1       434     Coqualia             0.719    0.756    10       A1B1C1D1E1F1G2H1I1 C2        4        1.59     3721     38       66.1     69.61      65.53       0.695      0.346      0.70           7          1731       0.04     6.48       0.65       179370.0   74202.6    105167.0   0.683     c3:51.38; c2:28.86
114 H1137TS150_2       150     Grudinin             0.718    0.748    9        A1B1C1D1E1F1G1H1I1 C2        2        1.80     2477     2        64.1     78.22      55.34       0.623      0.319      0.66           4          925        0.04     7.77       0.64       150607.0   63306.2    87301.0    0.425     c2:91.30
115 H1137TS188_4       188s    GuijunLab-DeepDA     0.718    0.748    9        A1B1C1D1E1F1G1H1I1 C2        2        1.80     2476     2        64.1     78.22      55.34       0.623      0.319      0.66           4          925        0.06     7.77       0.64       150591.0   63272.6    87318.3    0.425     c2:91.30
116 H1137TS169_4       169     GuijunLab-Human      0.718    0.762    9        A1B1C1D1E1F1G1H1I1 C2        2        2.03     3055     13       63.9     66.15      62.20       0.642      0.179      0.68           3          815        0.12     3.01       0.75       101769.0   39725.8    62043.1    0.311     c2:94.44
117 H1137TS169_2       169     GuijunLab-Human      0.718    0.748    9        A1B1C1D1E1F1G1H1I1 C2        2        1.80     2476     2        64.1     78.22      55.34       0.623      0.319      0.66           4          925        0.06     7.77       0.64       150591.0   63272.6    87318.3    0.425     c2:91.30
118 H1137TS390_2       390s    NBIS-AF2-multimer    0.718    0.748    9        A1B1C1D1E1F1G1H1I1 C2        2        1.80     2477     2        64.1     78.22      55.34       0.623      0.319      0.66           4          925        0.04     7.77       0.64       150607.0   63306.2    87301.0    0.425     c2:91.30
119 H1137TS227_1       227     GinobiFold           0.716    0.753    10       A1B1C1D1E1F1G2H1I1 C2        4        2.23     3728     46       65.7     69.16      65.47       0.696      0.327      0.70           6          1535       0.06     5.82       0.65       190816.0   73356.5    117459.0   0.683     c3:51.59; c2:29.01
120 H1137TS225_2       225     ShanghaiTech         0.714    0.744    10       A1B1C1D1E1F1G2H1I1 C2        4        1.25     2871     26       64.5     78.53      57.25       0.681      0.301      0.66           6          1523       0.10     6.21       0.64       197900.0   85639.8    112260.0   0.518     c2:59.82
121 H1137TS225_5       225     ShanghaiTech         0.713    0.744    10       A1B1C1D1E1F1G2H1I1 C2        4        1.28     2870     26       64.5     78.48      57.16       0.682      0.297      0.66           5          1331       0.05     4.61       0.64       198056.0   85567.9    112489.0   0.517     c2:36.20
122 H1137TS462_2       462s    MultiFOLD            0.702    0.879    6        A1B1C1D1E1F1G0H0I0 C1        6        0.00     2579     12       61.8     66.56      58.15       0.444      0.253      0.64           1          250        0.00     9.70       0.64       1636.2     862.2      774.0      0.159     d3:73.11; c6:44.86; c3:67.12; c3:62.99; c2:41.67; c2:42.27; c2:44.19; c2:44.55
123 H1137TS180_2       180     McGuffin             0.702    0.879    6        A1B1C1D1E1F1G0H0I0 C1        6        0.00     2579     12       61.8     66.56      58.15       0.444      0.253      0.64           1          250        0.00     9.70       0.64       1636.2     862.2      774.0      0.159     d3:73.11; c6:44.86; c3:67.12; c3:62.99; c2:41.67; c2:42.27; c2:44.19; c2:44.55
124 H1137TS165_2       165     FTBiot0119           0.701    0.720    10       A1B1C1D1E1F1G2H1I1 C2        4        2.59     3770     76       63.2     68.08      61.30       0.616      0.287      0.69           5          1803       0.01     7.59       0.69       91389.2    36957.6    54431.6    0.724     c5:58.71; c3:29.37; c2:20.21
125 H1137TS180_3       180     McGuffin             0.698    0.877    6        A1B1C1D1E1F1G0H0I0 C1        6        0.00     2502     11       60.9     67.52      55.94       0.443      0.253      0.62           1          232        0.00     9.85       0.70       4860.2     1834.1     3026.1     0.152     d3:75.34; c6:67.73; c3:70.64; c3:69.40; c2:47.46; c2:43.21; c2:46.49; c2:46.43
126 H1137TS462_3       462s    MultiFOLD            0.698    0.877    6        A1B1C1D1E1F1G0H0I0 C1        6        0.00     2502     11       60.9     67.52      55.94       0.443      0.253      0.62           1          232        0.00     9.85       0.70       4860.2     1834.1     3026.1     0.152     d3:75.34; c6:67.73; c3:70.64; c3:69.40; c2:47.46; c2:43.21; c2:46.49; c2:46.43
127 H1137TS165_4       165     FTBiot0119           0.694    0.720    10       A1B1C1D1E1F1G2H1I1 C2        4        2.59     3803     64       63.6     68.52      61.67       0.620      0.257      0.69           4          1445       0.01     8.64       0.60       86947.0    34871.8    52075.2    0.662     c3:28.31; c2:19.87
128 H1137TS462_4       462s    MultiFOLD            0.690    0.863    6        A1B1C1D1E1F1G0H0I0 C1        6        0.00     2612     21       60.7     64.91      57.55       0.445      0.255      0.62           1          249        0.00     9.77       0.71       2328.4     795.5      1533.0     0.158     d3:72.18; c6:51.31; c3:66.30; c3:58.46; c2:41.80; c2:42.42; c2:44.97; c2:41.02
129 H1137TS180_4       180     McGuffin             0.690    0.863    6        A1B1C1D1E1F1G0H0I0 C1        6        0.00     2612     21       60.7     64.91      57.55       0.445      0.255      0.62           1          249        0.00     9.77       0.71       2328.4     795.5      1533.0     0.158     d3:72.18; c6:51.31; c3:66.30; c3:58.46; c2:41.80; c2:42.42; c2:44.97; c2:41.02
130 H1137TS462_5       462s    MultiFOLD            0.680    0.854    6        A1B1C1D1E1F1G0H0I0 C1        6        0.00     2363     10       59.3     67.35      53.32       0.433      0.242      0.60           1          244        0.00     9.67       0.71       8680.7     2801.9     5878.8     0.152     d3:70.30; c6:67.37; c3:64.55; c3:67.88; c2:43.01; c2:45.45; c2:44.39; c2:41.85
131 H1137TS180_5       180     McGuffin             0.680    0.854    6        A1B1C1D1E1F1G0H0I0 C1        6        0.00     2363     10       59.3     67.35      53.32       0.433      0.242      0.60           1          244        0.00     9.67       0.71       8680.7     2801.9     5878.8     0.152     d3:70.30; c6:67.37; c3:64.55; c3:67.88; c2:43.01; c2:45.45; c2:44.39; c2:41.85
132 H1137TS225_3       225     ShanghaiTech         0.660    0.699    10       A1B1C1D1E1F1G2H1I1 C2        4        1.25     3447     41       60.2     64.86      58.36       0.672      0.307      0.66           6          1543       0.06     6.01       0.73       171032.0   73815.2    97217.0    0.599     d5:97.01; c10:92.56; c5:91.60; c3:98.38; c2:41.75; c2:74.45; c2:75.97
133 H1137TS390_3       390s    NBIS-AF2-multimer    0.658    0.697    9        A1B1C1D1E1F1G1H1I1 C2        2        2.42     3045     14       59.9     65.07      56.45       0.612      0.320      0.65           4          945        0.01     7.24       0.73       122418.0   49983.2    72434.5    0.581     c9:88.36; c3:86.19; c2:61.65
134 H1137TS150_3       150     Grudinin             0.658    0.697    9        A1B1C1D1E1F1G1H1I1 C2        2        2.42     3045     14       59.9     65.07      56.45       0.612      0.320      0.65           4          945        0.01     7.24       0.73       122418.0   49983.2    72434.5    0.581     c9:88.36; c3:86.19; c2:61.65
135 H1137TS494_4       494     Venclovas            0.639    0.654    10       A1B1C1D1E1F1G2H1I1 C2        4        1.17     2435     36       54.2     70.58      48.31       0.613      0.280      0.55           4          1114       0.09     3.53       1.00       82090.5    34034.3    48056.1    0.666     d5:95.44; c10:87.60; c5:84.24; c3:78.95; c2:69.81; c2:66.34
136 H1137TS092_1       092     Agemo_mix            0.625    0.666    10       A1B1C1D1E1F1G2H1I1 C2        2        1.55     3538     109      58.7     63.86      55.73       0.638      0.244      0.64           5          1127       0.01     8.03       0.59       147996.0   61551.7    86444.5    0.546     d5:99.32; c5:90.51; c3:97.73; c2:45.77
137 H1137TS037_1       037     Wallner              0.619    0.742    10       A1B1C1D1E1F1G2H1I1 C2        2        1.64     3850     129      62.2     72.13      58.48       0.666      0.302      0.66           4          1114       0.05     3.14       0.48       158563.0   68918.0    89644.8    0.581     d5:97.97; c5:91.37; c3:54.44; c2:31.20
138 H1137TS037_3       037     Wallner              0.605    0.618    10       A1B1C1D1E1F1G2H1I1 C2        2        1.87     3119     94       53.9     63.63      48.03       0.591      0.234      0.61           4          1114       0.09     3.57       1.31       160950.0   70808.2    90141.5    0.641     c5:89.91; c3:92.18; c2:28.86
139 H1137TS054_5       054     UltraFold            0.581    0.624    10       A1B1C1D1E1F1G2H1I1 C2        2        2.48     4193     110      67.1     71.10      64.13       0.677      0.176      0.71           2          516        0.09     3.03       0.76       122933.0   50716.2    72217.0    0.379     c3:70.56; c2:36.68
140 H1137TS125_5       125s    UltraFold_Server     0.581    0.624    10       A1B1C1D1E1F1G2H1I1 C2        2        2.48     4193     110      67.1     71.10      64.13       0.677      0.176      0.71           2          516        0.09     3.03       0.76       122933.0   50716.2    72217.0    0.379     c3:70.56; c2:36.68
141 H1137TS125_4       125s    UltraFold_Server     0.575    0.602    10       A1B1C1D1E1F1G2H1I1 C2        2        2.48     3916     105      61.3     66.47      57.40       0.649      0.145      0.66           2          516        0.08     3.03       0.81       126469.0   51740.2    74728.4    0.471     c10:98.79; c5:63.81; c3:96.34; c2:34.04
142 H1137TS054_4       054     UltraFold            0.575    0.602    10       A1B1C1D1E1F1G2H1I1 C2        2        2.48     3916     105      61.3     66.47      57.40       0.649      0.145      0.66           2          516        0.08     3.03       0.81       126469.0   51740.2    74728.4    0.471     c10:98.79; c5:63.81; c3:96.34; c2:34.04
143 H1137TS054_3       054     UltraFold            0.553    0.595    10       A1B1C1D1E1F1G2H1I1 C2        2        2.48     4481     137      67.1     71.10      64.19       0.667      0.176      0.71           2          516        0.09     3.03       0.76       125822.0   52564.4    73257.5    0.562     d5:98.93; c3:72.64; c2:36.84
144 H1137TS125_3       125s    UltraFold_Server     0.553    0.595    10       A1B1C1D1E1F1G2H1I1 C2        2        2.48     4481     137      67.1     71.10      64.19       0.667      0.176      0.71           2          516        0.09     3.03       0.76       125822.0   52564.4    73257.5    0.562     d5:98.93; c3:72.64; c2:36.84
145 H1137TS054_1       054     UltraFold            0.541    0.594    10       A1B1C1D1E1F1G2H1I1 C2        2        2.48     4263     140      61.3     66.47      57.40       0.644      0.144      0.66           2          516        0.08     3.03       0.81       127315.0   52834.8    74480.3    0.473     c10:96.84; c5:99.41; c3:91.82; c2:80.22
146 H1137TS125_2       125s    UltraFold_Server     0.541    0.594    10       A1B1C1D1E1F1G2H1I1 C2        2        2.48     4263     140      61.3     66.47      57.40       0.644      0.144      0.66           2          516        0.08     3.03       0.81       127315.0   52834.7    74480.4    0.473     c10:96.84; c5:99.41; c3:91.82; c2:80.22
147 H1137TS125_1       125s    UltraFold_Server     0.541    0.594    10       A1B1C1D1E1F1G2H1I1 C2        2        2.48     4263     140      61.3     66.47      57.40       0.644      0.144      0.66           2          516        0.08     3.03       0.81       127315.0   52834.8    74480.3    0.473     c10:96.84; c5:99.41; c3:91.82; c2:80.22
148 H1137TS054_2       054     UltraFold            0.541    0.594    10       A1B1C1D1E1F1G2H1I1 C2        2        2.48     4263     140      61.3     66.47      57.40       0.644      0.144      0.66           2          516        0.08     3.03       0.81       127315.0   52834.7    74480.4    0.473     c10:96.84; c5:99.41; c3:91.82; c2:80.22
149 H1137TS477_2       477     DMP                  0.537    0.543    10       A1B1C1D1E1F1G2H1I1 C1        10       0.00     1787     41       38.9     60.25      29.80       0.500      0.093      0.40           2          598        0.05     3.18       2.91       257764.0   109725.0   148039.0   0.256     d5:96.16; c3:97.10; c2:85.08
150 H1137TS188_2       188s    GuijunLab-DeepDA     0.535    0.611    10       A1B1C1D1E1F1G2H1I1 C2        2        1.80     3957     128      64.1     78.22      55.34       0.636      0.289      0.66           4          925        0.06     7.77       0.64       173210.0   73365.1    99844.7    0.434     c3:93.31; c2:99.14
151 H1137TS477_1       477     DMP                  0.502    0.697    10       A1B1C1D1E1F1G2H1I1 C2        2        3.28     1588     33       37.9     61.28      27.90       0.475      0.115      0.38           2          477        0.06     2.98       2.13       45948.5    19618.1    26330.4    0.329     d5:85.76; c5:71.51; c3:91.94; c2:65.09; c2:67.66; c2:72.86; c2:70.12; c2:73.41
152 H1137TS390_4       390s    NBIS-AF2-multimer    0.499    0.522    9        A1B1C1D1E1F1G1H1I1 C2        2        2.13     1542     2        39.9     62.84      29.65       0.484      0.070      0.41           2          524        0.07     5.58       2.37       188928.0   75639.8    113289.0   0.171     c2:92.61
153 H1137TS150_4       150     Grudinin             0.499    0.522    9        A1B1C1D1E1F1G1H1I1 C2        2        2.13     1542     2        39.9     62.84      29.65       0.484      0.070      0.41           2          524        0.07     5.58       2.37       188928.0   75639.8    113289.0   0.171     c2:92.61
154 H1137TS461_1       461     colabfold_human      0.483    0.583    7        A1B1C1D1E1F1G1H0I0 C1        7        0.00     2157     68       39.3     51.76      33.57       0.379      0.138      0.43           1          299        0.00     1.46       0.81       108263.0   45763.3    62499.9    0.353     c7:96.97; c3:73.43; c2:49.83
155 H1137TS188_3       188s    GuijunLab-DeepDA     0.409    0.460    9        A1B1C1D1E1F1G1H1I1 C2        2        3.81     2096     12       34.1     50.40      26.82       0.467      0.062      0.35           2          564        0.10     4.42       4.61       172356.0   67387.2    104969.0   0.248     c3:89.13; c2:68.13
156 H1137TS150_5       150     Grudinin             0.409    0.460    9        A1B1C1D1E1F1G1H1I1 C2        2        3.81     2096     12       34.1     50.40      26.82       0.467      0.062      0.35           2          564        0.02     4.42       5.02       172327.0   67367.6    104960.0   0.248     c3:89.13; c2:68.13
157 H1137TS390_5       390s    NBIS-AF2-multimer    0.409    0.460    9        A1B1C1D1E1F1G1H1I1 C2        2        3.81     2096     12       34.1     50.40      26.82       0.467      0.062      0.35           2          564        0.02     4.42       5.02       172327.0   67367.6    104960.0   0.248     c3:89.13; c2:68.13
158 H1137TS169_5       169     GuijunLab-Human      0.409    0.460    9        A1B1C1D1E1F1G1H1I1 C2        2        3.81     2096     12       34.1     50.39      26.78       0.467      0.062      0.35           2          564        0.10     4.42       3.23       172341.0   67395.5    104945.0   0.248     c3:89.13; c2:68.13
159 H1137TS169_1       169     GuijunLab-Human      0.409    0.460    9        A1B1C1D1E1F1G1H1I1 C2        2        3.81     2096     12       34.1     50.40      26.82       0.467      0.062      0.35           2          564        0.10     4.42       4.61       172356.0   67387.2    104969.0   0.248     c3:89.13; c2:68.13
160 H1137TS098_2       098s    GuijunLab-Assembly   0.409    0.460    9        A1B1C1D1E1F1G1H1I1 C2        2        3.81     2096     12       34.1     50.40      26.82       0.467      0.062      0.35           2          564        0.10     4.42       4.61       172356.0   67387.2    104969.0   0.248     c3:89.13; c2:68.13
161 H1137TS360_2       360     MUFold_H             0.350    0.361    10       A1B1C1D1E1F1G2H1I1 C2        2        1.66     3438     179      32.1     34.02      31.97       0.516      0.194      0.37           3          724        0.06     5.93       1.75       167033.0   68170.6    98862.2    0.383     d5:83.44; c10:90.20; c5:84.92; c5:93.22; c3:83.27; c2:65.81; c2:47.53; c2:70.87; c2:67.08; c2:68.66
162 H1137TS360_3       360     MUFold_H             0.350    0.366    10       A1B1C1D1E1F1G2H1I1 C2        2        1.87     3291     165      32.2     36.76      31.71       0.538      0.189      0.37           3          724        0.08     6.31       1.65       158926.0   63024.2    95902.0    0.327     d5:87.16; c10:91.67; c5:89.73; c3:78.02; c2:50.39; c2:60.95; c2:64.29; c2:71.12; c2:83.34
163 H1137TS298_2       298s    MUFold               0.350    0.361    10       A1B1C1D1E1F1G2H1I1 C2        2        1.91     3438     179      32.1     34.02      31.97       0.516      0.194      0.37           3          724        0.06     5.93       1.75       167033.0   68170.6    98862.2    0.383     d5:83.44; c10:90.20; c5:84.92; c5:93.22; c3:83.27; c2:65.81; c2:47.53; c2:70.87; c2:67.08; c2:68.66
164 H1137TS298_3       298s    MUFold               0.350    0.366    10       A1B1C1D1E1F1G2H1I1 C2        2        1.87     3291     165      32.2     36.76      31.71       0.538      0.189      0.37           3          724        0.08     6.31       1.65       158926.0   63024.2    95902.0    0.327     d5:87.16; c10:91.67; c5:89.73; c3:78.02; c2:50.39; c2:60.95; c2:64.29; c2:71.12; c2:83.34
165 H1137TS298_4       298s    MUFold               0.282    0.309    10       A1B1C1D1E1F1G2H1I1 C2        2        1.87     4116     226      28.1     31.63      29.32       0.487      0.197      0.34           3          754        0.12     6.95       2.82       154209.0   61994.0    92215.0    0.438     d5:81.62; c10:83.68; c5:80.90; c5:78.50; c3:61.03; c2:56.46; c2:39.83; c2:67.57; c2:59.55; c2:74.44
166 H1137TS360_4       360     MUFold_H             0.282    0.309    10       A1B1C1D1E1F1G2H1I1 C2        2        1.87     4116     226      28.1     31.63      29.32       0.487      0.197      0.34           3          754        0.12     6.95       2.82       154209.0   61994.0    92215.0    0.438     d5:81.62; c10:83.68; c5:80.90; c5:78.50; c3:61.03; c2:56.46; c2:39.83; c2:67.57; c2:59.55; c2:74.44
167 H1137TS360_1       360     MUFold_H             0.277    0.298    10       A1B1C1D1E1F1G2H1I1 C2        2        1.61     3674     220      30.0     33.16      27.92       0.488      0.158      0.36           3          754        0.05     6.55       2.52       158682.0   64102.3    94579.9    0.377     d5:75.92; c10:77.36; c5:70.32; c5:80.72; c3:67.11; c2:63.55; c2:56.68; c2:63.06; c2:62.66; c2:61.38; c2:64.28
168 H1137TS298_1       298s    MUFold               0.277    0.298    10       A1B1C1D1E1F1G2H1I1 C2        2        1.91     3674     220      30.0     33.16      27.92       0.488      0.158      0.36           3          754        0.05     6.55       2.52       158682.0   64102.3    94579.9    0.377     d5:75.92; c10:77.36; c5:70.32; c5:80.72; c3:67.11; c2:63.55; c2:56.68; c2:63.06; c2:62.66; c2:61.38; c2:64.28
169 H1137TS188_1       188s    GuijunLab-DeepDA     0.266    0.322    10       A1B1C1D1E1F1G2H1I1 C2        2        3.81     4720     229      34.1     50.40      26.82       0.435      0.057      0.35           2          564        0.10     4.42       0.02       187668.0   74584.2    113083.0   0.238     c3:88.03; c2:39.18
170 H1137TS071_5       071s    RaptorX-Multimer     0.250    0.741    4        A1B1C1D1E0F0G0H0I0 C1        4        0.00     1079     7        19.8     21.53      18.52       0.219      0.182      0.24           1          184        0.00     9.65       2.34       2832.7     -2277.6    5110.3     0.190     d2:91.64; c4:81.52; c3:75.51; c2:54.28
171 H1137TS071_1       071s    RaptorX-Multimer     0.248    0.753    4        A1B1C1D1E0F0G0H0I0 C1        4        0.00     1037     6        20.1     21.16      19.54       0.222      0.195      0.20           1          212        0.00     9.53       1.90       7503.1     -138.3     7641.4     0.076     d2:80.03; c4:72.70; c3:55.91; c2:49.72; c2:50.40; c2:49.07
172 H1137TS298_5       298s    MUFold               0.245    0.267    10       A1B1C1D1E1F1G2H1I1 C2        2        1.82     3952     230      26.0     31.89      26.43       0.493      0.153      0.32           2          516        0.01     1.10       2.45       149609.0   58606.8    91001.8    0.192     c2:74.29
173 H1137TS360_5       360     MUFold_H             0.245    0.267    10       A1B1C1D1E1F1G2H1I1 C2        2        1.82     3952     230      26.0     31.89      26.43       0.493      0.153      0.32           2          516        0.01     1.10       2.45       149609.0   58606.8    91001.8    0.192     c2:74.29
174 H1137TS494_5       494     Venclovas            0.236    0.697    10       A1B1C1D1E1F1G2H1I1 C2        10       1.72     991      1        19.2     48.66      14.44       0.342      0.343      0.19           10         1836       0.08     4.90       2.50       -35128.3   -13880.9   -21247.4   0.397     d5:37.92; c10:41.64; c5:38.87; c5:42.28; c3:11.00; c2:31.67; c2:2.73; c2:33.31; c2:29.69; c2:29.89; c2:28.98
175 H1137TS071_4       071s    RaptorX-Multimer     0.236    0.690    4        A1B1C1D1E0F0G0H0I0 C1        4        0.00     1094     13       17.7     17.76      17.77       0.208      0.145      0.18           1          209        0.00     9.66       2.72       8911.2     764.1      8147.1     0.179     c4:87.51; c3:34.68; c2:61.16
176 H1137TS071_3       071s    RaptorX-Multimer     0.235    0.661    4        A1B1C1D1E0F0G0H0I0 C1        4        0.00     1278     25       17.5     17.88      17.43       0.206      0.188      0.22           1          187        0.00     9.67       2.19       5966.7     524.6      5442.1     0.144     d2:88.36; c4:90.95; c3:76.57; c2:54.80
177 H1137TS071_2       071s    RaptorX-Multimer     0.217    0.616    4        A1B1C1D1E0F0G0H0I0 C1        4        0.00     1166     39       16.1     16.22      17.10       0.200      0.161      0.17           1          149        0.00     9.53       3.04       8934.9     1693.5     7241.4     0.174     c3:46.30; c2:54.55
178 H1137TS385_1       385     FoldEver-Hybrid      0.205    0.408    9        A1B1C1D1E1F1G1H1I1 C1        9        0.00     19135    1053     46.1     37.86      67.66       0.393      0.305      0.53           3          726        0.05     6.60       0.80       -40283.2   -10421.0   -29862.1   0.345     c9:55.38; c3:49.54; c2:33.83
179 H1137TS245_1       245s    FoldEver             0.205    0.408    9        A1B1C1D1E1F1G1H1I1 C1        9        0.00     19135    1053     46.1     37.86      67.66       0.393      0.305      0.53           3          726        0.05     6.60       0.80       -40283.2   -10421.0   -29862.1   0.345     c9:55.38; c3:49.54; c2:33.83
180 H1137TS091_5       091     UNRES                0.168    0.193    9        A1B1C1D1E1F1G1H1I1 C2        2        2.26     5112     16       14.5     14.33      15.34       0.444      0.094      0.36           3          815        0.10     3.70       4.44       12301.4    5294.6     7006.8     0.450     c9:56.78; c3:53.85; c2:48.21
181 H1137TS091_1       091     UNRES                0.166    0.187    9        A1B1C1D1E1F1G1H1I1 C2        2        1.77     4831     17       14.4     15.00      14.69       0.442      0.098      0.37           3          815        0.02     3.50       1.99       15229.6    6187.3     9042.3     0.437     c9:57.15; c3:53.78; c2:48.68
182 H1137TS091_2       091     UNRES                0.163    0.188    9        A1B1C1D1E1F1G1H1I1 C2        2        1.77     5058     15       13.7     13.10      14.92       0.443      0.112      0.35           3          815        0.02     2.64       0.29       8520.2     3092.3     5427.9     0.443     c9:55.14; c3:51.48; c2:48.78
183 H1137TS091_4       091     UNRES                0.148    0.170    9        A1B1C1D1E1F1G1H1I1 C2        2        2.59     5402     18       11.1     11.40      11.82       0.430      0.083      0.34           3          815        0.03     3.47       3.60       3347.3     993.9      2353.4     0.428     c9:54.57; c3:50.63; c2:44.85
184 H1137TS091_3       091     UNRES                0.135    0.154    9        A1B1C1D1E1F1G1H1I1 C2        2        1.77     5266     39       9.8      9.76       10.60       0.429      0.055      0.33           2          516        0.03     2.34       3.21       15605.4    6403.0     9202.4     0.353     c9:59.10; c3:56.04; c2:51.56
185 H1137TS037_2       037     Wallner              0.119    0.125    10       A1B1C1D1E1F1G2H1I1 C2        2        2.00     2042     135      9.4      13.79      8.15        0.328      0.067      0.14           3          863        0.06     3.48       7.64       221681.0   95359.8    126321.0   0.333     c10:91.97; c3:67.31; c2:65.00; c2:81.71; c2:73.88
186 H1137TS493_1       493     Shen-CAPRI           0.112    0.118    10       A1B1C1D1E1F1G2H1I1 C2        4        1.41     1401     4        7.9      20.25      8.01        0.512      0.082      0.12           3          775        0.04     6.34       3.13       160067.0   59361.6    100051.0   0.321     d5:95.61; c3:96.53; c2:34.88
187 H1137TS433_1       433     OpenFold-SingleSeq   0.038    0.045    9        A1B1C1D1E1F1G1H1I1 C2        2        3.83     1482     75       1.6      5.85       1.36        0.351      0.020      0.07           2          516        0.07     3.32       7.05       148637.0   51890.2    96747.0    0.166     c9:54.89; c3:52.26; c2:49.72
188 H1137TS441_1       441     OpenFold             0.038    0.045    9        A1B1C1D1E1F1G1H1I1 C2        2        3.83     1482     75       1.6      5.85       1.36        0.351      0.020      0.07           2          516        0.07     3.32       7.05       148637.0   51890.2    96747.0    0.166     c9:54.89; c3:52.26; c2:49.72
189 H1137TS433_3       433     OpenFold-SingleSeq   0.021    0.029    10       A1B1C1D1E1F1G2H1I1 C2        2        1.90     4650     307      1.6      2.20       1.32        0.336      0.018      0.12           2          516        0.09     3.09       4.69       115304.0   45544.6    69759.6    0.218     d5:53.94; c10:56.73; c5:52.57; c5:55.60; c3:61.44; c2:49.68; c2:40.76; c2:40.71; c2:34.92; c2:40.75; c2:42.14
190 H1137TS441_3       441     OpenFold             0.021    0.029    10       A1B1C1D1E1F1G2H1I1 C2        2        1.90     4650     307      1.6      2.20       1.32        0.336      0.018      0.12           2          516        0.09     3.09       4.69       115304.0   45544.6    69759.6    0.218     d5:53.94; c10:56.73; c5:52.57; c5:55.60; c3:61.44; c2:49.68; c2:40.76; c2:40.71; c2:34.92; c2:40.75; c2:42.14
191 H1137TS433_2       433     OpenFold-SingleSeq   0.020    0.026    9        A1B1C1D1E1F1G1H1I1 C1        9        0.00     4175     262      0.9      1.37       0.73        0.299      0.010      0.12           1          251        0.00     1.69       0.01       90334.8    30864.5    59470.3    0.186     c9:46.76; c3:45.00; c2:38.50
192 H1137TS441_2       441     OpenFold             0.020    0.026    9        A1B1C1D1E1F1G1H1I1 C1        9        0.00     4175     262      0.9      1.37       0.73        0.299      0.010      0.12           1          251        0.00     1.69       0.01       90334.8    30864.5    59470.3    0.186     c9:46.76; c3:45.00; c2:38.50
193 H1137TS423_1       423     trComplex            0.018    0.025    10       A1B1C1D1E1F1G2H1I1 C1        10       0.00     12833    1067     2.9      2.66       3.45        0.238      0.067      0.16           2          550        0.02     1.59       4.25       85643.6    31149.8    54493.8    0.222     c10:62.30; c5:60.86; c3:50.01; c2:44.60
194 H1137TS098_3       098s    GuijunLab-Assembly   0.018    0.022    10       A1B1C1D1E1F1G2H1I1 C2        2        3.95     2845     235      1.8      2.31       1.46        0.439      0.010      0.06           1          251        0.00     1.22       1.28       160361.0   55389.6    104971.0   0.245     d5:99.59; c10:92.24; c5:94.20; c3:59.62; c2:69.56; c2:68.00; c2:73.13
195 H1137TS098_1       098s    GuijunLab-Assembly   0.018    0.022    10       A1B1C1D1E1F1G2H1I1 C2        2        3.95     2845     235      1.8      2.31       1.46        0.439      0.010      0.06           1          251        0.00     1.22       1.28       160361.0   55389.6    104971.0   0.245     d5:99.59; c10:92.24; c5:94.20; c3:59.62; c2:69.56; c2:68.00; c2:73.13
196 H1137TS098_4       098s    GuijunLab-Assembly   0.018    0.022    10       A1B1C1D1E1F1G2H1I1 C2        2        3.95     2845     235      1.8      2.31       1.46        0.439      0.010      0.06           1          251        0.00     1.22       1.28       160361.0   55389.6    104971.0   0.245     d5:99.59; c10:92.24; c5:94.20; c3:59.62; c2:69.56; c2:68.00; c2:73.13
197 H1137TS098_5       098s    GuijunLab-Assembly   0.018    0.022    10       A1B1C1D1E1F1G2H1I1 C2        2        3.95     2845     235      1.8      2.31       1.46        0.439      0.010      0.06           1          251        0.00     1.22       1.28       160361.0   55389.6    104971.0   0.245     d5:99.59; c10:92.24; c5:94.20; c3:59.62; c2:69.56; c2:68.00; c2:73.13
198 H1137TS187_1       187     TRFold               0.018    0.025    10       A1B1C1D1E1F1G2H1I1 C1        10       0.00     12833    1067     2.9      2.66       3.45        0.238      0.067      0.16           2          550        0.02     1.59       4.25       85643.6    31149.8    54493.8    0.222     c10:62.30; c5:60.86; c3:50.01; c2:44.60
199 H1137TS234_1       234     Panlab               0.001    0.021    3        A0B0C0D0E0F0G1H1I1 C1        3        0.00     3        0        0.1      2.72       0.06        0.159      0.013      0.00           1          299        0.00     1.86       20.66      -72896.3   -35354.8   -37541.5   0.098     c3:29.49; c2:9.83
200 H1137TS234_2       234     Panlab               0.001    0.012    3        A0B0C0D0E0F0G1H1I1 C1        3        0.00     3        0        -        -          -           0.159      0.017      -              1          299        0.00     1.86       -          -72817.4   -35277.7   -37539.7   0.107     c3:30.50; c2:8.14
201 H1137TS234_4       234     Panlab               0.001    0.013    3        A0B0C0D0E0F0G1H1I1 C1        3        0.00     2        0        0.0      0.00       0.00        0.159      0.013      0.00           1          299        0.00     1.86       999.00     -72884.1   -35303.5   -37580.5   0.107     c3:35.62; c2:16.74
202 H1137TS234_3       234     Panlab               0.001    0.017    3        A0B0C0D0E0F0G1H1I1 C1        3        0.00     9        0        0.0      0.00       0.00        0.159      0.016      0.00           1          299        0.00     1.86       999.00     -73081.9   -35321.6   -37760.3   0.102     c3:54.34; c2:8.84
203 H1137TS234_5       234     Panlab               0.000    0.005    3        A0B0C0D0E0F0G1H1I1 C1        3        0.00     3        0        0.0      0.00       0.00        0.159      0.015      0.00           1          299        0.00     1.86       999.00     -72945.6   -35337.2   -37608.3   0.104     c3:46.40; c2:17.49