    Model              Gr.Code Group                QSglob   QSbest   Mol.Size Stoich.  Symm.     SymmSize SymmRMSD No.Conts No.Clash F1       Prec.Iface Recal.Iface lDDToligo  DockQ_Avg  Jaccard.Coeff. Align.Size Align.Len  Orient   LocalRMSD  Iface.RMSD SA.total   SA.polar  SA.apolar  TMscore    SymmGr.RMSD
1   H1143TS073_1       073s    DFolding-refine      0.909    0.932    2        A1B1     C1        2        0.00     45       0        83.8     88.00      80.00       0.784      0.801      0.86           2          329        0.02     1.80       0.84       1902.5     -300.6     2203.0     0.952     c3:15.33; c2:15.25
2   H1143TS439_1       439     Yang                 0.909    0.937    2        A1B1     C1        2        0.00     46       0        85.7     90.00      81.80       0.852      0.836      0.91           2          329        0.03     1.46       0.64       1821.2     284.8      1536.4     0.974     c3:15.09; c2:15.25
3   H1143TS446_2       446s    ColabFold            0.908    0.935    2        A1B1     C1        2        0.00     48       0        90.6     94.10      87.30       0.884      0.866      0.93           2          329        0.02     1.33       0.62       1860.0     925.1      934.8      0.979     c3:15.06; c2:15.15
4   H1143TS461_1       461     colabfold_human      0.908    0.935    2        A1B1     C1        2        0.00     49       0        89.7     92.30      87.30       0.881      0.862      0.93           2          329        0.02     1.36       0.64       1953.0     950.6      1002.3     0.978     c3:15.11; c2:15.20
5   H1143TS439_5       439     Yang                 0.908    0.935    2        A1B1     C1        2        0.00     49       0        88.7     92.20      85.50       0.853      0.856      0.93           2          329        0.02     1.36       0.64       1957.3     346.0      1611.3     0.978     c3:15.11; c2:15.20
6   H1143TS446_1       446s    ColabFold            0.908    0.935    2        A1B1     C1        2        0.00     49       0        89.7     92.30      87.30       0.881      0.862      0.93           2          329        0.02     1.36       0.64       1953.0     950.6      1002.3     0.978     c3:15.11; c2:15.20
7   H1143TS461_2       461     colabfold_human      0.908    0.935    2        A1B1     C1        2        0.00     48       0        90.6     94.10      87.30       0.884      0.866      0.93           2          329        0.02     1.33       0.62       1860.0     925.1      934.8      0.979     c3:15.06; c2:15.15
8   H1143TS225_1       225     ShanghaiTech         0.907    0.942    2        A1B1     C1        2        0.00     49       0        88.3     87.50      89.10       0.885      0.876      0.91           2          329        0.03     1.35       0.63       1739.8     734.4      1005.4     0.978     c3:15.02; c2:15.12
9   H1143TS239_1       239s    Yang-Multimer        0.907    0.939    2        A1B1     C1        2        0.00     48       0        86.0     88.50      83.60       0.851      0.840      0.91           2          329        0.03     1.49       0.63       1947.2     290.7      1656.5     0.973     c3:15.13; c2:15.24
10  H1143TS350_1       350     ClusPro              0.906    0.935    2        A1B1     C1        2        0.00     49       0        87.9     90.40      85.50       0.879      0.851      0.86           2          329        0.03     1.35       0.67       1111.4     588.9      522.4      0.978     c3:15.03; c2:15.11
11  H1143TS374_2       374     Zheng                0.906    0.938    2        A1B1     C1        2        0.00     48       0        89.7     92.30      87.30       0.886      0.863      0.91           2          329        0.03     1.34       0.63       1597.6     612.2      985.4      0.979     c3:15.07; c2:15.12
12  H1143TS187_2       187     TRFold               0.906    0.937    2        A1B1     C1        2        0.00     50       0        90.7     92.50      89.10       0.883      0.876      0.93           2          329        0.03     1.32       0.61       1558.8     726.8      832.0      0.979     c3:15.05; c2:15.14
13  H1143TS312_1       312     Fernandez-Recio      0.906    0.929    2        A1B1     C1        2        0.00     50       0        89.3     87.70      90.90       0.886      0.851      0.89           2          329        0.03     1.40       0.71       1393.4     725.3      668.0      0.976     c3:15.12; c2:15.21
14  H1143TS205_3       205     Zou                  0.906    0.934    2        A1B1     C1        2        0.00     46       0        88.9     90.60      87.30       0.885      0.862      0.91           2          329        0.02     1.33       0.64       1559.4     477.5      1081.9     0.980     c3:15.07; c2:15.17
15  H1143TS288_1       288s    DFolding-server      0.906    0.934    2        A1B1     C1        2        0.00     50       0        90.6     94.10      87.30       0.875      0.833      0.91           2          329        0.04     1.46       0.75       1962.8     1039.3     923.5      0.972     c3:15.06; c2:15.15
16  H1143TS423_2       423     trComplex            0.906    0.937    2        A1B1     C1        2        0.00     50       0        90.7     92.50      89.10       0.883      0.876      0.93           2          329        0.03     1.32       0.61       1558.8     726.8      832.0      0.979     c3:15.05; c2:15.14
17  H1143TS348_5       348     Takeda-Shitaka_Lab   0.905    0.928    2        A1B1     C1        2        0.00     44       0        89.5     94.00      85.50       0.888      0.836      0.88           2          329        0.03     1.40       0.72       1802.7     677.9      1124.7     0.975     c3:15.09; c2:15.18
18  H1143TS037_1       037     Wallner              0.905    0.936    2        A1B1     C1        2        0.00     47       0        90.7     92.50      89.10       0.891      0.871      0.93           2          329        0.03     1.34       0.65       1547.4     570.8      976.6      0.979     c3:15.08; c2:15.14
19  H1143TS374_1       374     Zheng                0.905    0.939    2        A1B1     C1        2        0.00     47       0        89.9     90.70      89.10       0.891      0.873      0.91           2          329        0.03     1.36       0.64       1559.7     629.1      930.6      0.978     c3:15.09; c2:15.15
20  H1143TS239_3       239s    Yang-Multimer        0.905    0.936    2        A1B1     C1        2        0.00     49       0        89.1     89.10      89.10       0.853      0.848      0.91           2          329        0.04     1.54       0.68       1930.1     323.7      1606.4     0.969     c3:15.14; c2:15.28
21  H1143TS439_2       439     Yang                 0.905    0.936    2        A1B1     C1        2        0.00     49       0        89.1     89.10      89.10       0.853      0.848      0.91           2          329        0.04     1.54       0.68       1930.1     323.7      1606.4     0.969     c3:15.14; c2:15.28
22  H1143TS180_3       180     McGuffin             0.904    0.929    2        A1B1     C1        2        0.00     48       0        87.9     90.40      85.50       0.881      0.841      0.91           2          329        0.03     1.41       0.69       1434.7     498.1      936.5      0.976     c3:15.07; c2:15.15
23  H1143TS367_4       367     MULTICOM             0.904    0.928    2        A1B1     C1        2        0.00     47       0        89.3     95.80      83.60       0.883      0.821      0.88           2          329        0.03     1.47       0.73       1684.2     714.8      969.4      0.972     c3:15.08; c2:15.16
24  H1143TS180_4       180     McGuffin             0.904    0.927    2        A1B1     C1        2        0.00     46       0        86.8     90.20      83.60       0.882      0.832      0.91           2          329        0.03     1.42       0.68       1553.2     612.8      940.4      0.975     c3:15.08; c2:15.17
25  H1143TS225_2       225     ShanghaiTech         0.904    0.933    2        A1B1     C1        2        0.00     45       0        87.9     90.40      85.50       0.879      0.837      0.88           2          329        0.03     1.36       0.67       1773.2     788.5      984.7      0.977     c3:15.09; c2:15.18
26  H1143TS434_2       434     Coqualia             0.904    0.934    2        A1B1     C1        2        0.00     46       0        90.7     92.50      89.10       0.889      0.867      0.93           2          329        0.02     1.33       0.65       1619.2     665.5      953.6      0.979     c3:15.06; c2:15.16
27  H1143TS298_2       298s    MUFold               0.904    0.930    2        A1B1     C1        2        0.00     46       0        90.6     94.10      87.30       0.884      0.854      0.91           2          329        0.02     1.36       0.66       1660.2     686.7      973.5      0.978     c3:15.07; c2:15.16
28  H1143TS314_1       314     Pierce               0.904    0.931    2        A1B1     C1        2        0.00     47       0        91.6     94.20      89.10       0.885      0.863      0.93           2          329        0.02     1.35       0.65       1660.2     690.0      970.2      0.979     c3:15.07; c2:15.16
29  H1143TS320_1       320     Elofsson             0.904    0.931    2        A1B1     C1        2        0.00     46       0        89.5     94.00      85.50       0.888      0.843      0.91           2          329        0.03     1.39       0.68       1664.3     658.8      1005.5     0.976     c3:15.07; c2:15.12
30  H1143TS390_1       390s    NBIS-AF2-multimer    0.904    0.931    2        A1B1     C1        2        0.00     46       0        89.5     94.00      85.50       0.888      0.843      0.91           2          329        0.03     1.39       0.68       1664.3     658.8      1005.5     0.976     c3:15.07; c2:15.12
31  H1143TS348_4       348     Takeda-Shitaka_Lab   0.904    0.931    2        A1B1     C1        2        0.00     46       0        89.5     94.00      85.50       0.888      0.843      0.91           2          329        0.03     1.39       0.68       1656.1     609.8      1046.3     0.976     c3:15.07; c2:15.12
32  H1143TS150_1       150     Grudinin             0.904    0.931    2        A1B1     C1        2        0.00     46       0        89.5     94.00      85.50       0.888      0.843      0.91           2          329        0.03     1.39       0.68       1664.3     658.8      1005.5     0.976     c3:15.07; c2:15.12
33  H1143TS180_2       180     McGuffin             0.904    0.928    2        A1B1     C1        2        0.00     45       0        86.8     90.20      83.60       0.881      0.827      0.91           2          329        0.03     1.44       0.70       1513.3     576.4      936.9      0.974     c3:15.09; c2:15.19
34  H1143TS348_1       348     Takeda-Shitaka_Lab   0.904    0.931    2        A1B1     C1        2        0.00     47       0        91.6     94.20      89.10       0.885      0.863      0.93           2          329        0.02     1.35       0.65       1652.5     640.6      1012.0     0.979     c3:15.07; c2:15.16
35  H1143TS011_2       011s    GinobiFold-SER       0.904    0.934    2        A1B1     C1        2        0.00     46       0        90.7     92.50      89.10       0.889      0.867      0.93           2          329        0.02     1.33       0.65       1619.2     665.5      953.6      0.979     c3:15.06; c2:15.16
36  H1143TS390_2       390s    NBIS-AF2-multimer    0.904    0.931    2        A1B1     C1        2        0.00     47       0        91.6     94.20      89.10       0.885      0.863      0.93           2          329        0.02     1.35       0.65       1660.2     690.0      970.2      0.979     c3:15.07; c2:15.16
37  H1143TS227_2       227     GinobiFold           0.904    0.934    2        A1B1     C1        2        0.00     46       0        90.7     92.50      89.10       0.889      0.867      0.93           2          329        0.02     1.33       0.65       1619.2     665.5      953.6      0.979     c3:15.06; c2:15.16
38  H1143TS298_4       298s    MUFold               0.904    0.931    2        A1B1     C1        2        0.00     47       0        90.6     94.10      87.30       0.884      0.852      0.91           2          329        0.03     1.38       0.67       1647.2     667.4      979.8      0.977     c3:15.07; c2:15.16
39  H1143TS320_2       320     Elofsson             0.904    0.931    2        A1B1     C1        2        0.00     47       0        91.6     94.20      89.10       0.885      0.863      0.93           2          329        0.02     1.35       0.65       1660.2     690.0      970.2      0.979     c3:15.07; c2:15.16
40  H1143TS011_3       011s    GinobiFold-SER       0.903    0.932    2        A1B1     C1        2        0.00     45       0        90.6     94.10      87.30       0.888      0.855      0.91           2          329        0.02     1.37       0.66       1626.2     708.6      917.7      0.977     c3:15.07; c2:15.17
41  H1143TS423_1       423     trComplex            0.903    0.935    2        A1B1     C1        2        0.00     48       0        89.9     90.70      89.10       0.882      0.864      0.91           2          329        0.03     1.41       0.63       1698.5     773.9      924.6      0.976     c3:15.05; c2:15.15
42  H1143TS239_5       239s    Yang-Multimer        0.903    0.936    2        A1B1     C1        2        0.00     49       0        88.9     90.60      87.30       0.853      0.861      0.93           2          329        0.03     1.43       0.62       1901.0     314.8      1586.2     0.975     c3:15.12; c2:15.25
43  H1143TS434_1       434     Coqualia             0.903    0.932    2        A1B1     C1        2        0.00     45       0        89.7     92.30      87.30       0.889      0.860      0.91           2          329        0.02     1.34       0.65       1725.1     731.8      993.3      0.979     c3:15.08; c2:15.14
44  H1143TS227_3       227     GinobiFold           0.903    0.932    2        A1B1     C1        2        0.00     45       0        90.6     94.10      87.30       0.888      0.855      0.91           2          329        0.02     1.37       0.66       1626.2     708.6      917.7      0.977     c3:15.07; c2:15.17
45  H1143TS434_3       434     Coqualia             0.903    0.932    2        A1B1     C1        2        0.00     45       0        90.6     94.10      87.30       0.888      0.855      0.91           2          329        0.02     1.37       0.66       1626.2     708.6      917.7      0.977     c3:15.07; c2:15.17
46  H1143TS227_1       227     GinobiFold           0.903    0.932    2        A1B1     C1        2        0.00     45       0        89.7     92.30      87.30       0.889      0.860      0.91           2          329        0.02     1.34       0.65       1725.1     731.8      993.3      0.979     c3:15.08; c2:15.14
47  H1143TS187_1       187     TRFold               0.903    0.935    2        A1B1     C1        2        0.00     48       0        89.9     90.70      89.10       0.882      0.864      0.91           2          329        0.03     1.41       0.63       1698.5     773.9      924.6      0.976     c3:15.05; c2:15.15
48  H1143TS011_1       011s    GinobiFold-SER       0.903    0.932    2        A1B1     C1        2        0.00     45       0        89.7     92.30      87.30       0.889      0.860      0.91           2          329        0.02     1.34       0.65       1725.1     731.8      993.3      0.979     c3:15.08; c2:15.14
49  H1143TS348_2       348     Takeda-Shitaka_Lab   0.903    0.928    2        A1B1     C1        2        0.00     44       0        86.0     88.50      83.60       0.888      0.826      0.89           2          329        0.03     1.41       0.73       1776.6     697.1      1079.5     0.975     c3:15.08; c2:15.17
50  H1143TS180_5       180     McGuffin             0.902    0.926    2        A1B1     C1        2        0.00     46       0        87.9     90.40      85.50       0.881      0.834      0.91           2          329        0.03     1.44       0.70       1534.8     654.6      880.2      0.974     c3:15.08; c2:15.17
51  H1143TS158_5       158s    MULTICOM_deep        0.902    0.933    2        A1B1     C1        2        0.00     46       0        88.1     88.90      87.30       0.890      0.864      0.91           2          329        0.03     1.37       0.66       1629.1     607.4      1021.7     0.978     c3:15.11; c2:15.16
52  H1143TS086_4       086s    MULTICOM_qa          0.902    0.933    2        A1B1     C1        2        0.00     46       0        88.1     88.90      87.30       0.890      0.864      0.91           2          329        0.03     1.37       0.66       1629.1     607.4      1021.7     0.978     c3:15.11; c2:15.16
53  H1143TS180_1       180     McGuffin             0.902    0.926    2        A1B1     C1        2        0.00     47       0        86.8     90.20      83.60       0.882      0.830      0.91           2          329        0.03     1.42       0.70       1445.5     558.3      887.2      0.975     c3:15.09; c2:15.18
54  H1143TS086_3       086s    MULTICOM_qa          0.902    0.933    2        A1B1     C1        2        0.00     46       0        88.1     88.90      87.30       0.890      0.858      0.91           2          329        0.03     1.40       0.66       1594.2     602.1      992.0      0.976     c3:15.09; c2:15.16
55  H1143TS158_3       158s    MULTICOM_deep        0.902    0.933    2        A1B1     C1        2        0.00     46       0        88.1     88.90      87.30       0.890      0.858      0.91           2          329        0.03     1.40       0.66       1594.2     602.1      992.0      0.976     c3:15.09; c2:15.16
56  H1143TS003_5       003     MULTICOM_human       0.902    0.933    2        A1B1     C1        2        0.00     46       0        88.1     88.90      87.30       0.890      0.858      0.91           2          329        0.03     1.40       0.66       1594.2     602.1      992.0      0.976     c3:15.09; c2:15.16
57  H1143TS374_3       374     Zheng                0.902    0.932    2        A1B1     C1        2        0.00     50       0        87.5     86.00      89.10       0.881      0.850      0.93           2          329        0.04     1.46       0.71       1853.2     690.6      1162.6     0.973     c3:15.17; c2:15.25
58  H1143TS003_3       003     MULTICOM_human       0.901    0.933    2        A1B1     C1        2        0.00     47       0        88.1     88.90      87.30       0.891      0.868      0.91           2          329        0.03     1.34       0.66       1608.0     601.6      1006.4     0.979     c3:15.10; c2:15.16
59  H1143TS086_2       086s    MULTICOM_qa          0.901    0.933    2        A1B1     C1        2        0.00     47       0        88.1     88.90      87.30       0.891      0.868      0.91           2          329        0.03     1.34       0.66       1608.0     601.6      1006.4     0.979     c3:15.10; c2:15.16
60  H1143TS298_1       298s    MUFold               0.901    0.930    2        A1B1     C1        2        0.00     46       0        89.7     92.30      87.30       0.887      0.854      0.93           2          329        0.03     1.37       0.67       1668.9     670.9      998.0      0.977     c3:15.09; c2:15.16
61  H1143TS003_1       003     MULTICOM_human       0.901    0.935    2        A1B1     C1        2        0.00     46       0        88.9     90.60      87.30       0.887      0.870      0.93           2          329        0.02     1.33       0.62       1646.9     648.6      998.2      0.980     c3:15.10; c2:15.15
62  H1143TS003_2       003     MULTICOM_human       0.901    0.935    2        A1B1     C1        2        0.00     46       0        88.9     90.60      87.30       0.887      0.872      0.93           2          329        0.02     1.32       0.62       1651.8     637.4      1014.4     0.980     c3:15.09; c2:15.14
63  H1143TS158_1       158s    MULTICOM_deep        0.901    0.933    2        A1B1     C1        2        0.00     47       0        88.1     88.90      87.30       0.891      0.868      0.91           2          329        0.03     1.34       0.66       1608.0     601.6      1006.4     0.979     c3:15.10; c2:15.16
64  H1143TS367_1       367     MULTICOM             0.900    0.922    2        A1B1     C1        2        0.00     46       0        89.3     95.80      83.60       0.882      0.794      0.88           2          329        0.04     1.57       0.79       1627.2     646.2      981.0      0.966     c3:15.07; c2:15.14
65  H1143TS374_4       374     Zheng                0.900    0.932    2        A1B1     C1        2        0.00     47       0        88.9     90.60      87.30       0.885      0.861      0.93           2          329        0.02     1.32       0.65       1457.6     376.6      1081.0     0.980     c3:15.09; c2:15.15
66  H1143TS390_4       390s    NBIS-AF2-multimer    0.900    0.924    2        A1B1     C1        2        0.00     47       0        86.5     91.80      81.80       0.884      0.812      0.91           2          329        0.03     1.47       0.73       1675.1     663.2      1012.0     0.972     c3:15.10; c2:15.16
67  H1143TS477_1       477     DMP                  0.900    0.922    2        A1B1     C1        2        0.00     45       0        81.6     87.50      76.40       0.866      0.791      0.82           2          329        0.03     1.47       0.80       1676.6     933.5      743.1      0.972     c3:15.07; c2:15.16
68  H1143TS298_3       298s    MUFold               0.900    0.928    2        A1B1     C1        2        0.00     46       0        88.7     92.20      85.50       0.886      0.847      0.93           2          329        0.03     1.37       0.68       1668.0     667.1      1000.8     0.977     c3:15.08; c2:15.15
69  H1143TS227_4       227     GinobiFold           0.900    0.928    2        A1B1     C1        2        0.00     47       0        87.6     92.00      83.60       0.885      0.834      0.91           2          329        0.03     1.40       0.69       1775.8     761.4      1014.4     0.976     c3:15.09; c2:15.18
70  H1143TS086_1       086s    MULTICOM_qa          0.900    0.932    2        A1B1     C1        2        0.00     46       0        88.9     90.60      87.30       0.888      0.870      0.93           2          329        0.02     1.32       0.62       1622.2     567.4      1054.8     0.980     c3:15.08; c2:15.14
71  H1143TS158_2       158s    MULTICOM_deep        0.900    0.932    2        A1B1     C1        2        0.00     46       0        88.9     90.60      87.30       0.888      0.870      0.93           2          329        0.02     1.32       0.62       1622.2     567.4      1054.8     0.980     c3:15.08; c2:15.14
72  H1143TS320_4       320     Elofsson             0.900    0.924    2        A1B1     C1        2        0.00     47       0        86.5     91.80      81.80       0.884      0.812      0.91           2          329        0.03     1.47       0.73       1675.1     663.2      1012.0     0.972     c3:15.10; c2:15.16
73  H1143TS003_4       003     MULTICOM_human       0.900    0.932    2        A1B1     C1        2        0.00     46       0        88.9     90.60      87.30       0.888      0.870      0.93           2          329        0.02     1.32       0.62       1622.2     567.4      1054.8     0.980     c3:15.08; c2:15.14
74  H1143TS278_1       278     PEZYFoldings         0.900    0.934    2        A1B1     C1        2        0.00     49       0        89.7     92.30      87.30       0.891      0.865      0.91           2          329        0.03     1.39       0.66       1693.9     737.6      956.3      0.977     c3:15.10; c2:15.19
75  H1143TS011_4       011s    GinobiFold-SER       0.900    0.928    2        A1B1     C1        2        0.00     47       0        87.6     92.00      83.60       0.885      0.834      0.91           2          329        0.03     1.40       0.69       1775.8     761.4      1014.4     0.976     c3:15.09; c2:15.18
76  H1143TS434_4       434     Coqualia             0.900    0.928    2        A1B1     C1        2        0.00     47       0        87.6     92.00      83.60       0.885      0.834      0.91           2          329        0.03     1.40       0.69       1775.8     761.4      1014.4     0.976     c3:15.09; c2:15.18
77  H1143TS158_4       158s    MULTICOM_deep        0.899    0.931    2        A1B1     C1        2        0.00     47       0        88.9     90.60      87.30       0.887      0.857      0.91           2          329        0.03     1.35       0.68       1614.9     615.0      999.9      0.978     c3:15.10; c2:15.16
78  H1143TS169_3       169     GuijunLab-Human      0.899    0.929    2        A1B1     C1        2        0.00     47       0        89.7     92.30      87.30       0.886      0.858      0.93           2          329        0.03     1.35       0.66       1722.8     629.3      1093.5     0.978     c3:15.08; c2:15.15
79  H1143TS188_2       188s    GuijunLab-DeepDA     0.899    0.929    2        A1B1     C1        2        0.00     47       0        89.7     92.30      87.30       0.886      0.858      0.93           2          329        0.03     1.35       0.66       1722.8     629.3      1093.5     0.978     c3:15.08; c2:15.15
80  H1143TS188_1       188s    GuijunLab-DeepDA     0.899    0.928    2        A1B1     C1        2        0.00     47       0        89.5     94.00      85.50       0.886      0.844      0.93           2          329        0.03     1.39       0.68       1651.0     607.5      1043.4     0.976     c3:15.07; c2:15.15
81  H1143TS086_5       086s    MULTICOM_qa          0.899    0.931    2        A1B1     C1        2        0.00     47       0        88.9     90.60      87.30       0.887      0.857      0.91           2          329        0.03     1.35       0.68       1614.9     615.0      999.9      0.978     c3:15.10; c2:15.16
82  H1143TS098_2       098s    GuijunLab-Assembly   0.899    0.929    2        A1B1     C1        2        0.00     47       0        89.7     92.30      87.30       0.886      0.858      0.93           2          329        0.03     1.35       0.66       1722.8     629.3      1093.5     0.978     c3:15.08; c2:15.15
83  H1143TS169_2       169     GuijunLab-Human      0.899    0.928    2        A1B1     C1        2        0.00     47       0        89.5     94.00      85.50       0.886      0.844      0.93           2          329        0.03     1.39       0.68       1651.0     607.5      1043.4     0.976     c3:15.07; c2:15.15
84  H1143TS098_1       098s    GuijunLab-Assembly   0.899    0.928    2        A1B1     C1        2        0.00     47       0        89.5     94.00      85.50       0.886      0.844      0.93           2          329        0.03     1.39       0.68       1651.0     607.5      1043.4     0.976     c3:15.07; c2:15.15
85  H1143TS133_4       133s    ShanghaiTech-TS-SER  0.898    0.922    2        A1B1     C1        2        0.00     47       0        87.4     93.80      81.80       0.888      0.821      0.91           2          329        0.03     1.40       0.74       1689.2     724.8      964.4      0.976     c3:15.08; c2:15.18
86  H1143TS348_3       348     Takeda-Shitaka_Lab   0.898    0.925    2        A1B1     C1        2        0.00     47       0        88.7     92.20      85.50       0.885      0.839      0.93           2          329        0.03     1.41       0.69       1616.4     582.1      1034.3     0.975     c3:15.07; c2:15.15
87  H1143TS227_5       227     GinobiFold           0.898    0.922    2        A1B1     C1        2        0.00     47       0        87.4     93.80      81.80       0.888      0.821      0.91           2          329        0.03     1.40       0.74       1689.2     724.8      964.4      0.976     c3:15.08; c2:15.18
88  H1143TS245_3       245s    FoldEver             0.898    0.925    2        A1B1     C1        2        0.00     47       0        88.7     92.20      85.50       0.885      0.839      0.93           2          329        0.03     1.41       0.69       1624.3     636.4      987.9      0.975     c3:15.07; c2:15.15
89  H1143TS385_3       385     FoldEver-Hybrid      0.898    0.925    2        A1B1     C1        2        0.00     47       0        88.7     92.20      85.50       0.885      0.839      0.93           2          329        0.03     1.41       0.69       1624.3     636.4      987.9      0.975     c3:15.07; c2:15.15
90  H1143TS390_3       390s    NBIS-AF2-multimer    0.898    0.925    2        A1B1     C1        2        0.00     47       0        88.7     92.20      85.50       0.885      0.839      0.93           2          329        0.03     1.41       0.69       1624.3     636.4      987.9      0.975     c3:15.07; c2:15.15
91  H1143TS320_3       320     Elofsson             0.898    0.925    2        A1B1     C1        2        0.00     47       0        88.7     92.20      85.50       0.885      0.839      0.93           2          329        0.03     1.41       0.69       1624.3     636.4      987.9      0.975     c3:15.07; c2:15.15
92  H1143TS098_5       098s    GuijunLab-Assembly   0.897    0.921    2        A1B1     C1        2        0.00     45       0        86.5     91.80      81.80       0.880      0.785      0.88           2          329        0.04     1.60       0.82       1626.8     678.4      948.4      0.964     c3:15.07; c2:15.15
93  H1143TS188_5       188s    GuijunLab-DeepDA     0.897    0.921    2        A1B1     C1        2        0.00     45       0        86.5     91.80      81.80       0.880      0.785      0.88           2          329        0.04     1.60       0.82       1626.8     678.4      948.4      0.964     c3:15.07; c2:15.15
94  H1143TS098_3       098s    GuijunLab-Assembly   0.894    0.915    2        A1B1     C1        2        0.00     44       0        86.5     91.80      81.80       0.879      0.782      0.88           2          329        0.04     1.60       0.81       1657.2     618.0      1039.2     0.964     c3:15.10; c2:15.17
95  H1143TS188_3       188s    GuijunLab-DeepDA     0.894    0.915    2        A1B1     C1        2        0.00     44       0        86.5     91.80      81.80       0.879      0.782      0.88           2          329        0.04     1.60       0.81       1657.2     618.0      1039.2     0.964     c3:15.10; c2:15.17
96  H1143TS169_4       169     GuijunLab-Human      0.894    0.915    2        A1B1     C1        2        0.00     44       0        86.5     91.80      81.80       0.879      0.782      0.88           2          329        0.04     1.60       0.81       1657.2     618.0      1039.2     0.964     c3:15.10; c2:15.17
97  H1143TS444_2       444     CoDock               0.893    0.926    2        A1B1     C1        2        0.00     56       0        83.5     80.00      87.30       0.856      0.827      0.85           2          329        0.02     1.39       0.82       1545.9     940.2      605.7      0.974     c3:15.28; c2:15.33
98  H1143TS298_5       298s    MUFold               0.893    0.916    2        A1B1     C1        2        0.00     43       0        84.9     88.20      81.80       0.880      0.793      0.91           2          329        0.04     1.55       0.79       1664.5     629.4      1035.2     0.967     c3:15.10; c2:15.17
99  H1143TS494_2       494     Venclovas            0.893    0.915    2        A1B1     C1        2        0.00     44       0        85.2     86.80      83.60       0.870      0.834      0.89           2          329        0.03     1.38       0.75       1907.1     989.5      917.6      0.977     c3:15.07; c2:15.21
100 H1143TS360_5       360     MUFold_H             0.893    0.916    2        A1B1     C1        2        0.00     43       0        84.9     88.20      81.80       0.880      0.793      0.91           2          329        0.04     1.55       0.79       1664.5     629.4      1035.2     0.967     c3:15.10; c2:15.17
101 H1143TS054_5       054     UltraFold            0.892    0.928    2        A1B1     C1        2        0.00     48       0        88.1     88.90      87.30       0.890      0.866      0.93           2          329        0.02     1.27       0.65       1704.2     675.6      1028.6     0.982     c3:15.09; c2:15.17
102 H1143TS125_5       125s    UltraFold_Server     0.892    0.928    2        A1B1     C1        2        0.00     48       0        88.1     88.90      87.30       0.890      0.866      0.93           2          329        0.02     1.27       0.65       1704.2     675.6      1028.6     0.982     c3:15.09; c2:15.17
103 H1143TS367_3       367     MULTICOM             0.892    0.916    2        A1B1     C1        2        0.00     45       0        86.5     91.80      81.80       0.880      0.783      0.88           2          329        0.04     1.60       0.82       1660.9     632.6      1028.3     0.964     c3:15.09; c2:15.16
104 H1143TS399_5       399     BeijingAIProtein     0.892    0.928    2        A1B1     C1        2        0.00     48       0        88.1     88.90      87.30       0.890      0.866      0.93           2          329        0.02     1.27       0.65       1704.2     675.6      1028.6     0.982     c3:15.09; c2:15.17
105 H1143TS035_1       035s    Manifold-E           0.890    0.918    2        A1B1     C1        2        0.00     44       0        83.8     88.00      80.00       0.874      0.802      0.89           2          329        0.04     1.58       0.78       2198.2     1266.9     931.2      0.966     c3:15.07; c2:15.14
106 H1143TS248_1       248     Manifold             0.890    0.918    2        A1B1     C1        2        0.00     44       0        83.8     88.00      80.00       0.874      0.802      0.89           2          329        0.04     1.58       0.78       2198.2     1266.9     931.2      0.966     c3:15.07; c2:15.14
107 H1143TS312_5       312     Fernandez-Recio      0.889    0.930    2        A1B1     C1        2        0.00     54       1        83.6     83.60      83.60       0.881      0.809      0.84           2          329        0.03     1.50       0.87       1504.2     750.0      754.2      0.968     c3:15.09; c2:15.09
108 H1143TS320_5       320     Elofsson             0.888    0.910    2        A1B1     C1        2        0.00     45       0        87.6     92.00      83.60       0.879      0.764      0.91           2          329        0.04     1.71       0.88       1672.5     668.1      1004.4     0.957     c3:15.09; c2:15.17
109 H1143TS390_5       390s    NBIS-AF2-multimer    0.888    0.910    2        A1B1     C1        2        0.00     45       0        87.6     92.00      83.60       0.879      0.764      0.91           2          329        0.04     1.71       0.88       1672.5     668.1      1004.4     0.957     c3:15.09; c2:15.17
110 H1143TS494_1       494     Venclovas            0.888    0.931    2        A1B1     C1        2        0.00     45       0        83.3     84.90      81.80       0.871      0.843      0.80           2          329        0.02     1.30       0.79       1982.6     978.2      1004.4     0.980     c3:15.06; c2:15.11
111 H1143TS360_4       360     MUFold_H             0.888    0.910    2        A1B1     C1        2        0.00     45       0        87.6     92.00      83.60       0.879      0.764      0.91           2          329        0.04     1.71       0.88       1672.5     668.1      1004.4     0.957     c3:15.09; c2:15.17
112 H1143TS312_3       312     Fernandez-Recio      0.887    0.921    2        A1B1     C1        2        0.00     52       0        81.1     84.30      78.20       0.879      0.774      0.80           2          329        0.03     1.54       0.89       1594.9     787.6      807.3      0.966     c3:15.12; c2:15.14
113 H1143TS367_5       367     MULTICOM             0.886    0.909    2        A1B1     C1        2        0.00     43       0        84.9     88.20      81.80       0.879      0.752      0.86           2          329        0.05     1.73       0.91       1742.4     690.2      1052.2     0.955     c3:15.10; c2:15.17
114 H1143TS367_2       367     MULTICOM             0.885    0.907    2        A1B1     C1        2        0.00     44       0        85.7     90.00      81.80       0.877      0.770      0.88           2          329        0.04     1.64       0.94       1625.1     672.8      952.2      0.961     c3:15.02; c2:15.08
115 H1143TS360_3       360     MUFold_H             0.885    0.907    2        A1B1     C1        2        0.00     43       0        84.6     89.80      80.00       0.878      0.733      0.86           2          329        0.05     1.79       0.94       1699.0     618.7      1080.4     0.952     c3:15.09; c2:15.16
116 H1143TS188_4       188s    GuijunLab-DeepDA     0.884    0.905    2        A1B1     C1        2        0.00     44       0        86.8     90.20      83.60       0.878      0.746      0.91           2          329        0.05     1.79       0.93       1772.1     716.4      1055.7     0.952     c3:15.12; c2:15.18
117 H1143TS169_1       169     GuijunLab-Human      0.884    0.905    2        A1B1     C1        2        0.00     44       0        86.8     90.20      83.60       0.878      0.746      0.91           2          329        0.05     1.79       0.93       1772.1     716.4      1055.7     0.952     c3:15.12; c2:15.18
118 H1143TS098_4       098s    GuijunLab-Assembly   0.884    0.905    2        A1B1     C1        2        0.00     44       0        86.8     90.20      83.60       0.878      0.746      0.91           2          329        0.05     1.79       0.93       1772.1     716.4      1055.7     0.952     c3:15.12; c2:15.18
119 H1143TS360_1       360     MUFold_H             0.884    0.906    2        A1B1     C1        2        0.00     44       0        86.8     90.20      83.60       0.878      0.752      0.88           2          329        0.04     1.77       0.97       1636.4     667.6      968.8      0.953     c3:15.07; c2:15.14
120 H1143TS360_2       360     MUFold_H             0.880    0.899    2        A1B1     C1        2        0.00     43       0        82.2     84.60      80.00       0.874      0.720      0.86           2          329        0.05     1.85       1.00       1673.7     640.0      1033.7     0.948     c3:15.08; c2:15.15
121 H1143TS444_5       444     CoDock               0.876    0.902    2        A1B1     C1        2        0.00     57       0        80.3     75.80      85.50       0.851      0.791      0.85           2          329        0.02     1.46       0.98       1478.0     902.3      575.8      0.970     c3:15.30; c2:15.39
122 H1143TS133_1       133s    ShanghaiTech-TS-SER  0.875    0.895    2        A1B1     C1        2        0.00     43       0        81.5     83.00      80.00       0.873      0.695      0.89           2          329        0.05     1.96       1.16       1609.1     666.5      942.6      0.940     c3:15.05; c2:15.13
123 H1143TS169_5       169     GuijunLab-Human      0.868    0.885    2        A1B1     C1        2        0.00     42       0        79.2     82.40      76.40       0.872      0.685      0.84           2          329        0.06     1.97       1.12       1675.3     710.9      964.4      0.939     c3:15.05; c2:15.12
124 H1143TS462_2       462s    MultiFOLD            0.864    0.878    2        A1B1     C1        2        0.00     40       0        75.2     82.60      69.10       0.863      0.674      0.80           2          329        0.05     1.89       1.10       1640.2     708.7      931.5      0.946     c3:15.07; c2:15.18
125 H1143TS071_1       071s    RaptorX-Multimer     0.853    0.866    2        A1B1     C1        2        0.00     42       0        75.0     79.60      70.90       0.847      0.609      0.82           2          329        0.06     2.22       1.36       1445.4     750.6      694.8      0.920     c3:14.97; c2:15.08
126 H1143TS462_3       462s    MultiFOLD            0.841    0.851    2        A1B1     C1        2        0.00     36       0        74.5     80.90      69.10       0.859      0.610      0.82           2          329        0.06     2.22       1.33       1667.8     705.2      962.5      0.923     c3:15.05; c2:15.15
127 H1143TS462_1       462s    MultiFOLD            0.820    0.830    2        A1B1     C1        2        0.00     35       0        70.5     74.00      67.30       0.857      0.585      0.82           2          329        0.07     2.34       1.47       1885.0     849.4      1035.6     0.914     c3:15.04; c2:15.14
128 H1143TS462_5       462s    MultiFOLD            0.815    0.825    2        A1B1     C1        2        0.00     38       0        67.3     73.90      61.80       0.854      0.547      0.77           2          329        0.08     2.46       1.54       1730.5     755.2      975.3      0.905     c3:15.01; c2:15.12
129 H1143TS071_2       071s    RaptorX-Multimer     0.808    0.816    2        A1B1     C1        2        0.00     38       0        68.0     75.60      61.80       0.823      0.517      0.77           2          329        0.08     2.63       1.66       1612.6     830.3      782.3      0.890     c3:14.98; c2:15.08
130 H1143TS133_3       133s    ShanghaiTech-TS-SER  0.807    0.830    2        A1B1     C1        2        0.00     35       0        70.6     76.60      65.50       0.863      0.635      0.79           2          329        0.05     2.07       1.51       1954.3     890.7      1063.6     0.933     c3:14.96; c2:15.01
131 H1143TS462_4       462s    MultiFOLD            0.805    0.815    2        A1B1     C1        2        0.00     36       0        69.9     75.00      65.50       0.853      0.549      0.84           2          329        0.08     2.53       1.61       1690.1     737.2      953.0      0.899     c3:15.00; c2:15.09
132 H1143TS150_2       150     Grudinin             0.797    0.806    2        A1B1     C1        2        0.00     47       0        67.3     67.30      67.30       0.866      0.454      0.80           1          130        0.00     0.90       1.93       1537.0     643.5      893.5      0.843     c3:15.04; c2:15.10
133 H1143TS071_4       071s    RaptorX-Multimer     0.793    0.801    2        A1B1     C1        2        0.00     40       0        66.7     75.00      60.00       0.827      0.514      0.74           2          329        0.07     2.60       1.71       1720.2     835.1      885.1      0.893     c3:14.99; c2:15.09
134 H1143TS071_3       071s    RaptorX-Multimer     0.791    0.799    2        A1B1     C1        2        0.00     38       0        67.3     76.70      60.00       0.824      0.506      0.76           2          329        0.08     2.69       1.76       1895.1     906.7      988.4      0.886     c3:15.03; c2:15.05
135 H1143TS257_1       257     WL_team              0.789    0.799    2        A1B1     C1        2        0.00     34       0        59.8     81.20      47.30       0.752      0.573      0.71           2          329        0.02     2.05       1.61       3195.5     1681.8     1513.7     0.934     c3:15.45; c2:15.63
136 H1143TS035_5       035s    Manifold-E           0.777    0.790    2        A1B1     C1        2        0.00     38       0        68.1     86.10      56.40       0.852      0.614      0.79           2          329        0.04     1.80       1.57       2181.4     1377.2     804.2      0.951     c3:15.02; c2:15.16
137 H1143TS248_5       248     Manifold             0.777    0.790    2        A1B1     C1        2        0.00     38       0        68.1     86.10      56.40       0.852      0.614      0.79           2          329        0.04     1.80       1.57       2181.4     1377.2     804.2      0.951     c3:15.02; c2:15.16
138 H1143TS288_3       288s    DFolding-server      0.773    0.786    2        A1B1     C1        2        0.00     34       0        64.0     71.10      58.20       0.848      0.484      0.72           2          329        0.08     2.82       1.96       2253.7     1190.6     1063.0     0.876     c3:14.96; c2:15.01
139 H1143TS071_5       071s    RaptorX-Multimer     0.772    0.782    2        A1B1     C1        2        0.00     36       0        65.3     77.50      56.40       0.832      0.467      0.77           2          329        0.08     2.91       1.88       2020.2     965.4      1054.8     0.868     c3:15.06; c2:15.03
140 H1143TS133_5       133s    ShanghaiTech-TS-SER  0.763    0.779    2        A1B1     C1        2        0.00     38       0        64.8     68.00      61.80       0.853      0.450      0.77           2          329        0.10     3.33       2.32       1847.4     839.1      1008.2     0.839     c3:14.97; c2:14.93
141 H1143TS257_4       257     WL_team              0.739    0.746    2        A1B1     C1        2        0.00     26       0        53.2     87.50      38.20       0.738      0.481      0.58           2          329        0.04     2.58       1.97       3638.1     2020.0     1618.1     0.898     c3:15.41; c2:15.59
142 H1143TS245_2       245s    FoldEver             0.735    0.739    2        A1B1     C1        2        0.00     41       0        63.5     67.30      60.00       0.855      0.363      0.78           1          130        0.00     0.95       2.45       1607.7     643.7      964.0      0.779     c3:15.05; c2:15.10
143 H1143TS385_2       385     FoldEver-Hybrid      0.735    0.739    2        A1B1     C1        2        0.00     41       0        63.5     67.30      60.00       0.855      0.363      0.78           1          130        0.00     0.95       2.45       1607.7     643.7      964.0      0.779     c3:15.05; c2:15.10
144 H1143TS461_4       461     colabfold_human      0.730    0.738    2        A1B1     C1        2        0.00     42       0        54.9     59.60      50.90       0.841      0.354      0.80           1          130        0.00     1.07       2.61       2088.2     892.7      1195.4     0.786     c3:15.04; c2:15.09
145 H1143TS446_4       446s    ColabFold            0.730    0.738    2        A1B1     C1        2        0.00     42       0        54.9     59.60      50.90       0.841      0.354      0.80           1          130        0.00     1.07       2.61       2088.2     892.7      1195.4     0.786     c3:15.04; c2:15.09
146 H1143TS091_2       091     UNRES                0.726    0.729    2        A1B1     C1        2        0.00     45       0        53.5     58.70      49.10       0.780      0.384      0.74           1          130        0.00     1.05       2.55       3477.9     1847.6     1630.4     0.834     c3:15.30; c2:15.30
147 H1143TS423_4       423     trComplex            0.721    0.727    2        A1B1     C1        2        0.00     39       0        57.4     63.00      52.70       0.841      0.336      0.73           1          130        0.00     1.04       2.66       2129.9     979.3      1150.5     0.762     c3:15.05; c2:15.13
148 H1143TS187_4       187     TRFold               0.721    0.727    2        A1B1     C1        2        0.00     39       0        57.4     63.00      52.70       0.841      0.336      0.73           1          130        0.00     1.04       2.66       2129.9     979.3      1150.5     0.762     c3:15.05; c2:15.13
149 H1143TS446_5       446s    ColabFold            0.718    0.726    2        A1B1     C1        2        0.00     39       0        56.0     62.20      50.90       0.841      0.338      0.75           1          130        0.00     1.08       2.77       2109.0     974.9      1134.1     0.768     c3:15.00; c2:15.08
150 H1143TS461_5       461     colabfold_human      0.718    0.726    2        A1B1     C1        2        0.00     39       0        56.0     62.20      50.90       0.841      0.338      0.75           1          130        0.00     1.08       2.77       2109.0     974.9      1134.1     0.768     c3:15.00; c2:15.08
151 H1143TS399_1       399     BeijingAIProtein     0.717    0.721    2        A1B1     C1        2        0.00     38       0        60.6     68.20      54.50       0.849      0.355      0.77           1          130        0.00     1.02       2.60       1890.9     870.3      1020.6     0.779     c3:15.05; c2:15.08
152 H1143TS125_1       125s    UltraFold_Server     0.717    0.721    2        A1B1     C1        2        0.00     38       0        60.6     68.20      54.50       0.849      0.355      0.77           1          130        0.00     1.02       2.60       1890.9     870.3      1020.6     0.779     c3:15.05; c2:15.08
153 H1143TS054_1       054     UltraFold            0.717    0.721    2        A1B1     C1        2        0.00     38       0        60.6     68.20      54.50       0.849      0.355      0.77           1          130        0.00     1.02       2.60       1890.9     870.3      1020.6     0.779     c3:15.05; c2:15.08
154 H1143TS257_3       257     WL_team              0.716    0.718    2        A1B1     C1        2        0.00     25       0        46.2     78.30      32.70       0.739      0.494      0.57           2          329        0.02     2.47       1.90       3600.3     2109.9     1490.5     0.901     c3:15.46; c2:15.43
155 H1143TS446_3       446s    ColabFold            0.716    0.720    2        A1B1     C1        2        0.00     39       1        58.3     62.50      54.50       0.840      0.328      0.75           1          130        0.00     1.03       2.79       2052.3     1006.1     1046.1     0.753     c3:15.05; c2:15.08
156 H1143TS461_3       461     colabfold_human      0.716    0.720    2        A1B1     C1        2        0.00     39       1        58.3     62.50      54.50       0.840      0.328      0.75           1          130        0.00     1.03       2.79       2052.3     1006.1     1046.1     0.753     c3:15.05; c2:15.08
157 H1143TS239_2       239s    Yang-Multimer        0.710    0.715    2        A1B1     C1        2        0.00     39       0        51.1     61.50      43.60       0.813      0.286      0.76           1          130        0.00     1.07       2.79       2126.9     402.9      1724.0     0.745     c3:15.06; c2:15.17
158 H1143TS439_3       439     Yang                 0.710    0.715    2        A1B1     C1        2        0.00     39       0        51.1     61.50      43.60       0.813      0.286      0.76           1          130        0.00     1.07       2.79       2126.9     402.9      1724.0     0.745     c3:15.06; c2:15.17
159 H1143TS278_5       278     PEZYFoldings         0.705    0.710    2        A1B1     C1        2        0.00     35       0        56.0     62.20      50.90       0.831      0.323      0.74           1          130        0.00     1.02       2.70       1690.2     744.1      946.1      0.754     c3:15.09; c2:15.13
160 H1143TS385_1       385     FoldEver-Hybrid      0.704    0.707    2        A1B1     C1        2        0.00     38       0        59.4     65.20      54.50       0.853      0.327      0.72           1          130        0.00     0.96       2.64       1646.6     649.6      997.0      0.758     c3:15.06; c2:15.12
161 H1143TS245_1       245s    FoldEver             0.704    0.707    2        A1B1     C1        2        0.00     38       0        59.4     65.20      54.50       0.853      0.327      0.72           1          130        0.00     0.96       2.64       1646.6     649.6      997.0      0.758     c3:15.06; c2:15.12
162 H1143TS091_1       091     UNRES                0.703    0.709    2        A1B1     C1        2        0.00     45       0        52.0     57.80      47.30       0.766      0.322      0.72           1          130        0.00     0.95       2.79       3275.4     1759.0     1516.4     0.765     c3:15.28; c2:15.25
163 H1143TS350_3       350     ClusPro              0.687    0.689    2        A1B1     C1        2        0.00     29       0        53.6     61.90      47.30       0.819      0.300      0.70           1          130        0.00     0.98       2.86       1108.0     412.9      695.1      0.743     c3:15.08; c2:15.05
164 H1143TS073_3       073s    DFolding-refine      0.685    0.698    2        A1B1     C1        2        0.00     32       0        54.3     67.60      45.50       0.751      0.394      0.67           2          329        0.07     3.78       2.78       1726.5     -391.6     2118.0     0.815     c3:15.07; c2:14.93
165 H1143TS248_3       248     Manifold             0.651    0.669    2        A1B1     C1        2        0.00     28       0        43.7     59.40      34.50       0.814      0.391      0.67           2          329        0.09     3.14       2.59       2168.9     1309.9     859.0      0.849     c3:15.13; c2:15.12
166 H1143TS035_3       035s    Manifold-E           0.651    0.669    2        A1B1     C1        2        0.00     28       0        43.7     59.40      34.50       0.814      0.391      0.67           2          329        0.09     3.14       2.59       2168.9     1309.9     859.0      0.849     c3:15.13; c2:15.12
167 H1143TS423_5       423     trComplex            0.649    0.650    2        A1B1     C1        2        0.00     32       0        55.7     64.30      49.10       0.837      0.276      0.72           1          130        0.00     0.95       3.25       2148.7     979.7      1169.0     0.698     c3:15.08; c2:15.20
168 H1143TS187_5       187     TRFold               0.649    0.650    2        A1B1     C1        2        0.00     32       0        55.7     64.30      49.10       0.837      0.276      0.72           1          130        0.00     0.95       3.25       2148.7     979.7      1169.0     0.698     c3:15.08; c2:15.20
169 H1143TS288_4       288s    DFolding-server      0.647    0.648    2        A1B1     C1        2        0.00     35       0        53.2     64.10      45.50       0.828      0.270      0.72           1          130        0.00     1.00       3.23       2252.9     1134.3     1118.6     0.709     c3:15.07; c2:15.09
170 H1143TS441_4       441     OpenFold             0.646    0.649    2        A1B1     C1        2        0.00     29       0        46.8     56.40      40.00       0.822      0.252      0.62           1          130        0.00     0.85       3.02       2089.5     992.4      1097.1     0.706     c3:15.13; c2:15.20
171 H1143TS433_4       433     OpenFold-SingleSeq   0.646    0.649    2        A1B1     C1        2        0.00     29       0        46.8     56.40      40.00       0.822      0.252      0.62           1          130        0.00     0.85       3.02       2089.5     992.4      1097.1     0.706     c3:15.13; c2:15.20
172 H1143TS494_4       494     Venclovas            0.618    0.619    2        A1B1     C1        2        0.00     36       0        47.4     54.80      41.80       0.811      0.242      0.71           1          130        0.00     1.10       3.56       2359.3     1265.9     1093.4     0.699     c3:15.10; c2:15.14
173 H1143TS150_5       150     Grudinin             0.606    0.651    2        A1B1     C1        2        0.00     47       1        38.8     44.20      34.50       0.827      0.421      0.55           2          329        0.07     3.24       3.17       1682.8     525.6      1157.2     0.861     c3:14.78; c2:14.69
174 H1143TS091_4       091     UNRES                0.594    0.594    2        A1B1     C1        2        0.00     39       0        40.4     48.70      34.50       0.774      0.212      0.57           1          130        0.00     0.95       3.30       3181.5     1778.3     1403.2     0.675     c3:15.28; c2:15.38
175 H1143TS257_5       257     WL_team              0.593    0.602    2        A1B1     C1        2        0.00     29       0        32.1     50.00      23.60       0.715      0.298      0.57           2          329        0.07     4.12       2.99       3588.9     1858.6     1730.3     0.783     c3:15.27; c2:15.46
176 H1143TS257_2       257     WL_team              0.570    0.581    2        A1B1     C1        2        0.00     24       0        37.5     60.00      27.30       0.698      0.350      0.60           2          329        0.05     3.46       2.89       3746.0     1909.7     1836.3     0.825     c3:15.21; c2:15.21
177 H1143TS091_3       091     UNRES                0.559    0.559    2        A1B1     C1        2        0.00     38       0        47.9     56.10      41.80       0.773      0.237      0.72           1          130        0.00     0.95       3.43       3502.9     1876.6     1626.3     0.675     c3:15.20; c2:15.48
178 H1143TS150_4       150     Grudinin             0.532    0.533    2        A1B1     C1        2        0.00     28       0        43.7     59.40      34.50       0.837      0.196      0.59           1          130        0.00     1.04       3.94       1883.4     781.8      1101.6     0.666     c3:15.10; c2:15.16
179 H1143TS073_4       073s    DFolding-refine      0.459    0.459    2        A1B1     C1        2        0.00     34       0        40.4     48.70      34.50       0.742      0.198      0.62           1          130        0.00     1.28       5.22       1534.9     -515.9     2050.8     0.668     c3:14.94; c2:15.02
180 H1143TS234_1       234     Panlab               0.440    0.443    2        A1B1     C1        2        0.00     25       0        27.4     32.50      23.60       0.746      0.258      0.46           1          199        0.00     1.33       5.38       2458.9     1197.2     1261.8     0.772     c3:14.59; c2:14.73
181 H1143TS225_3       225     ShanghaiTech         0.428    0.428    2        A1B1     C1        2        0.00     25       1        30.6     43.30      23.60       0.826      0.143      0.48           1          130        0.00     1.16       4.26       2193.3     962.9      1230.4     0.647     c3:15.07; c2:15.21
182 H1143TS225_5       225     ShanghaiTech         0.393    0.393    2        A1B1     C1        2        0.00     30       1        31.3     46.40      23.60       0.827      0.131      0.38           1          130        0.00     1.08       4.79       2058.9     838.7      1220.2     0.639     c3:15.10; c2:15.22
183 H1143TS225_4       225     ShanghaiTech         0.389    0.389    2        A1B1     C1        2        0.00     33       1        31.5     41.20      25.50       0.823      0.149      0.50           1          130        0.00     1.25       4.49       2243.1     961.9      1281.2     0.643     c3:15.05; c2:15.35
184 H1143TS234_3       234     Panlab               0.367    0.368    2        A1B1     C1        2        0.00     22       1        22.5     36.00      16.40       0.750      0.175      0.44           1          199        0.00     1.33       5.22       2702.6     1319.6     1383.0     0.729     c3:14.76; c2:14.81
185 H1143TS433_3       433     OpenFold-SingleSeq   0.325    0.325    2        A1B1     C1        2        0.00     19       0        30.4     50.00      21.80       0.818      0.120      0.43           1          130        0.00     0.71       5.26       2211.0     896.0      1315.0     0.632     c3:15.13; c2:15.45
186 H1143TS441_3       441     OpenFold             0.325    0.325    2        A1B1     C1        2        0.00     19       0        30.4     50.00      21.80       0.818      0.120      0.43           1          130        0.00     0.71       5.26       2211.0     896.0      1315.0     0.632     c3:15.13; c2:15.45
187 H1143TS441_2       441     OpenFold             0.310    0.310    2        A1B1     C1        2        0.00     18       0        30.4     50.00      21.80       0.818      0.119      0.43           1          130        0.00     0.69       5.41       2454.6     1042.2     1412.4     0.630     c3:15.20; c2:15.51
188 H1143TS433_2       433     OpenFold-SingleSeq   0.310    0.310    2        A1B1     C1        2        0.00     18       0        30.4     50.00      21.80       0.818      0.119      0.43           1          130        0.00     0.69       5.41       2454.6     1042.2     1412.4     0.630     c3:15.20; c2:15.51
189 H1143TS234_2       234     Panlab               0.260    0.260    2        A1B1     C1        2        0.00     29       0        15.7     20.60      12.70       0.744      0.104      0.41           1          199        0.00     1.33       8.44       2479.6     1173.1     1306.5     0.679     c3:14.56; c2:14.82
190 H1143TS234_5       234     Panlab               0.253    0.259    2        A1B1     C1        2        0.00     29       2        10.8     13.20      9.10        0.739      0.100      0.27           1          199        0.00     1.33       7.41       2408.8     1094.4     1314.4     0.668     c3:14.54; c2:14.59
191 H1143TS314_4       314     Pierce               0.248    0.300    2        A1B1     C1        2        0.00     53       0        11.7     12.50      10.90       0.809      0.118      0.34           1          130        0.00     0.94       5.92       1904.9     1000.8     904.1      0.671     c3:14.57; c2:15.13
192 H1143TS314_5       314     Pierce               0.245    0.293    2        A1B1     C1        2        0.00     59       1        9.3      9.40       9.10        0.824      0.089      0.30           1          130        0.00     1.08       7.69       1604.7     527.9      1076.8     0.657     c3:14.49; c2:14.37
193 H1143TS248_2       248     Manifold             0.240    0.255    2        A1B1     C1        2        0.00     27       0        7.1      10.00      5.50        0.814      0.072      0.43           1          130        0.00     0.94       9.03       2613.8     1548.2     1065.6     0.664     c3:14.48; c2:14.41
194 H1143TS035_2       035s    Manifold-E           0.240    0.255    2        A1B1     C1        2        0.00     27       0        7.1      10.00      5.50        0.814      0.072      0.43           1          130        0.00     0.94       9.03       2613.8     1548.2     1065.6     0.664     c3:14.48; c2:14.41
195 H1143TS185_4       185     BAKER                0.233    0.245    2        A1B1     C1        2        0.00     39       0        6.3      7.50       5.50        0.813      0.079      0.43           1          130        0.00     0.96       8.48       1766.7     983.6      783.1      0.668     c3:14.46; c2:14.34
196 H1143TS399_3       399     BeijingAIProtein     0.225    0.266    2        A1B1     C1        2        0.00     49       1        7.8      8.50       7.30        0.820      0.072      0.34           1          130        0.00     1.06       8.65       1673.6     589.2      1084.5     0.651     c3:14.65; c2:14.35
197 H1143TS125_3       125s    UltraFold_Server     0.225    0.266    2        A1B1     C1        2        0.00     49       1        7.8      8.50       7.30        0.820      0.072      0.34           1          130        0.00     1.06       8.65       1673.6     589.2      1084.5     0.651     c3:14.65; c2:14.35
198 H1143TS054_3       054     UltraFold            0.225    0.266    2        A1B1     C1        2        0.00     49       1        7.8      8.50       7.30        0.820      0.072      0.34           1          130        0.00     1.06       8.65       1673.6     589.2      1084.5     0.651     c3:14.65; c2:14.35
199 H1143TS350_4       350     ClusPro              0.217    0.249    2        A1B1     C1        2        0.00     59       0        5.6      5.70       5.50        0.738      0.081      0.30           1          199        0.00     1.52       7.69       818.2      308.3      509.9      0.658     c3:14.32; c2:14.19
200 H1143TS239_4       239s    Yang-Multimer        0.212    0.241    2        A1B1     C1        2        0.00     42       0        7.7      8.20       7.30        0.787      0.075      0.43           1          130        0.00     1.03       9.32       1941.2     242.2      1699.0     0.654     c3:14.71; c2:14.47
201 H1143TS185_5       185     BAKER                0.206    0.236    2        A1B1     C1        2        0.00     44       0        8.4      10.00      7.30        0.792      0.075      0.26           1          130        0.00     1.06       7.80       1882.5     980.8      901.7      0.637     c3:14.60; c2:14.38
202 H1143TS399_2       399     BeijingAIProtein     0.198    0.241    2        A1B1     C1        2        0.00     62       0        5.3      5.20       5.50        0.817      0.075      0.28           1          130        0.00     1.03       7.93       1508.7     550.7      957.9      0.653     c3:14.54; c2:14.42
203 H1143TS054_2       054     UltraFold            0.198    0.241    2        A1B1     C1        2        0.00     62       0        5.3      5.20       5.50        0.817      0.075      0.28           1          130        0.00     1.03       7.93       1508.7     550.7      957.9      0.653     c3:14.54; c2:14.42
204 H1143TS125_2       125s    UltraFold_Server     0.198    0.241    2        A1B1     C1        2        0.00     62       0        5.3      5.20       5.50        0.817      0.075      0.28           1          130        0.00     1.03       7.93       1508.7     550.7      957.9      0.653     c3:14.54; c2:14.42
205 H1143TS091_5       091     UNRES                0.197    0.237    2        A1B1     C1        2        0.00     46       0        12.4     14.30      10.90       0.746      0.154      0.31           1          130        0.00     1.00       6.01       3189.5     1648.0     1541.6     0.707     c3:14.69; c2:14.93
206 H1143TS288_5       288s    DFolding-server      0.192    0.215    2        A1B1     C1        2        0.00     40       1        7.8      8.50       7.30        0.819      0.074      0.43           1          130        0.00     1.03       9.31       2093.4     1066.3     1027.1     0.656     c3:14.81; c2:14.45
207 H1143TS205_1       205     Zou                  0.183    0.209    2        A1B1     C1        2        0.00     44       0        7.3      7.40       7.30        0.768      0.068      0.40           1          130        0.00     1.04       9.49       1920.9     665.2      1255.6     0.640     c3:15.21; c2:14.86
208 H1143TS234_4       234     Panlab               0.167    0.172    2        A1B1     C1        2        0.00     30       0        8.8      11.10      7.30        0.734      0.069      0.38           1          199        0.00     1.33       9.67       2165.0     1082.6     1082.4     0.666     c3:14.68; c2:14.75
209 H1143TS097_2       097     Graphen_Medical      0.153    0.171    2        A1B1     C1        2        0.00     48       0        11.8     12.80      10.90       0.806      0.081      0.32           1          130        0.00     1.22       9.15       1395.3     529.9      865.4      0.651     c3:14.78; c2:14.44
210 H1143TS073_5       073s    DFolding-refine      0.152    0.184    2        A1B1     C1        2        0.00     35       0        4.3      5.10       3.60        0.725      0.047      0.32           1          130        0.00     1.23       9.52       1310.7     -632.2     1942.9     0.620     c3:14.75; c2:14.52
211 H1143TS248_4       248     Manifold             0.149    0.170    2        A1B1     C1        2        0.00     33       0        2.4      3.60       1.80        0.809      0.061      0.24           1          130        0.00     1.07       8.91       2571.3     1373.8     1197.5     0.651     c3:14.55; c2:14.36
212 H1143TS035_4       035s    Manifold-E           0.149    0.170    2        A1B1     C1        2        0.00     33       0        2.4      3.60       1.80        0.809      0.061      0.24           1          130        0.00     1.07       8.91       2571.3     1373.8     1197.5     0.651     c3:14.55; c2:14.36
213 H1143TS434_5       434     Coqualia             0.148    0.176    2        A1B1     C1        2        0.00     37       1        6.3      7.50       5.50        0.821      0.059      0.35           1          130        0.00     1.00       9.64       1876.8     806.1      1070.7     0.644     c3:14.81; c2:14.41
214 H1143TS011_5       011s    GinobiFold-SER       0.148    0.176    2        A1B1     C1        2        0.00     37       1        6.3      7.50       5.50        0.821      0.059      0.35           1          130        0.00     1.00       9.64       1876.8     806.1      1070.7     0.644     c3:14.81; c2:14.41
215 H1143TS185_2       185     BAKER                0.143    0.143    2        A1B1     C1        2        0.00     8        0        9.0      25.00      5.50        0.799      0.089      0.36           1          130        0.00     0.92       6.66       2417.4     1197.3     1220.0     0.684     c3:14.57; c2:14.87
216 H1143TS150_3       150     Grudinin             0.141    0.172    2        A1B1     C1        2        0.00     43       1        6.2      7.10       5.50        0.823      0.057      0.32           1          130        0.00     1.03       9.81       1549.8     619.6      930.2      0.642     c3:14.78; c2:14.41
217 H1143TS444_3       444     CoDock               0.127    0.129    2        A1B1     C1        2        0.00     69       0        6.5      5.80       7.30        0.774      0.075      0.42           1          130        0.00     1.20       8.67       1544.2     1019.0     525.3      0.637     c3:14.51; c2:14.83
218 H1143TS131_1       131s    Kiharalab_Server     0.127    0.152    2        A1B1     C1        2        0.00     43       0        2.1      2.40       1.80        0.819      0.044      0.30           1          130        0.00     1.14       9.85       1554.7     608.7      946.0      0.639     c3:14.69; c2:14.44
219 H1143TS119_1       119     Kiharalab            0.127    0.152    2        A1B1     C1        2        0.00     43       0        2.1      2.40       1.80        0.819      0.044      0.30           1          130        0.00     1.14       9.85       1545.1     558.3      986.8      0.639     c3:14.69; c2:14.44
220 H1143TS398_5       398     ChaePred             0.125    0.135    2        A1B1     C1        2        0.00     79       2        1.4      1.20       1.80        0.771      0.122      0.53           1          130        0.00     0.77       7.09       1120.6     396.2      724.4      0.714     c3:14.65; c2:14.43
221 H1143TS278_4       278     PEZYFoldings         0.119    0.124    2        A1B1     C1        2        0.00     48       1        16.2     18.20      14.50       0.809      0.094      0.46           1          130        0.00     1.01       10.28      1033.4     655.2      378.1      0.659     c3:14.57; c2:14.61
222 H1143TS147_4       147     SHT                  0.116    0.116    2        A1B1     C1        2        0.00     55       0        1.9      2.00       1.80        0.752      0.029      0.29           1          199        0.00     1.77       10.18      1011.3     -379.3     1390.5     0.611     c3:14.69; c2:14.93
223 H1143TS398_4       398     ChaePred             0.110    0.128    2        A1B1     C1        2        0.00     93       2        1.4      1.10       1.80        0.788      0.116      0.40           1          130        0.00     0.77       6.73       877.1      258.9      618.1      0.717     c3:14.75; c2:14.48
224 H1143TS131_3       131s    Kiharalab_Server     0.109    0.133    2        A1B1     C1        2        0.00     43       0        2.2      2.60       1.80        0.823      0.045      0.25           1          130        0.00     1.03       9.72       1708.5     678.9      1029.5     0.640     c3:14.71; c2:14.42
225 H1143TS119_5       119     Kiharalab            0.109    0.133    2        A1B1     C1        2        0.00     43       0        2.2      2.60       1.80        0.823      0.045      0.25           1          130        0.00     1.03       9.72       1718.5     629.2      1089.3     0.640     c3:14.71; c2:14.42
226 H1143TS054_4       054     UltraFold            0.103    0.123    2        A1B1     C1        2        0.00     36       1        4.3      5.30       3.60        0.819      0.051      0.31           1          130        0.00     1.01       9.75       1920.2     810.0      1110.2     0.640     c3:14.75; c2:14.42
227 H1143TS399_4       399     BeijingAIProtein     0.103    0.123    2        A1B1     C1        2        0.00     36       1        4.3      5.30       3.60        0.819      0.051      0.31           1          130        0.00     1.01       9.75       1920.2     810.0      1110.2     0.640     c3:14.75; c2:14.42
228 H1143TS125_4       125s    UltraFold_Server     0.103    0.123    2        A1B1     C1        2        0.00     36       1        4.3      5.30       3.60        0.819      0.051      0.31           1          130        0.00     1.01       9.75       1920.2     810.0      1110.2     0.640     c3:14.75; c2:14.42
229 H1143TS444_4       444     CoDock               0.101    0.102    2        A1B1     C1        2        0.00     50       0        9.1      9.10       9.10        0.784      0.062      0.43           1          130        0.00     1.20       11.21      1806.3     1128.7     677.6      0.647     c3:14.68; c2:14.91
230 H1143TS133_2       133s    ShanghaiTech-TS-SER  0.099    0.120    2        A1B1     C1        2        0.00     39       1        4.3      5.40       3.60        0.820      0.051      0.25           1          130        0.00     0.99       9.80       1846.4     791.5      1054.9     0.640     c3:14.72; c2:14.41
231 H1143TS131_5       131s    Kiharalab_Server     0.096    0.117    2        A1B1     C1        2        0.00     38       0        2.1      2.40       1.80        0.819      0.045      0.24           1          130        0.00     1.01       9.68       1692.3     705.7      986.6      0.640     c3:14.63; c2:14.36
232 H1143TS314_3       314     Pierce               0.094    0.115    2        A1B1     C1        2        0.00     50       0        3.8      4.10       3.60        0.749      0.053      0.29           1          130        0.00     1.09       9.67       1776.6     997.6      779.0      0.626     c3:14.91; c2:14.46
233 H1143TS493_4       493     Shen-CAPRI           0.093    0.093    2        A1B1     C1        2        0.00     57       0        7.2      7.10       7.30        0.766      0.045      0.32           1          130        0.00     1.21       11.18      646.4      -303.5     949.9      0.613     c3:14.39; c2:14.97
234 H1143TS205_2       205     Zou                  0.091    0.118    2        A1B1     C1        2        0.00     67       0        5.2      4.90       5.50        0.763      0.066      0.25           1          130        0.00     1.15       10.79      1798.0     375.5      1422.5     0.650     c3:15.38; c2:15.01
235 H1143TS423_3       423     trComplex            0.090    0.111    2        A1B1     C1        2        0.00     41       0        2.1      2.40       1.80        0.810      0.045      0.22           1          130        0.00     1.00       9.78       1690.3     708.7      981.7      0.637     c3:14.75; c2:14.45
236 H1143TS187_3       187     TRFold               0.090    0.111    2        A1B1     C1        2        0.00     41       0        2.1      2.40       1.80        0.810      0.045      0.22           1          130        0.00     1.00       9.78       1690.3     708.7      981.7      0.637     c3:14.75; c2:14.45
237 H1143TS374_5       374     Zheng                0.088    0.102    2        A1B1     C1        2        0.00     54       0        1.8      1.90       1.80        0.815      0.049      0.29           1          130        0.00     0.98       9.48       981.1      204.6      776.5      0.646     c3:14.66; c2:14.43
238 H1143TS131_4       131s    Kiharalab_Server     0.087    0.106    2        A1B1     C1        2        0.00     38       0        2.1      2.60       1.80        0.819      0.044      0.23           1          130        0.00     1.00       9.88       1719.9     696.1      1023.7     0.638     c3:14.65; c2:14.42
239 H1143TS097_1       097     Graphen_Medical      0.085    0.104    2        A1B1     C1        2        0.00     45       0        7.8      8.30       7.30        0.809      0.065      0.28           1          130        0.00     1.08       9.58       1698.8     637.1      1061.6     0.643     c3:14.76; c2:14.57
240 H1143TS097_3       097     Graphen_Medical      0.083    0.098    2        A1B1     C1        2        0.00     71       0        7.6      6.60       9.10        0.772      0.075      0.25           1          130        0.00     1.08       10.36      400.7      -430.5     831.2      0.650     c3:14.81; c2:14.36
241 H1143TS350_2       350     ClusPro              0.081    0.099    2        A1B1     C1        2        0.00     38       1        2.2      2.90       1.80        0.810      0.044      0.21           1          130        0.00     0.99       9.84       1126.0     467.0      658.9      0.639     c3:14.69; c2:14.44
242 H1143TS131_2       131s    Kiharalab_Server     0.079    0.093    2        A1B1     C1        2        0.00     32       0        2.3      3.10       1.80        0.819      0.044      0.25           1          130        0.00     1.00       9.86       1703.3     673.8      1029.5     0.637     c3:14.60; c2:14.42
243 H1143TS119_3       119     Kiharalab            0.079    0.093    2        A1B1     C1        2        0.00     32       0        2.3      3.10       1.80        0.819      0.044      0.25           1          130        0.00     1.00       9.86       1678.7     623.3      1055.4     0.637     c3:14.60; c2:14.42
244 H1143TS278_2       278     PEZYFoldings         0.075    0.090    2        A1B1     C1        2        0.00     36       0        2.2      2.90       1.80        0.811      0.044      0.23           1          130        0.00     0.92       9.90       1632.5     707.9      924.6      0.639     c3:14.68; c2:14.45
245 H1143TS288_2       288s    DFolding-server      0.074    0.090    2        A1B1     C1        2        0.00     38       0        2.2      2.60       1.80        0.810      0.046      0.20           1          130        0.00     0.90       9.78       2074.1     1070.0     1004.1     0.640     c3:14.67; c2:14.49
246 H1143TS147_2       147     SHT                  0.070    0.070    2        A1B1     C1        2        0.00     55       0        0.0      0.00       0.00        0.729      0.012      0.20           1          199        0.00     1.77       11.45      1232.5     -515.7     1748.2     0.596     c3:16.10; c2:16.29
247 H1143TS073_2       073s    DFolding-refine      0.061    0.078    2        A1B1     C1        2        0.00     51       0        2.1      2.40       1.80        0.735      0.038      0.25           1          130        0.00     1.48       10.01      1750.8     -395.4     2146.1     0.614     c3:14.90; c2:14.93
248 H1143TS447_2       447     DELCLAB              0.057    0.065    2        A1B1     C1        2        0.00     96       0        4.3      3.50       5.50        0.762      0.052      0.20           1          130        0.00     1.21       10.61      26.3       -788.2     814.5      0.629     c3:14.53; c2:14.37
249 H1143TS147_5       147     SHT                  0.056    0.057    2        A1B1     C1        2        0.00     66       0        5.4      5.30       5.50        0.726      0.031      0.20           1          199        0.00     1.77       12.17      1294.9     -329.2     1624.1     0.597     c3:15.67; c2:15.76
250 H1143TS147_3       147     SHT                  0.055    0.056    2        A1B1     C1        2        0.00     71       0        3.3      3.10       3.60        0.724      0.024      0.17           1          199        0.00     1.77       12.87      1333.9     -439.9     1773.8     0.596     c3:16.32; c2:16.33
251 H1143TS185_1       185     BAKER                0.054    0.054    2        A1B1     C1        2        0.00     23       0        4.8      7.10       3.60        0.814      0.065      0.39           1          130        0.00     1.05       10.88      2230.2     1171.2     1059.0     0.666     c3:14.67; c2:14.60
252 H1143TS494_5       494     Venclovas            0.047    0.048    2        A1B1     C1        2        0.00     54       0        3.4      3.30       3.60        0.813      0.029      0.19           1          130        0.00     0.68       12.98      1634.6     948.4      686.1      0.623     c3:14.65; c2:15.00
253 H1143TS447_4       447     DELCLAB              0.047    0.051    2        A1B1     C1        2        0.00     78       0        1.5      1.30       1.80        0.756      0.043      0.18           1          130        0.00     1.23       10.29      -0.6       -823.5     822.9      0.629     c3:14.48; c2:14.42
254 H1143TS097_5       097     Graphen_Medical      0.045    0.054    2        A1B1     C1        2        0.00     85       2        3.1      2.70       3.60        0.814      0.044      0.17           1          130        0.00     0.91       11.22      1177.2     342.1      835.2      0.634     c3:14.56; c2:14.39
255 H1143TS447_1       447     DELCLAB              0.042    0.049    2        A1B1     C1        2        0.00     82       0        1.4      1.20       1.80        0.762      0.042      0.16           1          130        0.00     1.18       10.32      39.3       -792.3     831.6      0.631     c3:14.48; c2:14.52
256 H1143TS398_1       398     ChaePred             0.034    0.035    2        A1B1     C1        2        0.00     87       3        2.7      2.10       3.60        0.778      0.026      0.18           1          130        0.00     0.79       12.50      1169.5     537.0      632.5      0.613     c3:14.74; c2:15.10
257 H1143TS447_3       447     DELCLAB              0.033    0.039    2        A1B1     C1        2        0.00     80       0        0.0      0.00       0.00        0.765      0.036      0.16           1          130        0.00     1.14       10.02      -67.2      -791.3     724.1      0.629     c3:14.44; c2:14.59
258 H1143TS447_5       447     DELCLAB              0.028    0.032    2        A1B1     C1        2        0.00     90       1        0.0      0.00       0.00        0.761      0.036      0.16           1          130        0.00     1.17       10.11      53.6       -823.6     877.2      0.628     c3:14.39; c2:14.47
259 H1143TS165_1       165     FTBiot0119           0.022    0.023    2        A1B1     C1        2        0.00     84       1        0.0      0.00       0.00        0.705      0.041      0.24           1          199        0.00     1.48       12.42      916.8      316.7      600.1      0.620     c3:14.83; c2:15.02
260 H1143TS493_5       493     Shen-CAPRI           0.018    0.018    2        A1B1     C1        2        0.00     46       0        0.0      0.00       0.00        0.777      0.010      0.15           1          130        0.00     1.04       13.86      1301.3     -144.5     1445.8     0.602     c3:15.14; c2:15.33
261 H1143TS205_5       205     Zou                  0.016    0.017    2        A1B1     C1        2        0.00     50       0        0.0      0.00       0.00        0.742      0.032      0.16           1          130        0.00     1.31       11.85      2130.7     530.5      1600.2     0.612     c3:15.44; c2:14.81
262 H1143TS165_3       165     FTBiot0119           0.013    0.013    2        A1B1     C1        2        0.00     95       2        0.0      0.00       0.00        0.729      0.039      0.26           1          199        0.00     1.36       12.43      854.7      460.2      394.5      0.622     c3:15.03; c2:15.02
263 H1143TS147_1       147     SHT                  0.012    0.012    2        A1B1     C1        2        0.00     83       0        0.0      0.00       0.00        0.731      0.018      0.23           1          199        0.00     1.79       11.77      528.0      -659.0     1187.0     0.600     c3:14.89; c2:15.31
264 H1143TS165_2       165     FTBiot0119           0.011    0.011    2        A1B1     C1        2        0.00     96       1        0.0      0.00       0.00        0.720      0.037      0.26           1          199        0.00     1.36       12.74      586.0      209.1      376.9      0.620     c3:14.86; c2:14.84
265 H1143TS165_5       165     FTBiot0119           0.010    0.010    2        A1B1     C1        2        0.00     85       3        0.0      0.00       0.00        0.718      0.023      0.20           1          199        0.00     1.48       12.63      1089.8     288.4      801.5      0.608     c3:15.64; c2:15.67
266 H1143TS067_2       067     ESM-single-sequence  0.008    0.008    2        A1B1     C1        2        0.00     24       0        0.0      0.00       0.00        0.721      0.014      0.09           1          130        0.00     1.45       15.04      2875.3     791.1      2084.3     0.580     c3:14.31; c2:14.85
267 H1143TS185_3       185     BAKER                0.005    0.005    2        A1B1     C1        2        0.00     40       1        2.0      2.30       1.80        0.802      0.018      0.17           1          130        0.00     0.93       13.16      1936.2     967.2      969.0      0.602     c3:15.24; c2:16.14
268 H1143TS165_4       165     FTBiot0119           0.005    0.006    2        A1B1     C1        2        0.00     81       2        0.0      0.00       0.00        0.732      0.021      0.18           1          199        0.00     1.36       13.31      822.6      138.5      684.1      0.610     c3:15.75; c2:15.74
269 H1143TS315_1       315s    Cerebra              0.004    0.004    2        A1B1     C1        2        0.00     401      3        0.0      0.00       0.00        0.371      0.023      0.10           1          199        0.00     3.56       14.54      369.4      -634.7     1004.1     0.520     c3:16.26; c2:16.62
270 H1143TS052_1       052     Gonglab-THU          0.004    0.004    2        A1B1     C1        2        0.00     401      3        0.0      0.00       0.00        0.371      0.023      0.10           1          199        0.00     3.56       14.54      369.4      -634.7     1004.1     0.520     c3:16.26; c2:16.62
271 H1143TS494_3       494     Venclovas            0.004    0.004    2        A1B1     C1        2        0.00     45       0        0.0      0.00       0.00        0.804      0.015      0.09           1          130        0.00     0.89       15.50      1849.4     977.5      871.9      0.611     c3:14.78; c2:14.78
272 H1143TS067_1       067     ESM-single-sequence  0.003    0.003    2        A1B1     C1        2        0.00     49       0        0.0      0.00       0.00        0.747      0.015      0.10           1          130        0.00     1.21       15.03      1644.6     243.4      1401.2     0.589     c3:14.42; c2:14.73
273 H1143TS493_3       493     Shen-CAPRI           0.003    0.003    2        A1B1     C1        2        0.00     32       0        0.0      0.00       0.00        0.785      0.009      0.21           1          130        0.00     1.06       15.28      1408.4     -118.3     1526.7     0.602     c3:14.64; c2:15.25
274 H1143TS441_1       441     OpenFold             0.002    0.002    2        A1B1     C1        2        0.00     45       0        0.0      0.00       0.00        0.801      0.015      0.13           1          130        0.00     0.76       14.63      1580.9     699.6      881.4      0.607     c3:14.44; c2:14.94
275 H1143TS433_1       433     OpenFold-SingleSeq   0.002    0.002    2        A1B1     C1        2        0.00     45       0        0.0      0.00       0.00        0.801      0.015      0.13           1          130        0.00     0.76       14.63      1580.9     699.6      881.4      0.607     c3:14.44; c2:14.94
276 H1143TS312_4       312     Fernandez-Recio      0.001    0.001    2        A1B1     C1        2        0.00     58       0        0.0      0.00       0.00        0.814      0.015      0.12           1          130        0.00     0.83       15.72      1342.8     719.2      623.6      0.610     c3:14.71; c2:14.85
277 H1143TS097_4       097     Graphen_Medical      0.001    0.001    2        A1B1     C1        2        0.00     64       1        0.0      0.00       0.00        0.806      0.021      0.05           1          130        0.00     0.99       14.38      1530.8     519.1      1011.8     0.613     c3:14.42; c2:14.68
278 H1143TS444_1       444     CoDock               0.001    0.001    2        A1B1     C1        2        0.00     63       0        0.0      0.00       0.00        0.789      0.021      0.12           1          130        0.00     0.90       13.67      1397.3     946.0      451.3      0.611     c3:14.56; c2:14.94
279 H1143TS398_2       398     ChaePred             0.001    0.001    2        A1B1     C1        2        0.00     83       3        0.0      0.00       0.00        0.799      0.013      0.14           1          130        0.00     0.74       16.49      1332.8     401.8      930.9      0.609     c3:14.98; c2:15.22
280 H1143TS312_2       312     Fernandez-Recio      0.001    0.001    2        A1B1     C1        2        0.00     58       1        0.0      0.00       0.00        0.816      0.020      0.13           1          130        0.00     0.82       14.10      1444.1     770.7      673.5      0.612     c3:14.46; c2:14.81
281 H1143TS368_5       368s    FALCON2              0.000    0.000    2        A1B1     C1        2        0.00     0        0        -        -          -           0.518      0.001      -              1          199        0.00     1.46       -          13985.7    5472.9     8512.8     0.592     c3:68.86; c2:67.68
282 H1143TS314_2       314     Pierce               0.000    0.000    2        A1B1     C1        2        0.00     45       0        0.0      0.00       0.00        0.798      0.009      0.13           1          130        0.00     0.94       16.69      2329.5     1237.6     1091.9     0.601     c3:14.42; c2:14.79
283 H1143TS119_2       119     Kiharalab            0.000    0.000    2        A1B1     C1        2        0.00     36       0        0.0      0.00       0.00        0.801      0.009      0.21           1          130        0.00     1.17       14.47      1711.4     658.9      1052.5     0.601     c3:14.80; c2:15.06
284 H1143TS037_2       037     Wallner              0.000    0.000    2        A1B1     C1        2        0.00     46       0        0.0      0.00       0.00        0.789      0.010      0.17           1          130        0.00     0.88       16.44      2021.8     807.4      1214.4     0.597     c3:14.73; c2:15.42
285 H1143TS119_4       119     Kiharalab            0.000    0.000    2        A1B1     C1        2        0.00     17       0        0.0      0.00       0.00        0.800      0.010      0.08           1          130        0.00     1.17       15.91      2327.3     897.6      1429.7     0.601     c3:15.29; c2:15.02
286 H1143TS037_3       037     Wallner              0.000    0.000    2        A1B1     C1        2        0.00     35       0        0.0      0.00       0.00        0.764      0.009      0.09           1          199        0.00     1.49       16.55      2053.9     741.5      1312.4     0.596     c3:14.42; c2:14.62
287 H1143TS368_3       368s    FALCON2              0.000    0.000    2        A1B1     C1        2        0.00     0        0        -        -          -           0.521      0.001      -              1          199        0.00     1.35       -          13601.0    5131.2     8469.8     0.596     c3:68.71; c2:67.31
288 H1143TS493_2       493     Shen-CAPRI           0.000    0.000    2        A1B1     C1        2        0.00     25       0        0.0      0.00       0.00        0.767      0.010      0.16           1          130        0.00     0.83       14.06      793.9      -373.9     1167.9     0.595     c3:15.08; c2:15.36
289 H1143TS037_5       037     Wallner              0.000    0.000    2        A1B1     C1        2        0.00     31       0        0.0      0.00       0.00        0.800      0.009      0.13           1          130        0.00     0.71       14.46      2037.4     726.3      1311.1     0.598     c3:15.09; c2:15.45
290 H1143TS441_5       441     OpenFold             0.000    0.000    2        A1B1     C1        2        0.00     22       0        0.0      0.00       0.00        0.804      0.008      0.13           1          130        0.00     0.88       15.54      2075.8     845.9      1229.9     0.600     c3:15.05; c2:15.64
291 H1143TS037_4       037     Wallner              0.000    0.000    2        A1B1     C1        2        0.00     45       0        0.0      0.00       0.00        0.774      0.009      0.09           1          199        0.00     1.51       16.67      1683.0     667.1      1015.9     0.596     c3:14.42; c2:14.95
292 H1143TS493_1       493     Shen-CAPRI           0.000    0.000    2        A1B1     C1        2        0.00     18       0        0.0      0.00       0.00        0.768      0.009      0.09           1          130        0.00     0.77       17.45      957.5      -462.6     1420.1     0.597     c3:15.05; c2:15.27
293 H1143TS333_2       333s    FALCON0              0.000    0.000    2        A1B1     C1        2        0.00     0        0        -        -          -           0.524      0.000      -              1          199        0.00     1.36       -          13793.3    5155.6     8637.7     0.596     c3:69.43; c2:68.71
294 H1143TS333_4       333s    FALCON0              0.000    0.000    2        A1B1     C1        2        0.00     0        0        -        -          -           0.504      0.001      -              1          199        0.00     1.61       -          14329.4    5717.9     8611.4     0.589     c3:68.61; c2:68.20
295 H1143TS333_5       333s    FALCON0              0.000    0.000    2        A1B1     C1        2        0.00     0        0        -        -          -           0.518      0.001      -              1          199        0.00     1.46       -          13985.7    5472.9     8512.8     0.592     c3:68.86; c2:67.68
296 H1143TS368_2       368s    FALCON2              0.000    0.000    2        A1B1     C1        2        0.00     0        0        -        -          -           0.524      0.000      -              1          199        0.00     1.36       -          13793.3    5155.6     8637.7     0.596     c3:69.43; c2:68.71
297 H1143TS368_4       368s    FALCON2              0.000    0.000    2        A1B1     C1        2        0.00     0        0        -        -          -           0.504      0.001      -              1          199        0.00     1.61       -          14329.4    5717.9     8611.4     0.589     c3:68.61; c2:68.20
298 H1143TS205_4       205     Zou                  0.000    0.000    2        A1B1     C1        2        0.00     47       0        0.0      0.00       0.00        0.734      0.009      0.15           1          130        0.00     1.52       16.80      1694.3     506.0      1188.3     0.590     c3:14.63; c2:15.02
299 H1143TS398_3       398     ChaePred             0.000    0.001    2        A1B1     C1        2        0.00     92       1        0.0      0.00       0.00        0.787      0.020      0.15           1          130        0.00     0.79       12.71      1007.6     254.8      752.8      0.611     c3:15.29; c2:15.52
300 H1143TS278_3       278     PEZYFoldings         0.000    0.000    2        A1B1     C1        2        0.00     51       0        0.0      0.00       0.00        0.795      0.011      0.16           1          130        0.00     0.95       16.55      862.7      565.1      297.6      0.601     c3:14.74; c2:15.30
301 H1143TS433_5       433     OpenFold-SingleSeq   0.000    0.000    2        A1B1     C1        2        0.00     22       0        0.0      0.00       0.00        0.804      0.008      0.13           1          130        0.00     0.88       15.54      2075.8     845.9      1229.9     0.600     c3:15.05; c2:15.64
302 H1143TS350_5       350     ClusPro              0.000    0.000    2        A1B1     C1        2        0.00     14       0        0.0      0.00       0.00        0.790      0.008      0.15           1          130        0.00     0.96       17.33      1865.9     626.6      1239.3     0.600     c3:15.05; c2:15.48
303 H1143TS092_1       092     Agemo_mix            0.000    0.000    2        A1B1     C1        2        0.00     26       0        0.0      0.00       0.00        0.749      0.009      0.18           1          32         0.00     9.78       14.87      1777.8     849.3      928.5      0.596     c3:15.14; c2:15.49
304 H1143TS333_3       333s    FALCON0              0.000    0.000    2        A1B1     C1        2        0.00     0        0        -        -          -           0.521      0.001      -              1          199        0.00     1.35       -          13601.0    5131.2     8469.8     0.596     c3:68.71; c2:67.31
305 H1143TS368_1       368s    FALCON2              -        -        2        A1B1     C1        2        0.00     0        0        -        -          -           -          -          -              1          199        0.00     3.26       -          2595.1     -3131.6    5584.1     0.530     c3:14.15; c2:13.85
306 H1143TS333_1       333s    FALCON0              -        -        2        A1B1     C1        2        0.00     0        0        -        -          -           -          -          -              1          199        0.00     3.26       -          2595.1     -3131.6    5584.1     0.530     c3:14.15; c2:13.85