    Model              Gr.Code Group                QSglob   QSbest   Mol.Size Stoich.  Symm.     SymmSize SymmRMSD No.Conts No.Clash F1       Prec.Iface Recal.Iface lDDToligo  DockQ_Avg  Jaccard.Coeff. Align.Size Align.Len  Orient   LocalRMSD  Iface.RMSD SA.total   SA.polar  SA.apolar  TMscore    SymmGr.RMSD
1   H1144TS225_2       225     ShanghaiTech         0.949    0.949    2        A1B1     C1        2        0.00     66       0        73.9     69.90      78.50       0.931      0.879      0.82           2          324        0.01     0.57       0.59       1291.8     472.0      819.8      0.993     c3:13.10; c2:14.06
2   H1144TS037_1       037     Wallner              0.942    0.942    2        A1B1     C1        2        0.00     74       0        73.2     67.50      80.00       0.926      0.880      0.85           2          324        0.01     0.59       0.67       921.1      199.1      722.0      0.992     c3:13.08; c2:14.11
3   H1144TS374_1       374     Zheng                0.933    0.933    2        A1B1     C1        2        0.00     77       0        73.6     67.10      81.50       0.921      0.875      0.83           2          324        0.01     0.63       0.76       1248.3     318.1      930.1      0.991     c3:13.16; c2:14.15
4   H1144TS374_2       374     Zheng                0.928    0.928    2        A1B1     C1        2        0.00     72       0        74.1     67.90      81.50       0.922      0.872      0.86           2          324        0.01     0.60       0.79       1089.9     270.4      819.5      0.992     c3:13.12; c2:14.11
5   H1144TS239_1       239s    Yang-Multimer        0.924    0.924    2        A1B1     C1        2        0.00     67       0        67.2     65.20      69.20       0.889      0.812      0.74           2          324        0.02     0.79       0.80       1350.8     -154.1     1504.9     0.987     c3:13.06; c2:14.10
6   H1144TS439_1       439     Yang                 0.921    0.921    2        A1B1     C1        2        0.00     67       0        65.2     61.60      69.20       0.886      0.806      0.73           2          324        0.02     0.80       0.85       1364.5     -158.0     1522.5     0.986     c3:13.05; c2:14.10
7   H1144TS278_5       278     PEZYFoldings         0.863    0.863    2        A1B1     C1        2        0.00     80       0        72.7     66.70      80.00       0.889      0.849      0.79           2          324        0.01     0.94       0.86       292.3      166.3      126.0      0.984     c3:12.86; c2:13.77
8   H1144TS131_2       131s    Kiharalab_Server     0.750    0.750    2        A1B1     C1        2        0.00     52       1        51.7     56.40      47.70       0.875      0.510      0.77           2          324        0.07     2.02       1.94       1468.0     552.3      915.7      0.918     c3:13.13; c2:14.28
9   H1144TS119_3       119     Kiharalab            0.750    0.750    2        A1B1     C1        2        0.00     52       1        51.7     56.40      47.70       0.875      0.510      0.77           2          324        0.07     2.02       1.94       1460.7     504.3      956.4      0.918     c3:13.13; c2:14.28
10  H1144TS444_2       444     CoDock               0.643    0.643    2        A1B1     C1        2        0.00     88       0        38.9     35.40      43.10       0.831      0.483      0.66           2          324        0.07     2.44       2.57       1413.3     937.3      476.0      0.900     c3:13.24; c2:14.52
11  H1144TS131_5       131s    Kiharalab_Server     0.611    0.611    2        A1B1     C1        2        0.00     57       1        37.8     45.70      32.30       0.864      0.436      0.53           2          324        0.06     2.41       2.73       1661.3     599.7      1061.5     0.897     c3:13.20; c2:14.29
12  H1144TS119_1       119     Kiharalab            0.574    0.574    2        A1B1     C1        2        0.00     49       1        30.3     33.30      27.70       0.870      0.418      0.68           2          324        0.07     2.27       2.73       1507.8     494.9      1012.8     0.907     c3:13.14; c2:14.27
13  H1144TS131_1       131s    Kiharalab_Server     0.574    0.574    2        A1B1     C1        2        0.00     49       1        30.3     33.30      27.70       0.870      0.418      0.68           2          324        0.07     2.27       2.73       1516.0     542.2      973.7      0.907     c3:13.14; c2:14.27
14  H1144TS091_2       091     UNRES                0.560    0.560    2        A1B1     C1        2        0.00     87       0        28.4     27.50      29.20       0.763      0.385      0.60           2          324        0.12     3.16       2.98       1855.5     953.6      901.9      0.859     c3:13.25; c2:14.34
15  H1144TS131_3       131s    Kiharalab_Server     0.555    0.555    2        A1B1     C1        2        0.00     53       0        35.7     42.60      30.80       0.862      0.415      0.47           2          324        0.08     2.80       3.06       1541.9     480.9      1061.0     0.878     c3:13.24; c2:14.46
16  H1144TS097_2       097     Graphen_Medical      0.545    0.545    2        A1B1     C1        2        0.00     50       0        24.8     32.50      20.00       0.858      0.397      0.55           2          324        0.08     2.57       2.84       1856.0     659.8      1196.2     0.894     c3:13.16; c2:14.33
17  H1144TS097_4       097     Graphen_Medical      0.506    0.506    2        A1B1     C1        2        0.00     53       1        22.0     27.30      18.50       0.856      0.432      0.53           2          324        0.04     1.97       2.91       1922.3     687.5      1234.8     0.938     c3:13.17; c2:14.35
18  H1144TS288_4       288s    DFolding-server      0.487    0.487    2        A1B1     C1        2        0.00     54       1        26.7     29.10      24.60       0.834      0.380      0.67           2          324        0.07     2.46       3.11       1986.1     880.9      1105.2     0.896     c3:13.06; c2:14.25
19  H1144TS278_2       278     PEZYFoldings         0.461    0.461    2        A1B1     C1        2        0.00     56       0        27.1     30.20      24.60       0.832      0.244      0.48           1          202        0.00     0.88       3.66       821.2      447.6      373.6      0.772     c3:13.18; c2:14.98
20  H1144TS225_5       225     ShanghaiTech         0.453    0.453    2        A1B1     C1        2        0.00     62       2        35.6     34.30      36.90       0.845      0.228      0.54           1          202        0.00     0.37       6.04       1544.6     599.4      945.2      0.734     c3:13.46; c2:13.71
21  H1144TS037_4       037     Wallner              0.446    0.449    2        A1B1     C1        2        0.00     51       0        39.7     39.40      40.00       0.850      0.273      0.54           1          202        0.00     0.45       4.95       1419.6     560.7      859.0      0.753     c3:13.19; c2:14.55
22  H1144TS097_3       097     Graphen_Medical      0.444    0.444    2        A1B1     C1        2        0.00     51       0        19.6     23.40      16.90       0.852      0.369      0.54           2          324        0.07     2.43       3.17       1859.0     759.0      1100.0     0.907     c3:13.17; c2:14.47
23  H1144TS097_5       097     Graphen_Medical      0.414    0.414    2        A1B1     C1        2        0.00     47       0        24.8     29.20      21.50       0.849      0.212      0.54           1          202        0.00     0.44       5.38       1824.6     710.9      1113.7     0.751     c3:13.32; c2:14.52
24  H1144TS225_1       225     ShanghaiTech         0.392    0.394    2        A1B1     C1        2        0.00     73       1        28.2     26.00      30.80       0.850      0.218      0.55           1          202        0.00     0.35       5.51       1425.8     510.7      915.1      0.743     c3:13.40; c2:14.00
25  H1144TS278_4       278     PEZYFoldings         0.350    0.350    2        A1B1     C1        2        0.00     55       0        9.7      10.20      9.20        0.798      0.196      0.49           1          202        0.00     1.28       4.19       690.9      337.4      353.5      0.766     c3:13.01; c2:14.59
26  H1144TS278_3       278     PEZYFoldings         0.327    0.327    2        A1B1     C1        2        0.00     28       0        17.0     27.60      12.30       0.826      0.144      0.46           1          202        0.00     0.50       6.73       2070.4     774.3      1296.1     0.716     c3:13.46; c2:14.45
27  H1144TS091_1       091     UNRES                0.313    0.313    2        A1B1     C1        2        0.00     82       0        12.1     10.70      13.80       0.728      0.179      0.56           1          202        0.00     0.73       5.84       2356.1     1143.7     1212.4     0.745     c3:13.55; c2:14.82
28  H1144TS288_5       288s    DFolding-server      0.303    0.303    2        A1B1     C1        2        0.00     52       2        12.1     13.70      10.80       0.813      0.213      0.52           1          202        0.00     0.36       4.69       2109.2     889.4      1219.9     0.789     c3:13.22; c2:14.56
29  H1144TS037_5       037     Wallner              0.302    0.302    2        A1B1     C1        2        0.00     54       0        14.9     16.10      13.80       0.813      0.126      0.56           1          202        0.00     0.92       7.90       1463.2     586.8      876.5      0.706     c3:13.71; c2:14.78
30  H1144TS225_4       225     ShanghaiTech         0.298    0.298    2        A1B1     C1        2        0.00     57       0        14.2     14.50      13.80       0.838      0.223      0.52           1          202        0.00     0.49       4.98       1373.9     385.3      988.6      0.787     c3:13.33; c2:14.53
31  H1144TS073_5       073s    DFolding-refine      0.297    0.297    2        A1B1     C1        2        0.00     33       0        17.8     25.00      13.80       0.738      0.210      0.58           1          202        0.00     1.29       4.60       1617.4     -570.8     2188.2     0.772     c3:13.13; c2:14.65
32  H1144TS444_4       444     CoDock               0.290    0.290    2        A1B1     C1        2        0.00     74       0        13.8     12.50      15.40       0.808      0.193      0.59           1          202        0.00     0.68       5.49       1028.5     586.3      442.2      0.750     c3:13.43; c2:14.92
33  H1144TS073_4       073s    DFolding-refine      0.236    0.236    2        A1B1     C1        2        0.00     24       0        11.1     20.00      7.70        0.736      0.157      0.46           1          202        0.00     1.55       5.12       1409.8     -835.9     2245.7     0.729     c3:13.17; c2:14.66
34  H1144TS098_5       098s    GuijunLab-Assembly   0.223    0.223    2        A1B1     C1        2        0.00     38       0        8.1      11.80      6.20        0.847      0.094      0.46           1          202        0.00     0.35       8.45       1941.2     746.1      1195.0     0.705     c3:13.87; c2:14.40
35  H1144TS188_5       188s    GuijunLab-DeepDA     0.223    0.223    2        A1B1     C1        2        0.00     38       0        8.1      11.80      6.20        0.847      0.094      0.46           1          202        0.00     0.35       8.45       1941.2     746.1      1195.0     0.705     c3:13.87; c2:14.40
36  H1144TS234_2       234     Panlab               0.213    0.213    2        A1B1     C1        2        0.00     21       0        9.0      16.70      6.20        0.808      0.065      0.37           1          202        0.00     0.36       12.32      2465.9     1031.6     1434.3     0.677     c3:14.86; c2:14.86
37  H1144TS447_5       447     DELCLAB              0.204    0.204    2        A1B1     C1        2        0.00     80       1        12.2     11.00      13.80       0.779      0.090      0.49           1          202        0.00     0.81       11.97      -2.6       -835.7     833.1      0.676     c3:14.72; c2:14.17
38  H1144TS278_1       278     PEZYFoldings         0.202    0.202    2        A1B1     C1        2        0.00     70       0        7.6      7.60       7.70        0.806      0.088      0.53           1          202        0.00     1.03       9.59       491.3      218.1      273.2      0.690     c3:13.90; c2:14.44
39  H1144TS071_2       071s    RaptorX-Multimer     0.201    0.201    2        A1B1     C1        2        0.00     63       2        11.8     11.30      12.30       0.778      0.076      0.46           1          202        0.00     0.88       12.50      1612.0     447.3      1164.7     0.669     c3:14.85; c2:14.19
40  H1144TS257_4       257     WL_team              0.200    0.200    2        A1B1     C1        2        0.00     59       0        14.5     15.30      13.80       0.697      0.078      0.50           1          202        0.00     1.26       13.52      2365.4     1226.5     1139.0     0.659     c3:15.04; c2:14.83
41  H1144TS257_5       257     WL_team              0.198    0.198    2        A1B1     C1        2        0.00     62       0        15.7     16.10      15.40       0.703      0.085      0.54           1          202        0.00     1.34       13.09      1958.1     800.9      1157.2     0.659     c3:14.81; c2:14.77
42  H1144TS257_3       257     WL_team              0.196    0.196    2        A1B1     C1        2        0.00     58       0        14.1     14.30      13.80       0.705      0.079      0.52           1          202        0.00     1.24       13.34      2297.9     1050.0     1247.9     0.662     c3:15.10; c2:14.76
43  H1144TS071_4       071s    RaptorX-Multimer     0.196    0.196    2        A1B1     C1        2        0.00     63       3        9.0      8.80       9.20        0.793      0.067      0.46           1          202        0.00     0.84       12.41      1571.8     490.8      1081.0     0.671     c3:14.83; c2:14.17
44  H1144TS494_4       494     Venclovas            0.195    0.195    2        A1B1     C1        2        0.00     64       0        11.5     10.80      12.30       0.783      0.082      0.46           1          202        0.00     1.05       11.88      1465.1     751.5      713.6      0.670     c3:14.32; c2:14.29
45  H1144TS257_2       257     WL_team              0.195    0.195    2        A1B1     C1        2        0.00     63       1        12.6     12.90      12.30       0.704      0.075      0.47           1          202        0.00     1.41       13.09      2122.9     793.7      1329.2     0.658     c3:14.74; c2:14.59
46  H1144TS091_5       091     UNRES                0.193    0.193    2        A1B1     C1        2        0.00     64       0        10.7     10.60      10.80       0.751      0.078      0.54           1          202        0.00     0.58       12.24      2584.3     1326.1     1258.2     0.679     c3:14.77; c2:14.37
47  H1144TS257_1       257     WL_team              0.192    0.192    2        A1B1     C1        2        0.00     53       0        11.4     12.10      10.80       0.710      0.069      0.55           1          202        0.00     1.29       13.28      2386.0     1148.3     1237.7     0.661     c3:14.51; c2:14.42
48  H1144TS494_5       494     Venclovas            0.187    0.187    2        A1B1     C1        2        0.00     55       1        9.8      10.50      9.20        0.800      0.069      0.46           1          202        0.00     0.86       12.47      1826.4     1015.5     811.0      0.671     c3:14.59; c2:14.20
49  H1144TS288_3       288s    DFolding-server      0.183    0.183    2        A1B1     C1        2        0.00     47       0        8.8      10.20      7.70        0.808      0.096      0.52           1          202        0.00     0.38       8.34       2098.4     921.4      1177.0     0.703     c3:13.78; c2:14.56
50  H1144TS131_4       131s    Kiharalab_Server     0.182    0.182    2        A1B1     C1        2        0.00     44       0        9.5      12.50      7.70        0.838      0.071      0.41           1          202        0.00     0.39       12.08      1783.3     675.8      1107.5     0.680     c3:14.74; c2:14.29
51  H1144TS367_2       367     MULTICOM             0.179    0.179    2        A1B1     C1        2        0.00     50       0        9.7      10.20      9.20        0.827      0.072      0.46           1          202        0.00     0.65       11.87      1527.6     621.5      906.1      0.677     c3:14.40; c2:14.42
52  H1144TS071_3       071s    RaptorX-Multimer     0.178    0.178    2        A1B1     C1        2        0.00     62       1        7.4      7.10       7.70        0.779      0.062      0.40           1          202        0.00     0.85       12.51      1548.1     448.9      1099.2     0.670     c3:14.67; c2:14.11
53  H1144TS150_5       150     Grudinin             0.177    0.177    2        A1B1     C1        2        0.00     50       0        8.1      8.60       7.70        0.842      0.110      0.49           1          202        0.00     0.35       7.76       1675.6     590.0      1085.6     0.712     c3:13.79; c2:14.42
54  H1144TS054_5       054     UltraFold            0.176    0.177    2        A1B1     C1        2        0.00     33       0        4.0      5.70       3.10        0.838      0.069      0.38           1          202        0.00     0.38       9.83       1999.1     787.4      1211.7     0.687     c3:14.10; c2:14.45
55  H1144TS477_1       477     DMP                  0.176    0.176    2        A1B1     C1        2        0.00     50       0        8.0      8.30       7.70        0.794      0.065      0.50           1          202        0.00     0.89       12.40      1732.7     753.8      978.9      0.672     c3:14.28; c2:14.02
56  H1144TS399_5       399     BeijingAIProtein     0.176    0.177    2        A1B1     C1        2        0.00     33       0        4.0      5.70       3.10        0.838      0.069      0.38           1          202        0.00     0.38       9.83       1999.1     787.4      1211.7     0.687     c3:14.10; c2:14.45
57  H1144TS125_5       125s    UltraFold_Server     0.176    0.177    2        A1B1     C1        2        0.00     33       0        4.0      5.70       3.10        0.838      0.069      0.38           1          202        0.00     0.38       9.83       1999.1     787.4      1211.7     0.687     c3:14.10; c2:14.45
58  H1144TS092_1       092     Agemo_mix            0.174    0.174    2        A1B1     C1        2        0.00     47       0        6.3      6.50       6.20        0.753      0.061      0.55           1          34         0.00     9.35       12.05      1355.4     565.1      790.3      0.674     c3:14.08; c2:14.02
59  H1144TS248_1       248     Manifold             0.170    0.170    2        A1B1     C1        2        0.00     41       0        5.6      7.00       4.60        0.790      0.051      0.40           1          202        0.00     0.91       12.61      2092.1     1095.1     997.0      0.667     c3:14.68; c2:14.01
60  H1144TS071_1       071s    RaptorX-Multimer     0.170    0.170    2        A1B1     C1        2        0.00     58       1        6.2      6.20       6.20        0.769      0.058      0.46           1          202        0.00     0.88       12.53      1613.1     508.5      1104.7     0.669     c3:14.49; c2:14.13
61  H1144TS444_1       444     CoDock               0.170    0.170    2        A1B1     C1        2        0.00     49       0        8.8      8.50       9.20        0.808      0.071      0.54           1          202        0.00     0.59       12.03      1218.6     574.7      643.9      0.679     c3:14.38; c2:14.42
62  H1144TS035_1       035s    Manifold-E           0.170    0.170    2        A1B1     C1        2        0.00     41       0        5.6      7.00       4.60        0.790      0.051      0.40           1          202        0.00     0.91       12.61      2092.1     1095.1     997.0      0.667     c3:14.68; c2:14.01
63  H1144TS320_1       320     Elofsson             0.168    0.168    2        A1B1     C1        2        0.00     47       0        9.2      9.10       9.20        0.842      0.071      0.54           1          202        0.00     0.36       11.90      1255.0     356.9      898.1      0.681     c3:14.20; c2:14.25
64  H1144TS390_1       390s    NBIS-AF2-multimer    0.168    0.168    2        A1B1     C1        2        0.00     47       0        9.2      9.10       9.20        0.842      0.071      0.54           1          202        0.00     0.36       11.90      1255.0     356.9      898.1      0.681     c3:14.20; c2:14.25
65  H1144TS360_5       360     MUFold_H             0.168    0.168    2        A1B1     C1        2        0.00     47       0        9.2      9.10       9.20        0.842      0.071      0.54           1          202        0.00     0.36       11.90      1255.0     356.9      898.1      0.681     c3:14.20; c2:14.25
66  H1144TS150_1       150     Grudinin             0.168    0.168    2        A1B1     C1        2        0.00     47       0        9.2      9.10       9.20        0.842      0.071      0.54           1          202        0.00     0.36       11.90      1255.0     356.9      898.1      0.681     c3:14.20; c2:14.25
67  H1144TS011_1       011s    GinobiFold-SER       0.167    0.167    2        A1B1     C1        2        0.00     52       0        11.0     11.30      10.80       0.843      0.078      0.53           1          202        0.00     0.34       11.61      1344.8     387.6      957.2      0.684     c3:14.23; c2:14.32
68  H1144TS348_2       348     Takeda-Shitaka_Lab   0.167    0.167    2        A1B1     C1        2        0.00     48       0        8.9      8.60       9.20        0.840      0.072      0.57           1          202        0.00     0.34       11.85      1501.2     441.3      1059.9     0.682     c3:14.22; c2:14.26
69  H1144TS434_1       434     Coqualia             0.167    0.167    2        A1B1     C1        2        0.00     52       0        11.0     11.30      10.80       0.843      0.078      0.53           1          202        0.00     0.34       11.61      1344.8     387.6      957.2      0.684     c3:14.23; c2:14.32
70  H1144TS239_3       239s    Yang-Multimer        0.167    0.167    2        A1B1     C1        2        0.00     60       0        7.8      7.90       7.70        0.811      0.065      0.55           1          202        0.00     0.61       12.18      1615.4     -38.4      1653.9     0.679     c3:14.27; c2:14.15
71  H1144TS248_4       248     Manifold             0.166    0.166    2        A1B1     C1        2        0.00     35       0        5.7      7.50       4.60        0.823      0.061      0.42           1          202        0.00     0.35       11.59      2001.0     1203.5     797.4      0.682     c3:14.45; c2:14.36
72  H1144TS035_4       035s    Manifold-E           0.166    0.166    2        A1B1     C1        2        0.00     35       0        5.7      7.50       4.60        0.823      0.061      0.42           1          202        0.00     0.35       11.59      2001.0     1203.5     797.4      0.682     c3:14.45; c2:14.36
73  H1144TS239_2       239s    Yang-Multimer        0.166    0.166    2        A1B1     C1        2        0.00     58       0        9.4      9.50       9.20        0.811      0.071      0.59           1          202        0.00     0.65       12.04      1640.3     -43.4      1683.6     0.677     c3:14.19; c2:14.18
74  H1144TS446_5       446s    ColabFold            0.165    0.165    2        A1B1     C1        2        0.00     54       0        8.1      8.50       7.70        0.828      0.068      0.48           1          202        0.00     0.59       11.69      1619.0     623.0      996.0      0.678     c3:14.38; c2:14.46
75  H1144TS461_5       461     colabfold_human      0.165    0.165    2        A1B1     C1        2        0.00     54       0        8.1      8.50       7.70        0.828      0.068      0.48           1          202        0.00     0.59       11.69      1619.0     623.0      996.0      0.678     c3:14.38; c2:14.46
76  H1144TS462_2       462s    MultiFOLD            0.165    0.165    2        A1B1     C1        2        0.00     38       0        8.1      8.50       7.70        0.830      0.066      0.57           1          202        0.00     0.61       12.22      1450.9     516.2      934.6      0.679     c3:14.37; c2:14.20
77  H1144TS348_5       348     Takeda-Shitaka_Lab   0.164    0.164    2        A1B1     C1        2        0.00     43       1        6.6      7.00       6.20        0.836      0.064      0.49           1          202        0.00     0.37       11.19      1441.0     427.7      1013.2     0.682     c3:14.34; c2:14.70
78  H1144TS180_4       180     McGuffin             0.164    0.164    2        A1B1     C1        2        0.00     39       0        6.7      7.40       6.20        0.828      0.060      0.57           1          202        0.00     0.62       12.06      1442.4     478.4      964.1      0.678     c3:14.25; c2:14.22
79  H1144TS011_3       011s    GinobiFold-SER       0.164    0.164    2        A1B1     C1        2        0.00     60       0        9.1      9.00       9.20        0.838      0.072      0.50           1          202        0.00     0.36       11.95      1285.3     450.3      835.0      0.681     c3:14.34; c2:14.29
80  H1144TS180_3       180     McGuffin             0.164    0.164    2        A1B1     C1        2        0.00     39       0        8.3      9.10       7.70        0.827      0.067      0.53           1          202        0.00     0.62       12.03      1496.8     541.1      955.7      0.679     c3:14.32; c2:14.20
81  H1144TS462_3       462s    MultiFOLD            0.164    0.164    2        A1B1     C1        2        0.00     41       0        6.8      7.50       6.20        0.831      0.063      0.50           1          202        0.00     0.61       11.74      1568.8     543.1      1025.7     0.680     c3:14.28; c2:14.30
82  H1144TS434_3       434     Coqualia             0.164    0.164    2        A1B1     C1        2        0.00     60       0        9.1      9.00       9.20        0.838      0.072      0.50           1          202        0.00     0.36       11.95      1285.3     450.3      835.0      0.681     c3:14.34; c2:14.29
83  H1144TS312_1       312     Fernandez-Recio      0.164    0.164    2        A1B1     C1        2        0.00     55       0        8.6      8.00       9.20        0.838      0.071      0.54           1          202        0.00     0.39       11.96      1124.9     395.7      729.2      0.681     c3:13.12; c2:13.28
84  H1144TS312_3       312     Fernandez-Recio      0.163    0.163    2        A1B1     C1        2        0.00     54       0        8.9      8.60       9.20        0.837      0.072      0.54           1          202        0.00     0.40       11.93      1091.2     400.4      690.8      0.682     c3:13.15; c2:13.29
85  H1144TS367_1       367     MULTICOM             0.163    0.163    2        A1B1     C1        2        0.00     62       0        8.9      8.60       9.20        0.839      0.072      0.45           1          202        0.00     0.34       11.98      1210.3     279.0      931.3      0.681     c3:14.47; c2:14.40
86  H1144TS374_4       374     Zheng                0.163    0.163    2        A1B1     C1        2        0.00     46       0        9.4      9.50       9.20        0.844      0.071      0.56           1          202        0.00     0.36       11.96      1378.7     474.4      904.3      0.681     c3:14.20; c2:14.21
87  H1144TS180_2       180     McGuffin             0.162    0.162    2        A1B1     C1        2        0.00     43       0        6.8      7.50       6.20        0.829      0.062      0.53           1          202        0.00     0.62       11.95      1623.0     590.0      1033.0     0.678     c3:14.23; c2:14.16
88  H1144TS462_5       462s    MultiFOLD            0.161    0.161    2        A1B1     C1        2        0.00     42       0        8.0      8.30       7.70        0.830      0.066      0.55           1          202        0.00     0.61       12.02      1433.3     518.0      915.4      0.678     c3:14.25; c2:14.22
89  H1144TS234_4       234     Panlab               0.160    0.160    2        A1B1     C1        2        0.00     25       0        4.4      7.70       3.10        0.805      0.055      0.18           1          202        0.00     0.36       12.20      2568.7     1117.8     1450.9     0.671     c3:15.16; c2:14.96
90  H1144TS439_5       439     Yang                 0.160    0.160    2        A1B1     C1        2        0.00     56       0        9.1      9.00       9.20        0.814      0.072      0.50           1          202        0.00     0.63       11.76      1580.6     -70.0      1650.7     0.679     c3:14.23; c2:14.28
91  H1144TS398_5       398     ChaePred             0.159    0.159    2        A1B1     C1        2        0.00     75       1        11.2     9.40       13.80       0.835      0.086      0.51           1          202        0.00     0.36       11.82      907.4      162.7      744.7      0.680     c3:14.07; c2:14.24
92  H1144TS447_1       447     DELCLAB              0.159    0.159    2        A1B1     C1        2        0.00     87       0        14.9     12.50      18.50       0.782      0.105      0.47           1          202        0.00     0.74       11.40      -231.9     -1060.8    829.0      0.680     c3:14.90; c2:15.08
93  H1144TS367_4       367     MULTICOM             0.158    0.158    2        A1B1     C1        2        0.00     53       0        9.1      9.00       9.20        0.842      0.071      0.57           1          202        0.00     0.34       12.01      1291.6     386.7      904.9      0.681     c3:14.26; c2:14.22
94  H1144TS073_1       073s    DFolding-refine      0.158    0.158    2        A1B1     C1        2        0.00     47       0        8.4      9.30       7.70        0.716      0.065      0.47           1          202        0.00     1.58       12.56      1587.8     -643.4     2231.2     0.656     c3:14.73; c2:13.98
95  H1144TS462_4       462s    MultiFOLD            0.158    0.158    2        A1B1     C1        2        0.00     48       0        6.2      6.30       6.20        0.830      0.060      0.57           1          202        0.00     0.61       12.07      1411.2     513.7      897.5      0.677     c3:14.19; c2:14.20
96  H1144TS003_2       003     MULTICOM_human       0.158    0.158    2        A1B1     C1        2        0.00     53       0        9.1      9.00       9.20        0.842      0.071      0.57           1          202        0.00     0.34       12.01      1291.6     386.7      904.9      0.681     c3:14.26; c2:14.22
97  H1144TS158_2       158s    MULTICOM_deep        0.158    0.158    2        A1B1     C1        2        0.00     53       0        9.1      9.00       9.20        0.842      0.071      0.57           1          202        0.00     0.34       12.01      1291.6     386.7      904.9      0.681     c3:14.26; c2:14.22
98  H1144TS086_1       086s    MULTICOM_qa          0.158    0.158    2        A1B1     C1        2        0.00     53       0        9.1      9.00       9.20        0.842      0.071      0.57           1          202        0.00     0.34       12.01      1291.6     386.7      904.9      0.681     c3:14.26; c2:14.22
99  H1144TS461_1       461     colabfold_human      0.157    0.157    2        A1B1     C1        2        0.00     48       0        7.8      7.80       7.70        0.834      0.066      0.60           1          202        0.00     0.56       12.16      1594.6     670.3      924.3      0.678     c3:14.16; c2:14.06
100 H1144TS086_4       086s    MULTICOM_qa          0.157    0.157    2        A1B1     C1        2        0.00     58       0        7.5      7.40       7.70        0.843      0.065      0.59           1          202        0.00     0.34       12.25      1329.8     424.3      905.5      0.680     c3:14.31; c2:14.18
101 H1144TS158_1       158s    MULTICOM_deep        0.157    0.157    2        A1B1     C1        2        0.00     58       0        7.5      7.40       7.70        0.843      0.065      0.59           1          202        0.00     0.34       12.25      1329.8     424.3      905.5      0.680     c3:14.31; c2:14.18
102 H1144TS439_3       439     Yang                 0.157    0.157    2        A1B1     C1        2        0.00     54       1        7.9      8.20       7.70        0.813      0.065      0.58           1          202        0.00     0.61       12.24      1552.3     -52.5      1604.8     0.678     c3:14.24; c2:14.15
103 H1144TS003_1       003     MULTICOM_human       0.157    0.157    2        A1B1     C1        2        0.00     58       0        7.5      7.40       7.70        0.843      0.065      0.59           1          202        0.00     0.34       12.25      1329.8     424.3      905.5      0.680     c3:14.31; c2:14.18
104 H1144TS446_1       446s    ColabFold            0.157    0.157    2        A1B1     C1        2        0.00     48       0        7.8      7.80       7.70        0.834      0.066      0.60           1          202        0.00     0.56       12.16      1594.6     670.3      924.3      0.678     c3:14.16; c2:14.06
105 H1144TS239_5       239s    Yang-Multimer        0.156    0.156    2        A1B1     C1        2        0.00     60       1        9.4      9.70       9.20        0.814      0.070      0.55           1          202        0.00     0.61       12.28      1607.9     -91.3      1699.2     0.678     c3:14.27; c2:14.14
106 H1144TS439_2       439     Yang                 0.156    0.156    2        A1B1     C1        2        0.00     60       1        9.4      9.70       9.20        0.814      0.070      0.55           1          202        0.00     0.61       12.28      1607.9     -91.3      1699.2     0.678     c3:14.27; c2:14.14
107 H1144TS314_2       314     Pierce               0.156    0.156    2        A1B1     C1        2        0.00     53       0        6.4      6.70       6.20        0.837      0.066      0.48           1          202        0.00     0.39       11.15      1279.6     379.5      900.0      0.683     c3:14.29; c2:14.52
108 H1144TS446_2       446s    ColabFold            0.155    0.155    2        A1B1     C1        2        0.00     57       0        7.8      7.90       7.70        0.829      0.068      0.49           1          202        0.00     0.60       11.74      1540.7     638.4      902.2      0.679     c3:14.33; c2:14.28
109 H1144TS390_5       390s    NBIS-AF2-multimer    0.155    0.155    2        A1B1     C1        2        0.00     47       0        6.7      7.30       6.20        0.837      0.066      0.51           1          202        0.00     0.35       11.55      1452.5     434.0      1018.5     0.682     c3:14.43; c2:14.45
110 H1144TS462_1       462s    MultiFOLD            0.155    0.155    2        A1B1     C1        2        0.00     47       0        6.7      7.40       6.20        0.830      0.062      0.48           1          202        0.00     0.61       11.78      1546.2     590.0      956.3      0.679     c3:14.18; c2:14.22
111 H1144TS461_2       461     colabfold_human      0.155    0.155    2        A1B1     C1        2        0.00     57       0        7.8      7.90       7.70        0.829      0.068      0.49           1          202        0.00     0.60       11.74      1540.7     638.4      902.2      0.679     c3:14.33; c2:14.28
112 H1144TS320_5       320     Elofsson             0.155    0.155    2        A1B1     C1        2        0.00     47       0        6.7      7.30       6.20        0.837      0.066      0.51           1          202        0.00     0.35       11.55      1452.5     434.0      1018.5     0.682     c3:14.43; c2:14.45
113 H1144TS158_5       158s    MULTICOM_deep        0.154    0.154    2        A1B1     C1        2        0.00     55       0        9.0      8.70       9.20        0.846      0.070      0.55           1          202        0.00     0.34       12.30      1250.0     408.4      841.6      0.680     c3:14.36; c2:14.21
114 H1144TS447_3       447     DELCLAB              0.153    0.153    2        A1B1     C1        2        0.00     65       0        7.2      6.80       7.70        0.783      0.065      0.41           1          202        0.00     0.71       11.89      64.5       -930.9     995.4      0.675     c3:14.79; c2:14.76
115 H1144TS003_5       003     MULTICOM_human       0.153    0.153    2        A1B1     C1        2        0.00     56       0        10.4     10.00      10.80       0.850      0.075      0.60           1          202        0.00     0.34       12.34      1304.3     430.9      873.4      0.680     c3:14.33; c2:14.21
116 H1144TS298_1       298s    MUFold               0.153    0.153    2        A1B1     C1        2        0.00     46       0        9.1      9.00       9.20        0.848      0.070      0.61           1          202        0.00     0.36       12.15      1246.8     394.8      852.0      0.680     c3:14.22; c2:14.22
117 H1144TS350_1       350     ClusPro              0.153    0.153    2        A1B1     C1        2        0.00     43       0        7.6      7.50       7.70        0.833      0.066      0.58           1          202        0.00     0.39       12.25      801.5      208.7      592.8      0.680     c3:14.27; c2:14.12
118 H1144TS239_4       239s    Yang-Multimer        0.153    0.153    2        A1B1     C1        2        0.00     56       0        9.2      9.10       9.20        0.813      0.072      0.50           1          202        0.00     0.60       11.69      1532.2     -97.4      1629.6     0.679     c3:14.11; c2:14.21
119 H1144TS360_1       360     MUFold_H             0.153    0.153    2        A1B1     C1        2        0.00     46       0        9.1      9.00       9.20        0.848      0.070      0.61           1          202        0.00     0.36       12.15      1246.8     394.8      852.0      0.680     c3:14.22; c2:14.22
120 H1144TS158_4       158s    MULTICOM_deep        0.153    0.153    2        A1B1     C1        2        0.00     56       0        10.4     10.00      10.80       0.850      0.075      0.60           1          202        0.00     0.34       12.34      1304.3     430.9      873.4      0.680     c3:14.33; c2:14.21
121 H1144TS091_4       091     UNRES                0.153    0.153    2        A1B1     C1        2        0.00     67       0        9.4      9.50       9.20        0.749      0.069      0.52           1          202        0.00     0.57       12.49      2300.0     952.5      1347.4     0.676     c3:14.64; c2:13.98
122 H1144TS188_2       188s    GuijunLab-DeepDA     0.153    0.153    2        A1B1     C1        2        0.00     54       0        6.2      6.20       6.20        0.838      0.066      0.47           1          202        0.00     0.39       11.41      1236.3     355.3      881.0      0.683     c3:14.38; c2:14.48
123 H1144TS098_2       098s    GuijunLab-Assembly   0.153    0.153    2        A1B1     C1        2        0.00     54       0        6.2      6.20       6.20        0.838      0.066      0.47           1          202        0.00     0.39       11.41      1236.3     355.3      881.0      0.683     c3:14.38; c2:14.48
124 H1144TS227_1       227     GinobiFold           0.152    0.152    2        A1B1     C1        2        0.00     58       0        7.8      7.80       7.70        0.838      0.069      0.48           1          202        0.00     0.35       11.77      1276.3     318.8      957.5      0.682     c3:14.40; c2:14.41
125 H1144TS133_1       133s    ShanghaiTech-TS-SER  0.152    0.152    2        A1B1     C1        2        0.00     58       0        7.8      7.80       7.70        0.838      0.069      0.48           1          202        0.00     0.35       11.77      1276.3     318.8      957.5      0.682     c3:14.40; c2:14.41
126 H1144TS312_5       312     Fernandez-Recio      0.151    0.151    2        A1B1     C1        2        0.00     63       0        8.5      7.80       9.20        0.834      0.072      0.55           1          202        0.00     0.42       11.91      1067.2     414.8      652.4      0.681     c3:13.05; c2:13.21
127 H1144TS125_2       125s    UltraFold_Server     0.151    0.151    2        A1B1     C1        2        0.00     58       0        5.0      5.40       4.60        0.837      0.055      0.34           1          202        0.00     0.36       12.32      1494.0     370.5      1123.5     0.677     c3:14.94; c2:14.35
128 H1144TS399_2       399     BeijingAIProtein     0.151    0.151    2        A1B1     C1        2        0.00     58       0        5.0      5.40       4.60        0.837      0.055      0.34           1          202        0.00     0.36       12.32      1494.0     370.5      1123.5     0.677     c3:14.94; c2:14.35
129 H1144TS054_2       054     UltraFold            0.151    0.151    2        A1B1     C1        2        0.00     58       0        5.0      5.40       4.60        0.837      0.055      0.34           1          202        0.00     0.36       12.32      1494.0     370.5      1123.5     0.677     c3:14.94; c2:14.35
130 H1144TS390_3       390s    NBIS-AF2-multimer    0.150    0.150    2        A1B1     C1        2        0.00     41       1        6.8      7.50       6.20        0.838      0.070      0.50           1          202        0.00     0.36       10.77      1467.6     493.2      974.4      0.685     c3:14.25; c2:14.53
131 H1144TS227_3       227     GinobiFold           0.150    0.150    2        A1B1     C1        2        0.00     65       0        7.5      7.20       7.70        0.837      0.064      0.36           1          202        0.00     0.36       12.39      1420.6     368.8      1051.8     0.678     c3:14.79; c2:14.32
132 H1144TS150_3       150     Grudinin             0.150    0.150    2        A1B1     C1        2        0.00     41       1        6.8      7.50       6.20        0.838      0.070      0.50           1          202        0.00     0.36       10.77      1466.3     486.2      980.1      0.685     c3:14.25; c2:14.53
133 H1144TS320_3       320     Elofsson             0.150    0.150    2        A1B1     C1        2        0.00     41       1        6.8      7.50       6.20        0.838      0.070      0.50           1          202        0.00     0.36       10.77      1467.6     493.2      974.4      0.685     c3:14.25; c2:14.53
134 H1144TS133_3       133s    ShanghaiTech-TS-SER  0.150    0.150    2        A1B1     C1        2        0.00     65       0        7.5      7.20       7.70        0.837      0.064      0.36           1          202        0.00     0.36       12.39      1420.6     368.8      1051.8     0.678     c3:14.79; c2:14.32
135 H1144TS439_4       439     Yang                 0.149    0.149    2        A1B1     C1        2        0.00     53       1        7.7      7.70       7.70        0.814      0.065      0.57           1          202        0.00     0.60       12.10      1527.2     -97.7      1624.9     0.678     c3:14.23; c2:14.21
136 H1144TS073_3       073s    DFolding-refine      0.149    0.149    2        A1B1     C1        2        0.00     49       0        6.4      6.70       6.20        0.701      0.079      0.42           1          202        0.00     1.74       9.66       1732.7     -383.1     2115.8     0.656     c3:13.94; c2:14.62
137 H1144TS348_1       348     Takeda-Shitaka_Lab   0.149    0.149    2        A1B1     C1        2        0.00     45       0        10.5     10.30      10.80       0.848      0.074      0.61           1          202        0.00     0.36       12.29      1200.0     344.9      855.1      0.680     c3:14.26; c2:14.23
138 H1144TS461_3       461     colabfold_human      0.148    0.148    2        A1B1     C1        2        0.00     52       0        7.8      7.90       7.70        0.832      0.067      0.49           1          202        0.00     0.58       11.73      1550.5     573.8      976.7      0.679     c3:14.15; c2:14.26
139 H1144TS423_3       423     trComplex            0.148    0.148    2        A1B1     C1        2        0.00     57       0        6.2      6.20       6.20        0.829      0.065      0.48           1          202        0.00     0.60       11.51      1478.6     455.9      1022.7     0.680     c3:14.21; c2:14.27
140 H1144TS446_3       446s    ColabFold            0.148    0.148    2        A1B1     C1        2        0.00     52       0        7.8      7.90       7.70        0.832      0.067      0.49           1          202        0.00     0.58       11.73      1550.5     573.8      976.7      0.679     c3:14.15; c2:14.26
141 H1144TS187_3       187     TRFold               0.148    0.148    2        A1B1     C1        2        0.00     57       0        6.2      6.20       6.20        0.829      0.065      0.48           1          202        0.00     0.60       11.51      1478.6     455.9      1022.7     0.680     c3:14.21; c2:14.27
142 H1144TS188_1       188s    GuijunLab-DeepDA     0.146    0.146    2        A1B1     C1        2        0.00     56       0        7.5      7.40       7.70        0.840      0.069      0.48           1          202        0.00     0.38       11.77      1124.2     314.6      809.6      0.681     c3:14.42; c2:14.39
143 H1144TS098_1       098s    GuijunLab-Assembly   0.146    0.146    2        A1B1     C1        2        0.00     56       0        7.5      7.40       7.70        0.840      0.069      0.48           1          202        0.00     0.38       11.77      1124.2     314.6      809.6      0.681     c3:14.42; c2:14.39
144 H1144TS288_1       288s    DFolding-server      0.145    0.145    2        A1B1     C1        2        0.00     52       0        8.0      8.30       7.70        0.824      0.066      0.51           1          202        0.00     0.63       12.28      1833.7     973.5      860.2      0.676     c3:14.22; c2:13.95
145 H1144TS367_3       367     MULTICOM             0.145    0.145    2        A1B1     C1        2        0.00     49       0        6.2      6.30       6.20        0.841      0.066      0.47           1          202        0.00     0.35       11.50      1331.4     383.1      948.3      0.682     c3:14.39; c2:14.43
146 H1144TS423_1       423     trComplex            0.145    0.145    2        A1B1     C1        2        0.00     54       0        7.8      7.90       7.70        0.833      0.067      0.49           1          202        0.00     0.75       12.24      1231.0     489.7      741.3      0.675     c3:13.91; c2:13.78
147 H1144TS187_1       187     TRFold               0.145    0.145    2        A1B1     C1        2        0.00     54       0        7.8      7.90       7.70        0.833      0.067      0.49           1          202        0.00     0.75       12.24      1231.0     489.7      741.3      0.675     c3:13.91; c2:13.78
148 H1144TS097_1       097     Graphen_Medical      0.144    0.144    2        A1B1     C1        2        0.00     40       0        11.1     14.00      9.20        0.847      0.075      0.48           1          202        0.00     0.40       11.83      1767.7     654.9      1112.8     0.682     c3:14.22; c2:14.00
149 H1144TS298_2       298s    MUFold               0.142    0.142    2        A1B1     C1        2        0.00     45       0        10.8     10.80      10.80       0.850      0.075      0.60           1          202        0.00     0.34       12.29      1274.1     376.2      897.9      0.680     c3:14.33; c2:14.28
150 H1144TS360_4       360     MUFold_H             0.142    0.142    2        A1B1     C1        2        0.00     46       0        8.1      8.60       7.70        0.844      0.065      0.54           1          202        0.00     0.36       12.12      1307.2     402.1      905.1      0.679     c3:14.40; c2:14.44
151 H1144TS360_2       360     MUFold_H             0.142    0.142    2        A1B1     C1        2        0.00     45       0        10.8     10.80      10.80       0.850      0.075      0.60           1          202        0.00     0.34       12.29      1274.1     376.2      897.9      0.680     c3:14.33; c2:14.28
152 H1144TS187_2       187     TRFold               0.140    0.140    2        A1B1     C1        2        0.00     56       0        6.2      6.20       6.20        0.830      0.065      0.50           1          202        0.00     0.54       11.76      1359.3     532.5      826.8      0.679     c3:14.29; c2:14.18
153 H1144TS423_2       423     trComplex            0.140    0.140    2        A1B1     C1        2        0.00     56       0        6.2      6.20       6.20        0.830      0.065      0.50           1          202        0.00     0.54       11.76      1359.3     532.5      826.8      0.679     c3:14.29; c2:14.18
154 H1144TS037_2       037     Wallner              0.139    0.139    2        A1B1     C1        2        0.00     37       0        8.3      8.90       7.70        0.803      0.067      0.52           1          202        0.00     1.03       12.23      1651.4     543.7      1107.7     0.671     c3:14.31; c2:13.85
155 H1144TS360_3       360     MUFold_H             0.138    0.138    2        A1B1     C1        2        0.00     40       0        7.9      8.10       7.70        0.850      0.065      0.60           1          202        0.00     0.34       12.07      1238.3     319.5      918.8      0.680     c3:14.31; c2:14.35
156 H1144TS298_3       298s    MUFold               0.138    0.138    2        A1B1     C1        2        0.00     40       0        7.9      8.10       7.70        0.850      0.065      0.60           1          202        0.00     0.34       12.07      1238.3     319.5      918.8      0.680     c3:14.31; c2:14.35
157 H1144TS447_2       447     DELCLAB              0.137    0.137    2        A1B1     C1        2        0.00     52       0        9.1      9.00       9.20        0.784      0.098      0.44           1          202        0.00     0.75       9.37       196.3      -817.8     1014.2     0.691     c3:14.15; c2:14.33
158 H1144TS188_4       188s    GuijunLab-DeepDA     0.136    0.136    2        A1B1     C1        2        0.00     41       0        7.9      8.10       7.70        0.848      0.064      0.58           1          202        0.00     0.36       12.27      1265.4     385.6      879.8      0.679     c3:14.39; c2:14.39
159 H1144TS098_4       098s    GuijunLab-Assembly   0.136    0.136    2        A1B1     C1        2        0.00     41       0        7.9      8.10       7.70        0.848      0.064      0.58           1          202        0.00     0.36       12.27      1265.4     385.6      879.8      0.679     c3:14.39; c2:14.39
160 H1144TS169_1       169     GuijunLab-Human      0.136    0.136    2        A1B1     C1        2        0.00     41       0        7.9      8.10       7.70        0.848      0.064      0.58           1          202        0.00     0.36       12.27      1265.4     385.6      879.8      0.679     c3:14.39; c2:14.39
161 H1144TS374_3       374     Zheng                0.123    0.123    2        A1B1     C1        2        0.00     47       0        1.7      1.90       1.50        0.842      0.043      0.53           1          202        0.00     0.38       12.64      1421.6     382.3      1039.3     0.676     c3:14.20; c2:13.90
162 H1144TS446_4       446s    ColabFold            0.115    0.115    2        A1B1     C1        2        0.00     73       0        4.2      3.80       4.60        0.830      0.057      0.48           1          202        0.00     0.61       11.69      1264.8     409.9      854.9      0.676     c3:14.20; c2:14.29
163 H1144TS461_4       461     colabfold_human      0.115    0.115    2        A1B1     C1        2        0.00     73       0        4.2      3.80       4.60        0.830      0.057      0.48           1          202        0.00     0.61       11.69      1264.8     409.9      854.9      0.676     c3:14.20; c2:14.29
164 H1144TS447_4       447     DELCLAB              0.113    0.113    2        A1B1     C1        2        0.00     81       0        7.9      7.00       9.20        0.777      0.091      0.38           1          202        0.00     0.77       10.34      148.9      -916.3     1065.2     0.689     c3:14.76; c2:15.21
165 H1144TS348_3       348     Takeda-Shitaka_Lab   0.107    0.107    2        A1B1     C1        2        0.00     78       0        1.4      1.30       1.50        0.822      0.037      0.27           1          202        0.00     0.63       12.37      1510.4     390.6      1119.9     0.659     c3:14.59; c2:13.79
166 H1144TS234_1       234     Panlab               0.104    0.104    2        A1B1     C1        2        0.00     24       0        2.2      4.00       1.50        0.801      0.051      0.15           1          202        0.00     0.36       11.84      2710.9     1172.5     1538.4     0.666     c3:15.31; c2:14.94
167 H1144TS227_4       227     GinobiFold           0.071    0.074    2        A1B1     C1        2        0.00     50       0        3.5      4.10       3.10        0.843      0.037      0.32           1          202        0.00     0.36       12.17      1483.3     470.5      1012.8     0.651     c3:13.65; c2:15.04
168 H1144TS133_4       133s    ShanghaiTech-TS-SER  0.071    0.074    2        A1B1     C1        2        0.00     50       0        3.5      4.10       3.10        0.843      0.037      0.32           1          202        0.00     0.36       12.17      1483.3     470.5      1012.8     0.651     c3:13.65; c2:15.04
169 H1144TS150_4       150     Grudinin             0.065    0.069    2        A1B1     C1        2        0.00     60       1        1.7      1.90       1.50        0.838      0.036      0.20           1          202        0.00     0.37       9.40       1336.1     449.2      886.9      0.645     c3:13.16; c2:14.85
170 H1144TS234_3       234     Panlab               0.051    0.051    2        A1B1     C1        2        0.00     18       0        2.2      4.20       1.50        0.800      0.049      0.21           1          202        0.00     0.36       11.16      2714.9     1197.2     1517.7     0.662     c3:14.95; c2:14.56
171 H1144TS205_1       205     Zou                  0.039    0.039    2        A1B1     C1        2        0.00     79       0        1.5      1.50       1.50        0.734      0.054      0.36           1          202        0.00     1.27       11.97      1843.2     132.2      1711.0     0.659     c3:15.16; c2:16.38
172 H1144TS234_5       234     Panlab               0.038    0.038    2        A1B1     C1        2        0.00     27       0        0.0      0.00       0.00        0.805      0.042      0.13           1          202        0.00     0.36       11.66      2582.8     1078.8     1504.0     0.660     c3:15.09; c2:14.59
173 H1144TS147_5       147     SHT                  0.032    0.032    2        A1B1     C1        2        0.00     53       0        1.6      1.60       1.50        0.724      0.025      0.17           1          202        0.00     1.41       12.52      -513.3     -1584.6    1071.4     0.616     c3:14.14; c2:13.01
174 H1144TS493_1       493     Shen-CAPRI           0.028    0.028    2        A1B1     C1        2        0.00     42       0        1.8      2.10       1.50        0.756      0.020      0.22           1          202        0.00     1.02       13.23      428.8      -552.7     981.5      0.621     c3:14.71; c2:15.90
175 H1144TS169_5       169     GuijunLab-Human      0.025    0.025    2        A1B1     C1        2        0.00     54       0        0.0      0.00       0.00        0.835      0.018      0.30           1          202        0.00     0.39       15.16      1481.0     546.9      934.1      0.640     c3:14.14; c2:15.51
176 H1144TS434_5       434     Coqualia             0.025    0.026    2        A1B1     C1        2        0.00     55       1        0.0      0.00       0.00        0.834      0.018      0.30           1          202        0.00     0.42       15.60      1489.6     433.8      1055.8     0.639     c3:14.19; c2:15.41
177 H1144TS011_5       011s    GinobiFold-SER       0.025    0.026    2        A1B1     C1        2        0.00     55       1        0.0      0.00       0.00        0.834      0.018      0.30           1          202        0.00     0.42       15.60      1489.6     433.8      1055.8     0.639     c3:14.19; c2:15.41
178 H1144TS397_2       397     bio3d                0.024    0.024    2        A1B1     C1        2        0.00     26       0        0.0      0.00       0.00        0.803      0.013      0.16           1          202        0.00     1.08       17.74      2167.9     884.1      1283.8     0.627     c3:14.45; c2:14.57
179 H1144TS185_3       185     BAKER                0.023    0.029    2        A1B1     C1        2        0.00     40       2        0.0      0.00       0.00        0.810      0.020      0.16           1          202        0.00     0.51       12.33      2359.6     1144.1     1215.5     0.632     c3:13.85; c2:13.67
180 H1144TS397_5       397     bio3d                0.021    0.024    2        A1B1     C1        2        0.00     64       6        0.0      0.00       0.00        0.790      0.026      0.25           1          202        0.00     1.08       12.10      1647.5     658.1      989.4      0.632     c3:12.47; c2:15.03
181 H1144TS399_3       399     BeijingAIProtein     0.019    0.019    2        A1B1     C1        2        0.00     43       0        1.9      2.30       1.50        0.829      0.021      0.27           1          202        0.00     0.41       16.86      1638.1     541.5      1096.7     0.636     c3:14.37; c2:15.54
182 H1144TS054_3       054     UltraFold            0.019    0.019    2        A1B1     C1        2        0.00     43       0        1.9      2.30       1.50        0.829      0.021      0.27           1          202        0.00     0.41       16.86      1638.1     541.5      1096.7     0.636     c3:14.37; c2:15.54
183 H1144TS125_3       125s    UltraFold_Server     0.019    0.019    2        A1B1     C1        2        0.00     43       0        1.9      2.30       1.50        0.829      0.021      0.27           1          202        0.00     0.41       16.86      1638.1     541.5      1096.7     0.636     c3:14.37; c2:15.54
184 H1144TS493_2       493     Shen-CAPRI           0.016    0.019    2        A1B1     C1        2        0.00     43       0        0.0      0.00       0.00        0.747      0.014      0.19           1          202        0.00     1.36       15.60      152.5      -801.0     953.5      0.613     c3:12.79; c2:14.08
185 H1144TS434_4       434     Coqualia             0.012    0.013    2        A1B1     C1        2        0.00     47       0        0.0      0.00       0.00        0.836      0.017      0.17           1          202        0.00     0.35       13.21      1337.1     284.2      1052.8     0.633     c3:14.55; c2:13.11
186 H1144TS011_4       011s    GinobiFold-SER       0.012    0.013    2        A1B1     C1        2        0.00     47       0        0.0      0.00       0.00        0.836      0.017      0.17           1          202        0.00     0.35       13.21      1337.1     284.2      1052.8     0.633     c3:14.55; c2:13.11
187 H1144TS205_5       205     Zou                  0.009    0.010    2        A1B1     C1        2        0.00     61       0        0.0      0.00       0.00        0.749      0.017      0.16           1          202        0.00     1.13       13.27      1260.1     297.4      962.7      0.619     c3:14.49; c2:13.14
188 H1144TS493_4       493     Shen-CAPRI           0.005    0.005    2        A1B1     C1        2        0.00     44       0        0.0      0.00       0.00        0.760      0.013      0.19           1          202        0.00     1.09       15.72      -204.8     -1075.6    870.8      0.618     c3:13.12; c2:14.43
189 H1144TS441_5       441     OpenFold             0.004    0.004    2        A1B1     C1        2        0.00     10       0        0.0      0.00       0.00        0.799      0.012      0.09           1          202        0.00     0.59       16.04      2719.8     978.9      1740.9     0.628     c3:13.38; c2:13.62
190 H1144TS433_5       433     OpenFold-SingleSeq   0.004    0.004    2        A1B1     C1        2        0.00     10       0        0.0      0.00       0.00        0.799      0.012      0.09           1          202        0.00     0.59       16.04      2719.8     978.9      1740.9     0.628     c3:13.38; c2:13.62
191 H1144TS350_3       350     ClusPro              0.003    0.003    2        A1B1     C1        2        0.00     62       1        0.0      0.00       0.00        0.792      0.015      0.15           1          202        0.00     0.88       15.47      790.8      271.7      519.0      0.625     c3:13.43; c2:13.65
192 H1144TS185_4       185     BAKER                0.003    0.003    2        A1B1     C1        2        0.00     34       0        0.0      0.00       0.00        0.816      0.016      0.13           1          202        0.00     0.84       13.42      2244.5     1059.6     1185.0     0.627     c3:14.29; c2:13.64
193 H1144TS225_3       225     ShanghaiTech         0.002    0.002    2        A1B1     C1        2        0.00     98       2        0.0      0.00       0.00        0.799      0.012      0.16           1          202        0.00     0.46       15.41      763.0      -73.9      837.0      0.628     c3:13.75; c2:14.27
194 H1144TS397_4       397     bio3d                0.002    0.002    2        A1B1     C1        2        0.00     34       0        0.0      0.00       0.00        0.811      0.018      0.09           1          202        0.00     1.08       16.21      2309.3     940.6      1368.7     0.629     c3:13.85; c2:13.42
195 H1144TS035_3       035s    Manifold-E           0.001    0.001    2        A1B1     C1        2        0.00     39       0        0.0      0.00       0.00        0.778      0.013      0.13           1          202        0.00     1.11       14.97      2511.1     1394.7     1116.4     0.617     c3:14.78; c2:14.67
196 H1144TS248_3       248     Manifold             0.001    0.001    2        A1B1     C1        2        0.00     39       0        0.0      0.00       0.00        0.778      0.013      0.13           1          202        0.00     1.11       14.97      2511.1     1394.7     1116.4     0.617     c3:14.78; c2:14.67
197 H1144TS147_3       147     SHT                  0.001    0.001    2        A1B1     C1        2        0.00     64       0        0.0      0.00       0.00        0.719      0.010      0.14           1          202        0.00     1.37       16.19      -874.0     -1565.7    691.7      0.610     c3:14.37; c2:14.41
198 H1144TS441_4       441     OpenFold             0.001    0.001    2        A1B1     C1        2        0.00     15       0        0.0      0.00       0.00        0.803      0.013      0.09           1          202        0.00     0.62       15.93      2088.6     694.9      1393.7     0.627     c3:13.29; c2:13.45
199 H1144TS433_4       433     OpenFold-SingleSeq   0.001    0.001    2        A1B1     C1        2        0.00     15       0        0.0      0.00       0.00        0.803      0.013      0.09           1          202        0.00     0.62       15.93      2088.6     694.9      1393.7     0.627     c3:13.29; c2:13.45
200 H1144TS185_1       185     BAKER                0.001    0.001    2        A1B1     C1        2        0.00     41       0        0.0      0.00       0.00        0.808      0.015      0.12           1          202        0.00     0.46       14.04      1744.6     753.9      990.7      0.631     c3:14.04; c2:13.41
201 H1144TS071_5       071s    RaptorX-Multimer     0.001    0.001    2        A1B1     C1        2        0.00     67       3        0.0      0.00       0.00        0.776      0.014      0.14           1          202        0.00     0.84       16.00      1487.7     613.9      873.7      0.625     c3:13.51; c2:13.66
202 H1144TS054_4       054     UltraFold            0.000    0.000    2        A1B1     C1        2        0.00     43       1        0.0      0.00       0.00        0.828      0.012      0.14           1          202        0.00     0.38       16.95      1932.1     666.6      1265.4     0.629     c3:13.75; c2:14.47
203 H1144TS158_3       158s    MULTICOM_deep        0.000    0.000    2        A1B1     C1        2        0.00     56       0        0.0      0.00       0.00        0.824      0.009      0.16           1          202        0.00     0.37       17.57      1384.9     558.4      826.6      0.627     c3:14.01; c2:14.71
204 H1144TS133_2       133s    ShanghaiTech-TS-SER  0.000    0.000    2        A1B1     C1        2        0.00     45       0        0.0      0.00       0.00        0.822      0.009      0.13           1          202        0.00     0.39       17.81      1532.6     519.5      1013.1     0.627     c3:14.18; c2:14.44
205 H1144TS350_2       350     ClusPro              0.000    0.000    2        A1B1     C1        2        0.00     36       0        0.0      0.00       0.00        0.820      0.013      0.17           1          202        0.00     0.42       16.14      1336.1     428.1      908.0      0.629     c3:13.96; c2:14.38
206 H1144TS441_3       441     OpenFold             0.000    0.000    2        A1B1     C1        2        0.00     9        0        0.0      0.00       0.00        0.797      0.011      0.13           1          202        0.00     0.58       17.25      2919.4     958.9      1960.5     0.626     c3:14.27; c2:13.96
207 H1144TS248_2       248     Manifold             0.000    0.000    2        A1B1     C1        2        0.00     46       0        0.0      0.00       0.00        0.796      0.009      0.14           1          202        0.00     0.85       18.10      2409.1     1183.4     1225.6     0.623     c3:13.99; c2:14.44
208 H1144TS312_2       312     Fernandez-Recio      0.000    0.000    2        A1B1     C1        2        0.00     36       0        0.0      0.00       0.00        0.807      0.009      0.14           1          202        0.00     0.39       17.20      1621.1     752.3      868.8      0.626     c3:13.21; c2:14.08
209 H1144TS227_5       227     GinobiFold           0.000    0.000    2        A1B1     C1        2        0.00     39       0        0.0      0.00       0.00        0.825      0.009      0.15           1          202        0.00     0.36       17.95      1748.6     684.0      1064.6     0.627     c3:14.28; c2:14.41
210 H1144TS215_1       215s    XRC_VU               0.000    0.000    2        A1B1     C1        2        0.00     9        0        0.0      0.00       0.00        0.794      0.008      0.05           1          202        0.00     0.86       20.98      3037.1     1239.7     1797.3     0.620     c3:13.09; c2:13.49
211 H1144TS441_1       441     OpenFold             0.000    0.000    2        A1B1     C1        2        0.00     8        0        0.0      0.00       0.00        0.784      0.008      0.10           1          202        0.00     0.85       18.48      2701.2     1082.0     1619.2     0.619     c3:14.37; c2:14.78
212 H1144TS315_1       315s    Cerebra              0.000    0.000    2        A1B1     C1        2        0.00     454      6        0.0      0.00       0.00        0.336      0.016      0.08           1          202        0.00     4.11       17.17      47.0       -1183.8    1230.8     0.494     c3:17.17; c2:17.89
213 H1144TS433_1       433     OpenFold-SingleSeq   0.000    0.000    2        A1B1     C1        2        0.00     8        0        0.0      0.00       0.00        0.784      0.008      0.10           1          202        0.00     0.85       18.48      2701.2     1082.0     1619.2     0.619     c3:14.37; c2:14.78
214 H1144TS215_2       215s    XRC_VU               0.000    0.000    2        A1B1     C1        2        0.00     18       0        0.0      0.00       0.00        0.796      0.009      0.11           1          202        0.00     0.92       16.97      2535.6     1063.8     1471.8     0.620     c3:13.95; c2:16.00
215 H1144TS320_4       320     Elofsson             0.000    0.000    2        A1B1     C1        2        0.00     50       0        0.0      0.00       0.00        0.829      0.009      0.15           1          202        0.00     0.36       17.66      1502.9     571.8      931.1      0.627     c3:14.40; c2:14.58
216 H1144TS314_1       314     Pierce               0.000    0.000    2        A1B1     C1        2        0.00     52       0        0.0      0.00       0.00        0.745      0.008      0.10           1          202        0.00     1.21       21.61      1755.4     1069.8     685.5      0.610     c3:15.08; c2:15.76
217 H1144TS314_3       314     Pierce               0.000    0.000    2        A1B1     C1        2        0.00     68       0        0.0      0.00       0.00        0.744      0.010      0.08           1          202        0.00     1.11       17.28      1407.7     676.4      731.3      0.614     c3:14.54; c2:16.76
218 H1144TS314_4       314     Pierce               0.000    0.000    2        A1B1     C1        2        0.00     62       0        0.0      0.00       0.00        0.747      0.011      0.15           1          202        0.00     1.13       17.10      1462.4     776.9      685.5      0.613     c3:14.82; c2:15.13
219 H1144TS314_5       314     Pierce               0.000    0.000    2        A1B1     C1        2        0.00     53       0        0.0      0.00       0.00        0.757      0.008      0.09           1          202        0.00     1.12       21.21      1899.3     1104.0     795.3      0.614     c3:15.58; c2:16.56
220 H1144TS333_1       333s    FALCON0              0.000    0.000    2        A1B1     C1        2        0.00     0        0        -        -          -           0.567      0.000      -              1          202        0.00     0.38       -          12800.8    4964.9     7835.9     0.622     c3:75.38; c2:73.78
221 H1144TS333_3       333s    FALCON0              0.000    0.000    2        A1B1     C1        2        0.00     0        0        -        -          -           0.548      0.000      -              1          202        0.00     0.52       -          12835.4    4965.5     7869.9     0.086     c3:75.84; c2:74.95
222 H1144TS333_4       333s    FALCON0              0.000    0.000    2        A1B1     C1        2        0.00     0        0        -        -          -           0.545      0.000      -              1          202        0.00     0.71       -          12798.3    5041.1     7757.1     0.618     c3:76.50; c2:75.29
223 H1144TS333_5       333s    FALCON0              0.000    0.000    2        A1B1     C1        2        0.00     0        0        -        -          -           0.529      0.000      -              1          202        0.00     1.20       -          13003.5    5180.2     7823.3     0.610     c3:77.89; c2:78.00
224 H1144TS348_4       348     Takeda-Shitaka_Lab   0.000    0.000    2        A1B1     C1        2        0.00     56       1        0.0      0.00       0.00        0.815      0.012      0.13           1          202        0.00     0.45       15.99      1711.9     364.5      1347.3     0.629     c3:13.36; c2:14.28
225 H1144TS368_2       368s    FALCON2              0.000    0.000    2        A1B1     C1        2        0.00     0        0        -        -          -           0.553      0.000      -              1          202        0.00     0.50       -          13174.7    5152.0     8022.6     0.086     c3:75.37; c2:74.36
226 H1144TS397_3       397     bio3d                0.000    0.000    2        A1B1     C1        2        0.00     44       0        0.0      0.00       0.00        0.802      0.011      0.12           1          202        0.00     1.08       16.58      1760.8     767.2      993.6      0.621     c3:12.77; c2:15.55
227 H1144TS390_4       390s    NBIS-AF2-multimer    0.000    0.000    2        A1B1     C1        2        0.00     50       0        0.0      0.00       0.00        0.829      0.009      0.15           1          202        0.00     0.36       17.66      1502.9     571.8      931.1      0.627     c3:14.40; c2:14.58
228 H1144TS434_2       434     Coqualia             0.000    0.000    2        A1B1     C1        2        0.00     59       1        0.0      0.00       0.00        0.824      0.009      0.14           1          202        0.00     0.39       17.53      1273.7     512.6      761.1      0.627     c3:14.15; c2:14.66
229 H1144TS433_3       433     OpenFold-SingleSeq   0.000    0.000    2        A1B1     C1        2        0.00     9        0        0.0      0.00       0.00        0.797      0.011      0.13           1          202        0.00     0.58       17.25      2919.4     958.9      1960.5     0.626     c3:14.27; c2:13.96
230 H1144TS494_1       494     Venclovas            0.000    0.000    2        A1B1     C1        2        0.00     73       0        0.0      0.00       0.00        0.780      0.010      0.11           1          202        0.00     1.04       17.41      1153.8     815.0      338.7      0.618     c3:15.82; c2:16.33
231 H1144TS494_3       494     Venclovas            0.000    0.000    2        A1B1     C1        2        0.00     62       0        0.0      0.00       0.00        0.802      0.010      0.20           1          202        0.00     1.09       15.64      1158.1     618.8      539.3      0.619     c3:14.87; c2:15.20
232 H1144TS052_1       052     Gonglab-THU          0.000    0.000    2        A1B1     C1        2        0.00     454      6        0.0      0.00       0.00        0.336      0.016      0.08           1          202        0.00     4.11       17.17      47.0       -1183.8    1230.8     0.494     c3:17.17; c2:17.89
233 H1144TS086_3       086s    MULTICOM_qa          0.000    0.000    2        A1B1     C1        2        0.00     56       0        0.0      0.00       0.00        0.824      0.009      0.16           1          202        0.00     0.37       17.59      1456.6     598.8      857.9      0.627     c3:14.05; c2:14.71
234 H1144TS003_3       003     MULTICOM_human       0.000    0.000    2        A1B1     C1        2        0.00     56       0        0.0      0.00       0.00        0.824      0.009      0.16           1          202        0.00     0.37       17.57      1384.9     558.4      826.6      0.627     c3:14.01; c2:14.71
235 H1144TS119_4       119     Kiharalab            0.000    0.000    2        A1B1     C1        2        0.00     25       0        0.0      0.00       0.00        0.821      0.008      0.08           1          202        0.00     0.39       20.63      2102.5     782.7      1319.8     0.627     c3:13.33; c2:14.29
236 H1144TS165_3       165     FTBiot0119           0.000    0.000    2        A1B1     C1        2        0.00     79       3        0.0      0.00       0.00        0.739      0.008      0.06           1          202        0.00     0.36       20.45      903.7      154.0      749.8      0.627     c3:13.92; c2:15.34
237 H1144TS165_4       165     FTBiot0119           0.000    0.000    2        A1B1     C1        2        0.00     91       2        0.0      0.00       0.00        0.760      0.011      0.15           1          202        0.00     0.55       16.40      844.8      350.1      494.8      0.626     c3:15.62; c2:16.53
238 H1144TS169_2       169     GuijunLab-Human      0.000    0.000    2        A1B1     C1        2        0.00     59       1        0.0      0.00       0.00        0.824      0.009      0.14           1          202        0.00     0.35       17.82      1422.9     516.6      906.3      0.628     c3:14.52; c2:14.79
239 H1144TS169_3       169     GuijunLab-Human      0.000    0.000    2        A1B1     C1        2        0.00     40       1        0.0      0.00       0.00        0.826      0.009      0.13           1          202        0.00     0.41       17.46      1522.2     537.4      984.8      0.627     c3:13.86; c2:14.34
240 H1144TS119_5       119     Kiharalab            0.000    0.000    2        A1B1     C1        2        0.00     54       4        0.0      0.00       0.00        0.822      0.011      0.17           1          202        0.00     0.42       16.05      1565.3     652.5      912.8      0.628     c3:15.03; c2:16.83
241 H1144TS133_5       133s    ShanghaiTech-TS-SER  0.000    0.000    2        A1B1     C1        2        0.00     39       0        0.0      0.00       0.00        0.825      0.009      0.15           1          202        0.00     0.36       17.95      1748.6     684.0      1064.6     0.627     c3:14.28; c2:14.41
242 H1144TS147_1       147     SHT                  0.000    0.000    2        A1B1     C1        2        0.00     43       0        0.0      0.00       0.00        0.708      0.009      0.07           1          202        0.00     1.42       19.31      -611.1     -1581.8    970.7      0.607     c3:14.77; c2:16.41
243 H1144TS165_5       165     FTBiot0119           0.000    0.000    2        A1B1     C1        2        0.00     87       5        0.0      0.00       0.00        0.754      0.008      0.00           1          202        0.00     0.36       23.32      1156.9     314.7      842.2      0.628     c3:14.65; c2:15.45
244 H1144TS205_2       205     Zou                  0.000    0.000    2        A1B1     C1        2        0.00     69       0        0.0      0.00       0.00        0.729      0.015      0.09           1          202        0.00     1.38       18.02      1296.8     -35.8      1332.6     0.609     c3:15.38; c2:15.55
245 H1144TS205_4       205     Zou                  0.000    0.000    2        A1B1     C1        2        0.00     68       0        0.0      0.00       0.00        0.760      0.014      0.14           1          202        0.00     1.13       14.77      1051.0     123.3      927.6      0.617     c3:13.80; c2:12.91
246 H1144TS205_3       205     Zou                  0.000    0.000    2        A1B1     C1        2        0.00     60       0        0.0      0.00       0.00        0.728      0.009      0.15           1          202        0.00     1.13       17.64      1736.6     378.0      1358.6     0.613     c3:14.31; c2:15.25
247 H1144TS215_4       215s    XRC_VU               0.000    0.000    2        A1B1     C1        2        0.00     4        0        0.0      0.00       0.00        0.796      0.008      0.05           1          202        0.00     1.03       17.68      3051.8     1252.2     1799.6     0.616     c3:13.47; c2:15.38
248 H1144TS288_2       288s    DFolding-server      0.000    0.000    2        A1B1     C1        2        0.00     54       1        0.0      0.00       0.00        0.824      0.009      0.15           1          202        0.00     0.33       17.47      1669.4     933.8      735.5      0.628     c3:13.93; c2:14.75
249 H1144TS003_4       003     MULTICOM_human       0.000    0.000    2        A1B1     C1        2        0.00     56       0        0.0      0.00       0.00        0.824      0.009      0.16           1          202        0.00     0.37       17.59      1456.6     598.8      857.9      0.627     c3:14.05; c2:14.71
250 H1144TS035_5       035s    Manifold-E           0.000    0.000    2        A1B1     C1        2        0.00     44       0        0.0      0.00       0.00        0.810      0.009      0.15           1          202        0.00     0.36       17.78      1963.0     1171.5     791.6      0.627     c3:13.77; c2:14.87
251 H1144TS298_4       298s    MUFold               0.000    0.000    2        A1B1     C1        2        0.00     49       0        0.0      0.00       0.00        0.828      0.009      0.16           1          202        0.00     0.40       17.65      1408.9     522.8      886.1      0.627     c3:14.34; c2:14.50
252 H1144TS067_2       067     ESM-single-sequence  0.000    0.000    2        A1B1     C1        2        0.00     24       0        0.0      0.00       0.00        0.722      0.011      0.08           1          202        0.00     1.78       17.76      2930.2     702.3      2227.9     0.597     c3:13.50; c2:13.75
253 H1144TS398_4       398     ChaePred             0.000    0.000    2        A1B1     C1        2        0.00     111      4        0.0      0.00       0.00        0.789      0.011      0.13           1          202        0.00     0.35       18.91      525.0      138.0      387.0      0.629     c3:14.47; c2:13.38
254 H1144TS399_4       399     BeijingAIProtein     0.000    0.000    2        A1B1     C1        2        0.00     43       1        0.0      0.00       0.00        0.828      0.012      0.14           1          202        0.00     0.38       16.95      1932.1     666.6      1265.4     0.629     c3:13.75; c2:14.47
255 H1144TS119_2       119     Kiharalab            0.000    0.000    2        A1B1     C1        2        0.00     36       1        0.0      0.00       0.00        0.822      0.009      0.11           1          202        0.00     0.39       19.56      1834.6     724.4      1110.2     0.627     c3:14.26; c2:13.50
256 H1144TS125_1       125s    UltraFold_Server     0.000    0.000    2        A1B1     C1        2        0.00     62       0        0.0      0.00       0.00        0.820      0.012      0.15           1          202        0.00     0.46       18.19      1428.7     333.2      1095.5     0.629     c3:14.48; c2:14.87
257 H1144TS125_4       125s    UltraFold_Server     0.000    0.000    2        A1B1     C1        2        0.00     43       1        0.0      0.00       0.00        0.828      0.012      0.14           1          202        0.00     0.38       16.95      1932.1     666.6      1265.4     0.629     c3:13.75; c2:14.47
258 H1144TS333_2       333s    FALCON0              0.000    0.000    2        A1B1     C1        2        0.00     0        0        -        -          -           0.553      0.000      -              1          202        0.00     0.50       -          13174.7    5152.0     8022.6     0.086     c3:75.37; c2:74.36
259 H1144TS350_5       350     ClusPro              0.000    0.000    2        A1B1     C1        2        0.00     51       1        0.0      0.00       0.00        0.810      0.009      0.13           1          202        0.00     0.41       18.06      737.5      276.4      461.1      0.627     c3:14.71; c2:14.95
260 H1144TS368_4       368s    FALCON2              0.000    0.000    2        A1B1     C1        2        0.00     0        0        -        -          -           0.545      0.000      -              1          202        0.00     0.71       -          12798.3    5041.1     7757.1     0.618     c3:76.50; c2:75.29
261 H1144TS368_5       368s    FALCON2              0.000    0.000    2        A1B1     C1        2        0.00     0        0        -        -          -           0.529      0.000      -              1          202        0.00     1.20       -          13003.5    5180.2     7823.3     0.610     c3:77.89; c2:78.00
262 H1144TS385_1       385     FoldEver-Hybrid      0.000    0.000    2        A1B1     C1        2        0.00     50       0        0.0      0.00       0.00        0.829      0.009      0.15           1          202        0.00     0.36       17.66      1502.9     571.8      931.1      0.627     c3:14.40; c2:14.58
263 H1144TS037_3       037     Wallner              0.000    0.000    2        A1B1     C1        2        0.00     60       0        0.0      0.00       0.00        0.824      0.009      0.14           1          202        0.00     0.39       17.80      1470.2     458.8      1011.4     0.627     c3:14.02; c2:14.53
264 H1144TS165_1       165     FTBiot0119           0.000    0.000    2        A1B1     C1        2        0.00     83       3        0.0      0.00       0.00        0.739      0.008      0.01           1          202        0.00     0.61       22.21      1262.2     156.4      1105.7     0.625     c3:14.49; c2:15.54
265 H1144TS390_2       390s    NBIS-AF2-multimer    0.000    0.000    2        A1B1     C1        2        0.00     53       1        0.0      0.00       0.00        0.825      0.009      0.14           1          202        0.00     0.35       17.54      1313.9     529.1      784.8      0.628     c3:14.25; c2:14.71
266 H1144TS398_3       398     ChaePred             0.000    0.000    2        A1B1     C1        2        0.00     54       2        0.0      0.00       0.00        0.785      0.009      0.13           1          202        0.00     0.35       16.71      1468.8     572.4      896.4      0.627     c3:14.77; c2:16.45
267 H1144TS399_1       399     BeijingAIProtein     0.000    0.000    2        A1B1     C1        2        0.00     62       0        0.0      0.00       0.00        0.820      0.012      0.15           1          202        0.00     0.46       18.19      1428.7     333.2      1095.5     0.629     c3:14.48; c2:14.87
268 H1144TS423_4       423     trComplex            0.000    0.000    2        A1B1     C1        2        0.00     145      3        0.0      0.00       0.00        0.749      0.010      0.11           1          202        0.00     1.00       16.20      -213.3     -319.1     105.8      0.618     c3:14.42; c2:15.84
269 H1144TS147_4       147     SHT                  0.000    0.000    2        A1B1     C1        2        0.00     46       0        0.0      0.00       0.00        0.709      0.008      0.06           1          202        0.00     1.38       21.78      -859.2     -1731.1    871.9      0.608     c3:13.18; c2:13.86
270 H1144TS423_5       423     trComplex            0.000    0.000    2        A1B1     C1        2        0.00     57       1        0.0      0.00       0.00        0.813      0.009      0.13           1          202        0.00     0.39       18.03      1367.9     310.5      1057.4     0.627     c3:14.57; c2:14.74
271 H1144TS054_1       054     UltraFold            0.000    0.000    2        A1B1     C1        2        0.00     62       0        0.0      0.00       0.00        0.820      0.012      0.15           1          202        0.00     0.46       18.19      1428.7     333.2      1095.5     0.629     c3:14.48; c2:14.87
272 H1144TS067_1       067     ESM-single-sequence  0.000    0.000    2        A1B1     C1        2        0.00     23       0        0.0      0.00       0.00        0.762      0.007      0.12           1          202        0.00     1.30       20.22      2350.5     678.9      1671.7     0.611     c3:13.39; c2:15.33
273 H1144TS444_3       444     CoDock               0.000    0.000    2        A1B1     C1        2        0.00     67       0        0.0      0.00       0.00        0.789      0.009      0.15           1          202        0.00     0.56       17.24      1182.0     749.7      432.3      0.625     c3:14.29; c2:14.68
274 H1144TS444_5       444     CoDock               0.000    0.000    2        A1B1     C1        2        0.00     65       0        0.0      0.00       0.00        0.790      0.009      0.16           1          202        0.00     0.59       16.89      1478.3     761.4      716.9      0.625     c3:13.77; c2:15.47
275 H1144TS011_2       011s    GinobiFold-SER       0.000    0.000    2        A1B1     C1        2        0.00     59       1        0.0      0.00       0.00        0.824      0.009      0.14           1          202        0.00     0.39       17.53      1273.7     512.6      761.1      0.627     c3:14.15; c2:14.66
276 H1144TS035_2       035s    Manifold-E           0.000    0.000    2        A1B1     C1        2        0.00     46       0        0.0      0.00       0.00        0.796      0.009      0.14           1          202        0.00     0.85       18.10      2409.1     1183.4     1225.6     0.623     c3:13.99; c2:14.44
277 H1144TS169_4       169     GuijunLab-Human      0.000    0.000    2        A1B1     C1        2        0.00     73       3        0.0      0.00       0.00        0.827      0.013      0.14           1          202        0.00     0.37       16.97      1185.3     359.0      826.2      0.631     c3:14.03; c2:14.09
278 H1144TS180_5       180     McGuffin             0.000    0.000    2        A1B1     C1        2        0.00     24       0        0.0      0.00       0.00        0.816      0.012      0.11           1          202        0.00     0.63       16.79      2193.1     844.5      1348.5     0.627     c3:13.32; c2:13.70
279 H1144TS185_5       185     BAKER                0.000    0.000    2        A1B1     C1        2        0.00     31       0        0.0      0.00       0.00        0.797      0.015      0.11           1          202        0.00     0.87       15.22      1807.1     908.5      898.7      0.624     c3:13.46; c2:13.75
280 H1144TS187_4       187     TRFold               0.000    0.000    2        A1B1     C1        2        0.00     145      3        0.0      0.00       0.00        0.749      0.010      0.11           1          202        0.00     1.00       16.20      -213.3     -319.1     105.8      0.618     c3:14.42; c2:15.84
281 H1144TS187_5       187     TRFold               0.000    0.000    2        A1B1     C1        2        0.00     57       1        0.0      0.00       0.00        0.813      0.009      0.13           1          202        0.00     0.39       18.03      1367.9     310.5      1057.4     0.627     c3:14.57; c2:14.74
282 H1144TS245_1       245s    FoldEver             0.000    0.000    2        A1B1     C1        2        0.00     50       0        0.0      0.00       0.00        0.829      0.009      0.15           1          202        0.00     0.36       17.66      1502.9     571.8      931.1      0.627     c3:14.40; c2:14.58
283 H1144TS185_2       185     BAKER                0.000    0.000    2        A1B1     C1        2        0.00     23       0        0.0      0.00       0.00        0.784      0.010      0.08           1          202        0.00     0.89       17.19      2299.7     1074.6     1225.1     0.619     c3:13.27; c2:14.03
284 H1144TS086_2       086s    MULTICOM_qa          0.000    0.000    2        A1B1     C1        2        0.00     54       0        0.0      0.00       0.00        0.825      0.009      0.15           1          202        0.00     0.30       17.56      1616.7     594.2      1022.4     0.628     c3:14.06; c2:14.82
285 H1144TS086_5       086s    MULTICOM_qa          0.000    0.000    2        A1B1     C1        2        0.00     56       0        0.0      0.00       0.00        0.824      0.009      0.16           1          202        0.00     0.37       17.57      1384.9     558.4      826.6      0.627     c3:14.01; c2:14.71
286 H1144TS091_3       091     UNRES                0.000    0.000    2        A1B1     C1        2        0.00     70       0        0.0      0.00       0.00        0.723      0.009      0.17           1          202        0.00     0.65       17.19      2307.5     1243.7     1063.8     0.624     c3:14.93; c2:15.14
287 H1144TS147_2       147     SHT                  0.000    0.000    2        A1B1     C1        2        0.00     38       0        0.0      0.00       0.00        0.713      0.008      0.10           1          202        0.00     1.37       19.32      -432.7     -1576.7    1143.9     0.609     c3:14.90; c2:16.59
288 H1144TS150_2       150     Grudinin             0.000    0.000    2        A1B1     C1        2        0.00     53       1        0.0      0.00       0.00        0.825      0.009      0.14           1          202        0.00     0.35       17.54      1322.3     531.4      791.0      0.628     c3:14.25; c2:14.71
289 H1144TS165_2       165     FTBiot0119           0.000    0.000    2        A1B1     C1        2        0.00     54       2        0.0      0.00       0.00        0.776      0.008      0.09           1          202        0.00     0.38       21.93      1375.9     329.6      1046.3     0.627     c3:13.29; c2:14.44
290 H1144TS180_1       180     McGuffin             0.000    0.000    2        A1B1     C1        2        0.00     48       0        0.0      0.00       0.00        0.815      0.009      0.14           1          202        0.00     0.61       17.90      1546.0     543.7      1002.4     0.624     c3:13.94; c2:14.49
291 H1144TS188_3       188s    GuijunLab-DeepDA     0.000    0.000    2        A1B1     C1        2        0.00     59       1        0.0      0.00       0.00        0.824      0.009      0.14           1          202        0.00     0.35       17.82      1422.9     516.6      906.3      0.628     c3:14.52; c2:14.79
292 H1144TS215_3       215s    XRC_VU               0.000    0.000    2        A1B1     C1        2        0.00     17       0        0.0      0.00       0.00        0.797      0.009      0.12           1          202        0.00     0.90       17.73      2301.3     907.2      1394.2     0.619     c3:14.57; c2:15.12
293 H1144TS227_2       227     GinobiFold           0.000    0.000    2        A1B1     C1        2        0.00     45       0        0.0      0.00       0.00        0.822      0.009      0.13           1          202        0.00     0.39       17.81      1532.6     519.5      1013.1     0.627     c3:14.18; c2:14.44
294 H1144TS312_4       312     Fernandez-Recio      0.000    0.000    2        A1B1     C1        2        0.00     43       0        0.0      0.00       0.00        0.824      0.009      0.10           1          202        0.00     0.38       20.18      1870.5     928.0      942.5      0.627     c3:15.56; c2:16.88
295 H1144TS320_2       320     Elofsson             0.000    0.000    2        A1B1     C1        2        0.00     53       1        0.0      0.00       0.00        0.825      0.009      0.14           1          202        0.00     0.35       17.54      1313.9     529.1      784.8      0.628     c3:14.25; c2:14.71
296 H1144TS350_4       350     ClusPro              0.000    0.000    2        A1B1     C1        2        0.00     13       0        0.0      0.00       0.00        0.810      0.010      0.10           1          202        0.00     0.39       16.99      1877.6     655.5      1222.1     0.628     c3:13.43; c2:14.14
297 H1144TS367_5       367     MULTICOM             0.000    0.000    2        A1B1     C1        2        0.00     54       0        0.0      0.00       0.00        0.825      0.009      0.15           1          202        0.00     0.30       17.56      1616.7     594.2      1022.4     0.628     c3:14.06; c2:14.82
298 H1144TS368_3       368s    FALCON2              0.000    0.000    2        A1B1     C1        2        0.00     0        0        -        -          -           0.548      0.000      -              1          202        0.00     0.52       -          12835.4    4965.5     7869.9     0.086     c3:75.84; c2:74.95
299 H1144TS374_5       374     Zheng                0.000    0.000    2        A1B1     C1        2        0.00     54       0        0.0      0.00       0.00        0.823      0.009      0.15           1          202        0.00     0.38       17.52      1229.3     372.4      856.8      0.627     c3:14.03; c2:14.80
300 H1144TS397_1       397     bio3d                0.000    0.000    2        A1B1     C1        2        0.00     63       3        0.0      0.00       0.00        0.792      0.009      0.11           1          202        0.00     1.08       19.46      1472.5     599.5      873.0      0.619     c3:15.33; c2:16.74
301 H1144TS398_1       398     ChaePred             0.000    0.000    2        A1B1     C1        2        0.00     92       1        0.0      0.00       0.00        0.794      0.009      0.21           1          202        0.00     0.36       18.95      1036.6     441.3      595.3      0.628     c3:13.91; c2:15.49
302 H1144TS398_2       398     ChaePred             0.000    0.000    2        A1B1     C1        2        0.00     88       1        0.0      0.00       0.00        0.802      0.010      0.17           1          202        0.00     0.36       15.66      1139.8     366.2      773.6      0.628     c3:15.64; c2:16.19
303 H1144TS433_2       433     OpenFold-SingleSeq   0.000    0.000    2        A1B1     C1        2        0.00     9        0        0.0      0.00       0.00        0.798      0.011      0.07           1          202        0.00     0.61       17.01      2731.9     919.1      1812.7     0.626     c3:13.27; c2:13.68
304 H1144TS441_2       441     OpenFold             0.000    0.000    2        A1B1     C1        2        0.00     9        0        0.0      0.00       0.00        0.798      0.011      0.07           1          202        0.00     0.61       17.01      2731.9     919.1      1812.7     0.626     c3:13.27; c2:13.68
305 H1144TS493_3       493     Shen-CAPRI           0.000    0.000    2        A1B1     C1        2        0.00     57       0        0.0      0.00       0.00        0.754      0.011      0.18           1          202        0.00     1.11       17.49      -267.3     -645.8     378.5      0.614     c3:13.80; c2:15.76
306 H1144TS493_5       493     Shen-CAPRI           0.000    0.000    2        A1B1     C1        2        0.00     44       0        0.0      0.00       0.00        0.750      0.008      0.14           1          122        0.00     1.51       19.59      473.5      -406.0     879.5      0.593     c3:14.35; c2:16.08
307 H1144TS073_2       073s    DFolding-refine      0.000    0.000    2        A1B1     C1        2        0.00     52       0        0.0      0.00       0.00        0.723      0.009      0.13           1          202        0.00     1.74       18.57      906.8      -750.7     1657.5     0.602     c3:13.61; c2:14.19
308 H1144TS098_3       098s    GuijunLab-Assembly   0.000    0.000    2        A1B1     C1        2        0.00     59       1        0.0      0.00       0.00        0.824      0.009      0.14           1          202        0.00     0.35       17.82      1422.9     516.6      906.3      0.628     c3:14.52; c2:14.79
309 H1144TS215_5       215s    XRC_VU               0.000    0.000    2        A1B1     C1        2        0.00     16       0        0.0      0.00       0.00        0.785      0.008      0.08           1          202        0.00     1.02       18.20      3276.7     1473.0     1803.6     0.616     c3:13.72; c2:15.66
310 H1144TS248_5       248     Manifold             0.000    0.000    2        A1B1     C1        2        0.00     44       0        0.0      0.00       0.00        0.810      0.009      0.15           1          202        0.00     0.36       17.78      1963.0     1171.5     791.6      0.627     c3:13.77; c2:14.87
311 H1144TS298_5       298s    MUFold               0.000    0.000    2        A1B1     C1        2        0.00     60       0        0.0      0.00       0.00        0.826      0.009      0.14           1          202        0.00     0.40       17.78      1321.3     503.4      817.9      0.627     c3:14.55; c2:14.85
312 H1144TS368_1       368s    FALCON2              0.000    0.000    2        A1B1     C1        2        0.00     0        0        -        -          -           0.567      0.000      -              1          202        0.00     0.38       -          12800.8    4964.9     7835.9     0.622     c3:75.38; c2:73.78
313 H1144TS494_2       494     Venclovas            0.000    0.000    2        A1B1     C1        2        0.00     70       0        0.0      0.00       0.00        0.779      0.010      0.13           1          202        0.00     1.05       16.87      990.2      698.0      292.2      0.618     c3:15.73; c2:16.31