    Model              Gr.Code Group                QSglob   QSbest   Mol.Size Stoich.  Symm.     SymmSize SymmRMSD No.Conts No.Clash F1       Prec.Iface Recal.Iface lDDToligo  DockQ_Avg  Jaccard.Coeff. Align.Size Align.Len  Orient   LocalRMSD  Iface.RMSD SA.total   SA.polar  SA.apolar  TMscore    SymmGr.RMSD
1   H1141TS278_2       278     PEZYFoldings         0.925    0.961    2        A1B1     C1        2        0.00     67       1        79.7     77.50      82.10       0.869      0.865      0.75           2          329        0.02     1.11       0.62       1559.5     944.8      614.8      0.975     c3:14.39; c2:13.49
2   H1141TS374_2       374     Zheng                0.916    0.916    2        A1B1     C1        2        0.00     57       0        80.3     85.00      76.10       0.876      0.765      0.77           2          329        0.03     1.42       1.25       1839.1     987.3      851.8      0.959     c3:14.42; c2:13.49
3   H1141TS374_1       374     Zheng                0.913    0.913    2        A1B1     C1        2        0.00     54       0        79.4     84.70      74.60       0.874      0.735      0.75           2          329        0.04     1.59       1.32       1862.8     986.9      875.9      0.949     c3:14.39; c2:13.49
4   H1141TS288_1       288s    DFolding-server      0.906    0.906    2        A1B1     C1        2        0.00     49       0        68.3     75.00      62.70       0.860      0.687      0.70           2          329        0.04     1.67       1.35       2251.1     1371.9     879.2      0.945     c3:14.37; c2:13.48
5   H1141TS035_1       035s    Manifold-E           0.891    0.891    2        A1B1     C1        2        0.00     46       0        75.0     84.90      67.20       0.864      0.732      0.73           2          329        0.03     1.39       1.32       2112.5     1123.1     989.4      0.960     c3:14.44; c2:13.54
6   H1141TS248_1       248     Manifold             0.891    0.891    2        A1B1     C1        2        0.00     46       0        75.0     84.90      67.20       0.864      0.732      0.73           2          329        0.03     1.39       1.32       2112.5     1123.1     989.4      0.960     c3:14.44; c2:13.54
7   H1141TS477_1       477     DMP                  0.885    0.944    2        A1B1     C1        2        0.00     65       0        76.7     77.30      76.10       0.856      0.830      0.73           2          329        0.02     1.13       0.75       1819.8     1229.4     590.3      0.975     c3:14.42; c2:13.58
8   H1141TS073_1       073s    DFolding-refine      0.879    0.881    2        A1B1     C1        2        0.00     50       0        73.6     79.30      68.70       0.794      0.719      0.79           2          329        0.01     1.58       1.49       1721.2     -84.3      1805.5     0.951     c3:14.66; c2:13.84
9   H1141TS494_1       494     Venclovas            0.868    0.929    2        A1B1     C1        2        0.00     60       0        72.3     74.60      70.10       0.843      0.776      0.69           2          329        0.02     1.53       0.90       1976.3     1251.3     725.0      0.961     c3:14.40; c2:13.54
10  H1141TS037_1       037     Wallner              0.865    0.927    2        A1B1     C1        2        0.00     65       0        75.0     73.90      76.10       0.866      0.827      0.71           2          329        0.03     1.20       0.88       1770.8     1017.8     753.0      0.970     c3:14.39; c2:13.50
11  H1141TS314_3       314     Pierce               0.717    0.717    2        A1B1     C1        2        0.00     59       0        52.7     54.80      50.70       0.795      0.511      0.61           2          329        0.09     2.44       2.63       1494.3     1107.4     387.0      0.900     c3:14.01; c2:13.52
12  H1141TS494_2       494     Venclovas            0.670    0.670    2        A1B1     C1        2        0.00     45       0        56.4     72.10      46.30       0.837      0.395      0.63           2          329        0.18     3.08       2.85       2544.6     1439.8     1104.8     0.847     c3:14.09; c2:13.69
13  H1141TS131_5       131s    Kiharalab_Server     0.452    0.452    2        A1B1     C1        2        0.00     47       1        23.2     28.90      19.40       0.795      0.198      0.47           1          203        0.00     0.95       4.42       2497.5     1208.0     1289.5     0.751     c3:14.44; c2:14.14
14  H1141TS350_4       350     ClusPro              0.235    0.236    2        A1B1     C1        2        0.00     38       0        5.6      7.30       4.50        0.798      0.123      0.35           1          126        0.00     0.55       4.90       1018.2     384.1      634.1      0.720     c3:13.67; c2:14.24
15  H1141TS444_4       444     CoDock               0.226    0.226    2        A1B1     C1        2        0.00     55       0        8.8      10.90      7.50        0.790      0.048      0.53           1          126        0.00     0.76       9.70       2120.2     1313.2     807.0      0.639     c3:14.00; c2:14.19
16  H1141TS091_3       091     UNRES                0.219    0.219    2        A1B1     C1        2        0.00     46       0        13.0     17.10      10.40       0.740      0.059      0.48           1          126        0.00     0.78       10.33      4000.6     2150.1     1850.4     0.646     c3:14.68; c2:14.06
17  H1141TS493_2       493     Shen-CAPRI           0.208    0.226    2        A1B1     C1        2        0.00     46       0        7.5      10.00      6.00        0.780      0.067      0.23           1          126        0.00     0.94       6.80       973.2      -28.5      1001.7     0.665     c3:13.82; c2:13.59
18  H1141TS205_5       205     Zou                  0.201    0.202    2        A1B1     C1        2        0.00     37       0        10.3     12.00      9.00        0.750      0.087      0.38           1          126        0.00     0.98       7.96       2003.8     631.9      1371.8     0.657     c3:13.64; c2:14.33
19  H1141TS215_4       215s    XRC_VU               0.197    0.197    2        A1B1     C1        2        0.00     8        0        5.3      25.00      3.00        0.775      0.127      0.18           1          203        0.00     1.01       8.47       3536.9     1677.0     1859.8     0.755     c3:14.97; c2:14.11
20  H1141TS314_2       314     Pierce               0.196    0.196    2        A1B1     C1        2        0.00     61       0        9.8      10.90      9.00        0.734      0.053      0.50           1          126        0.00     1.01       10.44      1693.1     1152.8     540.2      0.635     c3:13.84; c2:14.36
21  H1141TS350_2       350     ClusPro              0.186    0.186    2        A1B1     C1        2        0.00     38       0        8.0      12.10      6.00        0.807      0.038      0.42           1          126        0.00     0.53       11.76      1865.4     889.0      976.5      0.642     c3:14.63; c2:14.15
22  H1141TS150_5       150     Grudinin             0.177    0.177    2        A1B1     C1        2        0.00     39       1        8.8      10.90      7.50        0.812      0.100      0.30           1          126        0.00     0.63       8.44       2144.8     1136.7     1008.2     0.687     c3:14.06; c2:13.57
23  H1141TS312_1       312     Fernandez-Recio      0.173    0.173    2        A1B1     C1        2        0.00     36       0        7.6      10.50      6.00        0.813      0.083      0.32           1          126        0.00     0.63       8.17       2071.4     1190.0     881.4      0.681     c3:14.87; c2:15.02
24  H1141TS091_2       091     UNRES                0.172    0.172    2        A1B1     C1        2        0.00     41       0        8.0      12.10      6.00        0.752      0.040      0.56           1          126        0.00     0.89       11.47      3784.3     1941.2     1843.1     0.641     c3:14.24; c2:14.42
25  H1141TS320_5       320     Elofsson             0.168    0.168    2        A1B1     C1        2        0.00     34       0        5.9      8.80       4.50        0.817      0.031      0.32           1          126        0.00     0.52       12.15      2518.2     1146.5     1371.6     0.638     c3:14.51; c2:14.25
26  H1141TS390_5       390s    NBIS-AF2-multimer    0.168    0.168    2        A1B1     C1        2        0.00     34       0        5.9      8.80       4.50        0.817      0.031      0.32           1          126        0.00     0.52       12.15      2518.2     1146.5     1371.6     0.638     c3:14.51; c2:14.25
27  H1141TS150_3       150     Grudinin             0.168    0.168    2        A1B1     C1        2        0.00     34       0        5.9      8.80       4.50        0.817      0.031      0.32           1          126        0.00     0.52       12.15      2492.7     1145.9     1346.8     0.638     c3:14.51; c2:14.25
28  H1141TS493_3       493     Shen-CAPRI           0.167    0.167    2        A1B1     C1        2        0.00     59       0        12.1     12.30      11.90       0.786      0.096      0.38           1          126        0.00     1.04       8.56       431.4      -287.0     718.3      0.676     c3:13.48; c2:14.16
29  H1141TS298_3       298s    MUFold               0.163    0.163    2        A1B1     C1        2        0.00     32       0        6.2      10.30      4.50        0.816      0.032      0.30           1          126        0.00     0.53       11.86      2740.9     1341.5     1399.3     0.639     c3:14.63; c2:14.16
30  H1141TS461_2       461     colabfold_human      0.162    0.162    2        A1B1     C1        2        0.00     36       0        7.8      11.10      6.00        0.808      0.077      0.32           1          126        0.00     0.63       8.22       2626.8     1342.3     1284.5     0.676     c3:13.58; c2:14.18
31  H1141TS446_2       446s    ColabFold            0.162    0.162    2        A1B1     C1        2        0.00     36       0        7.8      11.10      6.00        0.808      0.077      0.32           1          126        0.00     0.63       8.22       2626.8     1342.3     1284.5     0.676     c3:13.58; c2:14.18
32  H1141TS225_1       225     ShanghaiTech         0.161    0.162    2        A1B1     C1        2        0.00     38       0        6.1      9.40       4.50        0.811      0.074      0.23           1          126        0.00     0.69       8.16       2181.7     1114.5     1067.2     0.676     c3:13.71; c2:13.77
33  H1141TS360_2       360     MUFold_H             0.161    0.161    2        A1B1     C1        2        0.00     30       0        8.2      12.90      6.00        0.812      0.087      0.31           1          126        0.00     0.64       8.23       2426.7     1202.9     1223.8     0.683     c3:13.71; c2:14.00
34  H1141TS119_5       119     Kiharalab            0.160    0.160    2        A1B1     C1        2        0.00     40       1        3.8      5.40       3.00        0.789      0.028      0.38           1          203        0.00     0.90       10.99      2593.3     1162.1     1431.2     0.632     c3:14.07; c2:14.91
35  H1141TS188_4       188s    GuijunLab-DeepDA     0.160    0.160    2        A1B1     C1        2        0.00     32       0        7.8      11.10      6.00        0.813      0.078      0.33           1          126        0.00     0.65       8.41       2382.4     1133.8     1248.6     0.679     c3:13.64; c2:14.09
36  H1141TS035_4       035s    Manifold-E           0.159    0.159    2        A1B1     C1        2        0.00     26       0        8.5      14.80      6.00        0.807      0.078      0.30           1          126        0.00     0.61       8.17       2824.0     1584.8     1239.2     0.678     c3:13.61; c2:14.19
37  H1141TS248_4       248     Manifold             0.159    0.159    2        A1B1     C1        2        0.00     26       0        8.5      14.80      6.00        0.807      0.078      0.30           1          126        0.00     0.61       8.17       2824.0     1584.8     1239.2     0.678     c3:13.61; c2:14.19
38  H1141TS314_1       314     Pierce               0.158    0.158    2        A1B1     C1        2        0.00     56       1        8.8      10.90      7.50        0.746      0.079      0.42           1          126        0.00     1.06       6.91       1533.5     1158.6     374.9      0.619     c3:13.52; c2:13.75
39  H1141TS185_1       185     BAKER                0.158    0.159    2        A1B1     C1        2        0.00     37       0        7.7      10.80      6.00        0.808      0.080      0.29           1          126        0.00     0.75       8.10       2103.2     1193.2     910.0      0.675     c3:13.69; c2:14.36
40  H1141TS433_1       433     OpenFold-SingleSeq   0.157    0.158    2        A1B1     C1        2        0.00     15       0        4.3      7.70       3.00        0.790      0.072      0.20           1          126        0.00     0.66       10.08      2250.4     1304.2     946.2      0.676     c3:13.74; c2:13.82
41  H1141TS439_3       439     Yang                 0.157    0.157    2        A1B1     C1        2        0.00     32       0        6.2      10.30      4.50        0.783      0.071      0.27           1          126        0.00     0.64       8.29       2808.5     809.9      1998.6     0.673     c3:13.58; c2:14.20
42  H1141TS441_1       441     OpenFold             0.157    0.158    2        A1B1     C1        2        0.00     15       0        4.3      7.70       3.00        0.790      0.072      0.20           1          126        0.00     0.66       10.08      2250.4     1304.2     946.2      0.676     c3:13.74; c2:13.82
43  H1141TS180_4       180     McGuffin             0.156    0.156    2        A1B1     C1        2        0.00     31       0        7.8      11.40      6.00        0.808      0.077      0.31           1          126        0.00     0.63       8.33       2370.3     1209.4     1160.9     0.677     c3:13.61; c2:14.16
44  H1141TS441_2       441     OpenFold             0.156    0.157    2        A1B1     C1        2        0.00     17       0        6.3      10.70      4.50        0.790      0.077      0.22           1          126        0.00     0.65       10.08      2207.8     1180.0     1027.8     0.675     c3:13.77; c2:13.84
45  H1141TS360_5       360     MUFold_H             0.156    0.156    2        A1B1     C1        2        0.00     33       0        8.2      13.30      6.00        0.815      0.081      0.32           1          126        0.00     0.61       8.22       2444.3     1127.3     1317.0     0.681     c3:13.71; c2:14.00
46  H1141TS433_2       433     OpenFold-SingleSeq   0.156    0.157    2        A1B1     C1        2        0.00     17       0        6.3      10.70      4.50        0.790      0.077      0.22           1          126        0.00     0.65       10.08      2207.8     1180.0     1027.8     0.675     c3:13.77; c2:13.84
47  H1141TS188_5       188s    GuijunLab-DeepDA     0.155    0.155    2        A1B1     C1        2        0.00     28       0        8.2      13.30      6.00        0.813      0.078      0.28           1          126        0.00     0.65       8.27       2454.6     1115.7     1338.9     0.678     c3:13.66; c2:14.17
48  H1141TS011_2       011s    GinobiFold-SER       0.155    0.155    2        A1B1     C1        2        0.00     30       0        4.0      6.10       3.00        0.816      0.026      0.32           1          126        0.00     0.51       12.01      2642.7     1301.8     1340.8     0.636     c3:14.52; c2:14.17
49  H1141TS398_5       398     ChaePred             0.155    0.155    2        A1B1     C1        2        0.00     62       2        1.6      1.70       1.50        0.787      0.047      0.26           1          126        0.00     0.65       7.42       1590.8     846.8      744.0      0.663     c3:14.40; c2:13.56
50  H1141TS434_2       434     Coqualia             0.155    0.155    2        A1B1     C1        2        0.00     30       0        4.0      6.10       3.00        0.816      0.026      0.32           1          126        0.00     0.51       12.01      2642.7     1301.8     1340.8     0.636     c3:14.52; c2:14.17
51  H1141TS434_5       434     Coqualia             0.154    0.154    2        A1B1     C1        2        0.00     32       0        8.2      13.30      6.00        0.815      0.077      0.32           1          126        0.00     0.63       8.33       2411.8     1154.7     1257.2     0.677     c3:13.62; c2:14.17
52  H1141TS227_5       227     GinobiFold           0.154    0.154    2        A1B1     C1        2        0.00     32       0        8.2      13.30      6.00        0.815      0.077      0.32           1          126        0.00     0.63       8.33       2411.8     1154.7     1257.2     0.677     c3:13.62; c2:14.17
53  H1141TS011_5       011s    GinobiFold-SER       0.154    0.154    2        A1B1     C1        2        0.00     32       0        8.2      13.30      6.00        0.815      0.077      0.32           1          126        0.00     0.63       8.33       2411.8     1154.7     1257.2     0.677     c3:13.62; c2:14.17
54  H1141TS239_2       239s    Yang-Multimer        0.151    0.151    2        A1B1     C1        2        0.00     34       0        5.9      8.80       4.50        0.805      0.075      0.31           1          126        0.00     0.65       8.29       2748.5     1438.3     1310.2     0.673     c3:13.59; c2:14.21
55  H1141TS390_4       390s    NBIS-AF2-multimer    0.150    0.150    2        A1B1     C1        2        0.00     28       0        8.6      15.40      6.00        0.814      0.075      0.29           1          126        0.00     0.65       8.33       2594.1     1230.7     1363.5     0.675     c3:13.62; c2:14.22
56  H1141TS165_5       165     FTBiot0119           0.150    0.155    2        A1B1     C1        2        0.00     77       0        7.9      7.10       9.00        0.707      0.063      0.24           1          203        0.00     1.04       9.67       655.2      67.8       587.5      0.646     c3:13.70; c2:13.57
57  H1141TS320_4       320     Elofsson             0.150    0.150    2        A1B1     C1        2        0.00     28       0        8.6      15.40      6.00        0.814      0.075      0.29           1          126        0.00     0.65       8.33       2594.1     1230.7     1363.5     0.675     c3:13.62; c2:14.22
58  H1141TS133_3       133s    ShanghaiTech-TS-SER  0.149    0.149    2        A1B1     C1        2        0.00     25       0        8.4      14.30      6.00        0.814      0.077      0.28           1          126        0.00     0.61       8.30       2597.8     1187.9     1409.9     0.676     c3:13.67; c2:14.16
59  H1141TS227_3       227     GinobiFold           0.149    0.149    2        A1B1     C1        2        0.00     25       0        8.4      14.30      6.00        0.814      0.077      0.28           1          126        0.00     0.61       8.30       2597.8     1187.9     1409.9     0.676     c3:13.67; c2:14.16
60  H1141TS314_5       314     Pierce               0.148    0.148    2        A1B1     C1        2        0.00     48       0        3.5      4.30       3.00        0.798      0.024      0.39           1          203        0.00     0.93       11.98      2362.1     1209.1     1153.0     0.628     c3:14.16; c2:15.35
61  H1141TS035_5       035s    Manifold-E           0.148    0.148    2        A1B1     C1        2        0.00     24       0        4.2      6.90       3.00        0.808      0.025      0.30           1          126        0.00     0.53       12.62      2925.0     1682.2     1242.7     0.635     c3:14.54; c2:14.29
62  H1141TS248_5       248     Manifold             0.148    0.148    2        A1B1     C1        2        0.00     24       0        4.2      6.90       3.00        0.808      0.025      0.30           1          126        0.00     0.53       12.62      2925.0     1682.2     1242.7     0.635     c3:14.54; c2:14.29
63  H1141TS298_4       298s    MUFold               0.147    0.147    2        A1B1     C1        2        0.00     26       0        8.6      15.40      6.00        0.814      0.076      0.29           1          126        0.00     0.62       8.33       2582.2     1238.0     1344.1     0.674     c3:13.60; c2:14.16
64  H1141TS320_2       320     Elofsson             0.146    0.146    2        A1B1     C1        2        0.00     26       0        8.5      14.80      6.00        0.814      0.076      0.29           1          126        0.00     0.61       8.39       2641.7     1270.9     1370.7     0.674     c3:13.61; c2:14.17
65  H1141TS119_1       119     Kiharalab            0.146    0.146    2        A1B1     C1        2        0.00     42       0        5.3      6.50       4.50        0.790      0.033      0.40           1          203        0.00     0.88       10.89      2556.0     1126.9     1429.1     0.631     c3:14.45; c2:14.57
66  H1141TS390_2       390s    NBIS-AF2-multimer    0.146    0.146    2        A1B1     C1        2        0.00     26       0        8.5      14.80      6.00        0.814      0.076      0.29           1          126        0.00     0.61       8.39       2641.7     1270.9     1370.7     0.674     c3:13.61; c2:14.17
67  H1141TS360_1       360     MUFold_H             0.145    0.145    2        A1B1     C1        2        0.00     27       0        8.3      13.80      6.00        0.814      0.077      0.30           1          126        0.00     0.65       8.35       2557.8     1187.7     1370.1     0.675     c3:13.62; c2:14.12
68  H1141TS439_2       439     Yang                 0.145    0.145    2        A1B1     C1        2        0.00     30       0        4.0      6.10       3.00        0.778      0.071      0.31           1          126        0.00     0.64       8.40       2597.6     522.5      2075.1     0.673     c3:13.60; c2:14.16
69  H1141TS185_3       185     BAKER                0.145    0.150    2        A1B1     C1        2        0.00     18       0        2.4      6.70       1.50        0.777      0.071      0.17           1          203        0.00     0.98       8.08       2801.5     1525.5     1276.0     0.672     c3:14.95; c2:14.15
70  H1141TS367_4       367     MULTICOM             0.143    0.143    2        A1B1     C1        2        0.00     28       0        8.4      14.30      6.00        0.815      0.076      0.28           1          126        0.00     0.61       8.39       2584.4     1170.1     1414.3     0.675     c3:13.63; c2:14.15
71  H1141TS071_1       071s    RaptorX-Multimer     0.143    0.143    2        A1B1     C1        2        0.00     26       0        5.9      8.80       4.50        0.796      0.077      0.32           1          126        0.00     0.54       8.63       2469.2     1279.2     1190.0     0.675     c3:13.61; c2:14.11
72  H1141TS125_4       125s    UltraFold_Server     0.142    0.143    2        A1B1     C1        2        0.00     26       0        6.2      10.00      4.50        0.815      0.073      0.27           1          126        0.00     0.57       8.40       2604.1     1218.5     1385.6     0.671     c3:13.61; c2:14.29
73  H1141TS054_4       054     UltraFold            0.142    0.143    2        A1B1     C1        2        0.00     26       0        6.2      10.00      4.50        0.815      0.073      0.27           1          126        0.00     0.57       8.40       2604.1     1218.5     1385.6     0.671     c3:13.61; c2:14.29
74  H1141TS367_1       367     MULTICOM             0.142    0.142    2        A1B1     C1        2        0.00     28       0        8.4      14.30      6.00        0.815      0.075      0.28           1          126        0.00     0.61       8.40       2588.0     1208.0     1380.0     0.675     c3:13.64; c2:14.22
75  H1141TS399_4       399     BeijingAIProtein     0.142    0.143    2        A1B1     C1        2        0.00     26       0        6.2      10.00      4.50        0.815      0.073      0.27           1          126        0.00     0.57       8.40       2604.1     1218.5     1385.6     0.671     c3:13.61; c2:14.29
76  H1141TS133_2       133s    ShanghaiTech-TS-SER  0.141    0.141    2        A1B1     C1        2        0.00     26       0        8.7      16.00      6.00        0.814      0.075      0.27           1          126        0.00     0.58       8.45       2768.2     1284.2     1484.0     0.673     c3:13.64; c2:14.21
77  H1141TS227_2       227     GinobiFold           0.141    0.141    2        A1B1     C1        2        0.00     26       0        8.7      16.00      6.00        0.814      0.075      0.27           1          126        0.00     0.58       8.45       2768.2     1284.2     1484.0     0.673     c3:13.64; c2:14.21
78  H1141TS397_5       397     bio3d                0.141    0.146    2        A1B1     C1        2        0.00     79       1        6.6      5.90       7.50        0.769      0.149      0.35           1          203        0.00     1.43       7.68       1308.0     808.3      499.7      0.746     c3:14.14; c2:14.14
79  H1141TS446_1       446s    ColabFold            0.141    0.141    2        A1B1     C1        2        0.00     30       0        5.9      8.60       4.50        0.807      0.074      0.31           1          126        0.00     0.58       8.47       2451.1     1272.6     1178.5     0.672     c3:13.58; c2:14.20
80  H1141TS461_1       461     colabfold_human      0.141    0.141    2        A1B1     C1        2        0.00     30       0        5.9      8.60       4.50        0.807      0.074      0.31           1          126        0.00     0.58       8.47       2451.1     1272.6     1178.5     0.672     c3:13.58; c2:14.20
81  H1141TS133_4       133s    ShanghaiTech-TS-SER  0.140    0.140    2        A1B1     C1        2        0.00     26       0        8.5      14.80      6.00        0.814      0.075      0.30           1          126        0.00     0.61       8.45       2693.3     1276.6     1416.7     0.674     c3:13.62; c2:14.20
82  H1141TS248_3       248     Manifold             0.140    0.140    2        A1B1     C1        2        0.00     25       0        4.1      6.70       3.00        0.809      0.025      0.30           1          126        0.00     0.53       12.50      2752.2     1339.5     1412.7     0.635     c3:14.52; c2:14.26
83  H1141TS035_3       035s    Manifold-E           0.140    0.140    2        A1B1     C1        2        0.00     25       0        4.1      6.70       3.00        0.809      0.025      0.30           1          126        0.00     0.53       12.50      2752.2     1339.5     1412.7     0.635     c3:14.52; c2:14.26
84  H1141TS227_4       227     GinobiFold           0.140    0.140    2        A1B1     C1        2        0.00     26       0        8.5      14.80      6.00        0.814      0.075      0.30           1          126        0.00     0.61       8.45       2693.3     1276.6     1416.7     0.674     c3:13.62; c2:14.20
85  H1141TS188_2       188s    GuijunLab-DeepDA     0.139    0.139    2        A1B1     C1        2        0.00     29       0        6.5      11.50      4.50        0.812      0.071      0.26           1          126        0.00     0.62       8.48       2508.6     1202.9     1305.7     0.674     c3:13.59; c2:14.11
86  H1141TS169_5       169     GuijunLab-Human      0.139    0.139    2        A1B1     C1        2        0.00     29       0        6.5      11.50      4.50        0.812      0.071      0.26           1          126        0.00     0.62       8.48       2508.6     1202.9     1305.7     0.674     c3:13.59; c2:14.11
87  H1141TS169_4       169     GuijunLab-Human      0.139    0.139    2        A1B1     C1        2        0.00     29       0        6.5      11.50      4.50        0.812      0.071      0.26           1          126        0.00     0.62       8.48       2508.6     1202.9     1305.7     0.674     c3:13.59; c2:14.11
88  H1141TS098_1       098s    GuijunLab-Assembly   0.139    0.139    2        A1B1     C1        2        0.00     29       0        6.5      11.50      4.50        0.812      0.071      0.26           1          126        0.00     0.62       8.48       2508.6     1202.9     1305.7     0.674     c3:13.59; c2:14.11
89  H1141TS374_4       374     Zheng                0.139    0.139    2        A1B1     C1        2        0.00     27       0        8.5      14.80      6.00        0.812      0.075      0.28           1          126        0.00     0.63       8.51       2510.7     1073.4     1437.2     0.674     c3:13.59; c2:14.15
90  H1141TS439_4       439     Yang                 0.138    0.138    2        A1B1     C1        2        0.00     30       0        4.0      5.90       3.00        0.784      0.070      0.30           1          126        0.00     0.64       8.49       2816.8     761.4      2055.3     0.673     c3:13.62; c2:14.18
91  H1141TS180_2       180     McGuffin             0.138    0.138    2        A1B1     C1        2        0.00     27       0        6.1      9.70       4.50        0.807      0.074      0.26           1          126        0.00     0.60       8.51       2459.3     1298.8     1160.5     0.672     c3:13.58; c2:14.22
92  H1141TS298_2       298s    MUFold               0.138    0.138    2        A1B1     C1        2        0.00     25       0        6.5      11.50      4.50        0.812      0.070      0.28           1          126        0.00     0.62       8.52       2513.4     1194.4     1319.0     0.674     c3:13.57; c2:14.15
93  H1141TS360_3       360     MUFold_H             0.138    0.138    2        A1B1     C1        2        0.00     25       0        6.5      11.50      4.50        0.812      0.070      0.28           1          126        0.00     0.62       8.52       2513.4     1194.4     1319.0     0.674     c3:13.57; c2:14.15
94  H1141TS350_5       350     ClusPro              0.138    0.138    2        A1B1     C1        2        0.00     46       0        7.0      8.30       6.00        0.788      0.063      0.31           1          126        0.00     0.58       12.30      1286.1     447.7      838.4      0.657     c3:13.94; c2:13.71
95  H1141TS003_2       003     MULTICOM_human       0.137    0.137    2        A1B1     C1        2        0.00     24       0        4.3      7.70       3.00        0.808      0.068      0.23           1          126        0.00     0.61       8.64       2669.5     1306.2     1363.2     0.671     c3:13.56; c2:14.19
96  H1141TS158_4       158s    MULTICOM_deep        0.137    0.137    2        A1B1     C1        2        0.00     25       0        4.3      7.70       3.00        0.809      0.068      0.25           1          126        0.00     0.62       8.67       2601.3     1307.6     1293.7     0.670     c3:13.56; c2:14.19
97  H1141TS003_3       003     MULTICOM_human       0.137    0.137    2        A1B1     C1        2        0.00     25       0        4.3      7.70       3.00        0.809      0.068      0.25           1          126        0.00     0.62       8.67       2601.3     1307.6     1293.7     0.670     c3:13.56; c2:14.19
98  H1141TS158_3       158s    MULTICOM_deep        0.137    0.137    2        A1B1     C1        2        0.00     24       0        4.3      7.70       3.00        0.808      0.068      0.23           1          126        0.00     0.61       8.64       2669.5     1306.2     1363.2     0.671     c3:13.56; c2:14.19
99  H1141TS180_1       180     McGuffin             0.137    0.137    2        A1B1     C1        2        0.00     28       0        6.2      10.00      4.50        0.807      0.074      0.26           1          126        0.00     0.62       8.52       2412.6     1229.6     1182.9     0.671     c3:13.58; c2:14.22
100 H1141TS367_5       367     MULTICOM             0.137    0.137    2        A1B1     C1        2        0.00     26       0        6.5      12.00      4.50        0.811      0.074      0.27           1          126        0.00     0.64       8.53       2885.5     1384.0     1501.5     0.672     c3:13.58; c2:14.19
101 H1141TS086_4       086s    MULTICOM_qa          0.137    0.137    2        A1B1     C1        2        0.00     24       0        4.3      7.70       3.00        0.808      0.068      0.23           1          126        0.00     0.61       8.64       2669.5     1306.2     1363.2     0.671     c3:13.56; c2:14.19
102 H1141TS288_2       288s    DFolding-server      0.137    0.137    2        A1B1     C1        2        0.00     28       0        4.1      6.70       3.00        0.800      0.071      0.31           1          126        0.00     0.59       8.50       2717.5     1542.6     1174.8     0.674     c3:13.57; c2:14.12
103 H1141TS086_3       086s    MULTICOM_qa          0.137    0.137    2        A1B1     C1        2        0.00     25       0        4.3      7.70       3.00        0.809      0.068      0.25           1          126        0.00     0.62       8.67       2601.3     1307.6     1293.7     0.670     c3:13.56; c2:14.19
104 H1141TS188_1       188s    GuijunLab-DeepDA     0.136    0.136    2        A1B1     C1        2        0.00     29       0        6.5      11.50      4.50        0.813      0.071      0.25           1          126        0.00     0.63       8.55       2501.4     1226.8     1274.7     0.675     c3:13.58; c2:14.11
105 H1141TS133_1       133s    ShanghaiTech-TS-SER  0.136    0.136    2        A1B1     C1        2        0.00     26       0        6.4      11.10      4.50        0.813      0.070      0.28           1          126        0.00     0.61       8.57       2545.2     1224.1     1321.2     0.674     c3:13.57; c2:14.12
106 H1141TS098_2       098s    GuijunLab-Assembly   0.136    0.136    2        A1B1     C1        2        0.00     29       0        6.5      11.50      4.50        0.813      0.071      0.25           1          126        0.00     0.63       8.55       2501.4     1226.8     1274.7     0.675     c3:13.58; c2:14.11
107 H1141TS239_3       239s    Yang-Multimer        0.136    0.136    2        A1B1     C1        2        0.00     25       0        4.2      7.10       3.00        0.800      0.068      0.30           1          126        0.00     0.63       8.47       2903.2     1528.2     1375.0     0.668     c3:13.58; c2:14.22
108 H1141TS227_1       227     GinobiFold           0.136    0.136    2        A1B1     C1        2        0.00     26       0        6.4      11.10      4.50        0.813      0.070      0.28           1          126        0.00     0.61       8.57       2545.2     1224.1     1321.2     0.674     c3:13.57; c2:14.12
109 H1141TS071_2       071s    RaptorX-Multimer     0.136    0.136    2        A1B1     C1        2        0.00     24       0        3.9      5.70       3.00        0.797      0.069      0.33           1          126        0.00     0.56       8.74       2432.9     1275.1     1157.8     0.673     c3:13.58; c2:14.18
110 H1141TS367_2       367     MULTICOM             0.135    0.135    2        A1B1     C1        2        0.00     25       0        6.5      12.00      4.50        0.814      0.070      0.26           1          126        0.00     0.59       8.55       2530.3     1193.4     1336.9     0.674     c3:13.57; c2:14.16
111 H1141TS390_1       390s    NBIS-AF2-multimer    0.135    0.135    2        A1B1     C1        2        0.00     27       0        6.4      11.10      4.50        0.813      0.070      0.28           1          126        0.00     0.65       8.61       2474.9     1177.4     1297.5     0.675     c3:13.57; c2:14.15
112 H1141TS320_1       320     Elofsson             0.135    0.135    2        A1B1     C1        2        0.00     27       0        6.4      11.10      4.50        0.813      0.070      0.28           1          126        0.00     0.65       8.61       2474.9     1177.4     1297.5     0.675     c3:13.57; c2:14.15
113 H1141TS298_1       298s    MUFold               0.135    0.135    2        A1B1     C1        2        0.00     26       0        6.5      11.50      4.50        0.814      0.070      0.28           1          126        0.00     0.62       8.55       2572.4     1221.8     1350.6     0.674     c3:13.58; c2:14.15
114 H1141TS150_1       150     Grudinin             0.135    0.135    2        A1B1     C1        2        0.00     27       0        6.4      11.10      4.50        0.813      0.070      0.28           1          126        0.00     0.65       8.61       2474.9     1177.4     1297.5     0.675     c3:13.57; c2:14.15
115 H1141TS360_4       360     MUFold_H             0.135    0.135    2        A1B1     C1        2        0.00     26       0        6.5      11.50      4.50        0.814      0.070      0.28           1          126        0.00     0.62       8.55       2572.4     1221.8     1350.6     0.674     c3:13.58; c2:14.15
116 H1141TS071_5       071s    RaptorX-Multimer     0.135    0.135    2        A1B1     C1        2        0.00     28       0        4.1      6.70       3.00        0.798      0.074      0.28           1          126        0.00     0.54       8.57       2666.6     1391.8     1274.8     0.675     c3:13.70; c2:14.06
117 H1141TS398_3       398     ChaePred             0.135    0.135    2        A1B1     C1        2        0.00     88       5        8.8      7.50       10.40       0.769      0.057      0.28           1          126        0.00     0.52       9.05       1690.4     783.8      906.6      0.647     c3:14.02; c2:15.70
118 H1141TS165_2       165     FTBiot0119           0.135    0.135    2        A1B1     C1        2        0.00     27       0        6.4      11.10      4.50        0.813      0.070      0.28           1          126        0.00     0.65       8.61       2474.9     1177.4     1297.5     0.675     c3:13.57; c2:14.15
119 H1141TS011_4       011s    GinobiFold-SER       0.135    0.135    2        A1B1     C1        2        0.00     25       0        4.0      5.90       3.00        0.814      0.025      0.31           1          126        0.00     0.52       12.43      2806.7     1380.3     1426.4     0.634     c3:14.49; c2:14.31
120 H1141TS434_4       434     Coqualia             0.135    0.135    2        A1B1     C1        2        0.00     25       0        4.0      5.90       3.00        0.814      0.025      0.31           1          126        0.00     0.52       12.43      2806.7     1380.3     1426.4     0.634     c3:14.49; c2:14.31
121 H1141TS444_3       444     CoDock               0.134    0.134    2        A1B1     C1        2        0.00     29       0        8.2      12.90      6.00        0.788      0.080      0.28           1          126        0.00     0.67       8.63       2562.9     1452.5     1110.4     0.673     c3:13.62; c2:14.20
122 H1141TS225_3       225     ShanghaiTech         0.134    0.134    2        A1B1     C1        2        0.00     122      2        3.7      3.10       4.50        0.777      0.064      0.31           1          203        0.00     0.98       6.94       1293.4     613.8      679.6      0.644     c3:14.40; c2:13.92
123 H1141TS003_4       003     MULTICOM_human       0.133    0.133    2        A1B1     C1        2        0.00     25       0        6.5      12.00      4.50        0.813      0.070      0.26           1          126        0.00     0.60       8.58       2529.7     1199.9     1329.8     0.674     c3:13.57; c2:14.13
124 H1141TS462_2       462s    MultiFOLD            0.132    0.132    2        A1B1     C1        2        0.00     34       0        4.1      6.50       3.00        0.807      0.070      0.29           1          126        0.00     0.64       8.47       2203.8     1075.3     1128.5     0.672     c3:13.60; c2:14.07
125 H1141TS158_2       158s    MULTICOM_deep        0.132    0.132    2        A1B1     C1        2        0.00     24       0        6.5      11.50      4.50        0.811      0.073      0.24           1          126        0.00     0.60       8.60       2926.7     1494.2     1432.4     0.669     c3:13.58; c2:14.24
126 H1141TS239_4       239s    Yang-Multimer        0.132    0.132    2        A1B1     C1        2        0.00     30       0        4.0      6.10       3.00        0.804      0.067      0.31           1          126        0.00     0.61       8.42       2773.9     1557.9     1216.0     0.667     c3:13.51; c2:14.29
127 H1141TS158_1       158s    MULTICOM_deep        0.132    0.132    2        A1B1     C1        2        0.00     23       0        4.3      7.40       3.00        0.811      0.068      0.25           1          126        0.00     0.60       8.61       2894.1     1458.7     1435.4     0.669     c3:13.57; c2:14.23
128 H1141TS086_1       086s    MULTICOM_qa          0.132    0.132    2        A1B1     C1        2        0.00     23       0        4.3      7.40       3.00        0.811      0.068      0.25           1          126        0.00     0.60       8.61       2894.1     1458.7     1435.4     0.669     c3:13.57; c2:14.23
129 H1141TS367_3       367     MULTICOM             0.132    0.132    2        A1B1     C1        2        0.00     26       0        6.5      12.00      4.50        0.813      0.070      0.26           1          126        0.00     0.61       8.54       2491.2     1176.4     1314.8     0.674     c3:13.55; c2:14.14
130 H1141TS086_2       086s    MULTICOM_qa          0.132    0.132    2        A1B1     C1        2        0.00     24       0        6.5      11.50      4.50        0.811      0.073      0.24           1          126        0.00     0.60       8.60       2926.7     1494.2     1432.4     0.669     c3:13.58; c2:14.24
131 H1141TS086_5       086s    MULTICOM_qa          0.132    0.132    2        A1B1     C1        2        0.00     25       0        4.3      7.40       3.00        0.810      0.068      0.25           1          126        0.00     0.60       8.70       2608.3     1262.8     1345.5     0.672     c3:13.56; c2:14.22
132 H1141TS158_5       158s    MULTICOM_deep        0.132    0.132    2        A1B1     C1        2        0.00     25       0        4.3      7.40       3.00        0.810      0.068      0.25           1          126        0.00     0.60       8.70       2608.3     1262.8     1345.5     0.672     c3:13.56; c2:14.22
133 H1141TS003_5       003     MULTICOM_human       0.132    0.132    2        A1B1     C1        2        0.00     25       0        4.3      7.40       3.00        0.810      0.068      0.25           1          126        0.00     0.60       8.70       2608.3     1262.8     1345.5     0.672     c3:13.56; c2:14.22
134 H1141TS003_1       003     MULTICOM_human       0.132    0.132    2        A1B1     C1        2        0.00     23       0        4.3      7.40       3.00        0.811      0.068      0.25           1          126        0.00     0.60       8.61       2894.1     1458.7     1435.4     0.669     c3:13.57; c2:14.23
135 H1141TS239_1       239s    Yang-Multimer        0.131    0.131    2        A1B1     C1        2        0.00     23       0        2.1      3.60       1.50        0.804      0.063      0.25           1          126        0.00     0.63       8.68       2962.2     1522.2     1440.0     0.668     c3:13.51; c2:14.15
136 H1141TS011_3       011s    GinobiFold-SER       0.131    0.131    2        A1B1     C1        2        0.00     23       0        2.0      3.00       1.50        0.814      0.019      0.29           1          126        0.00     0.50       12.44      2694.8     1337.0     1357.8     0.632     c3:14.46; c2:14.29
137 H1141TS225_5       225     ShanghaiTech         0.131    0.132    2        A1B1     C1        2        0.00     44       0        5.0      5.70       4.50        0.808      0.062      0.22           1          126        0.00     0.72       8.17       2185.8     1138.4     1047.4     0.658     c3:13.96; c2:13.78
138 H1141TS434_3       434     Coqualia             0.131    0.131    2        A1B1     C1        2        0.00     23       0        2.0      3.00       1.50        0.814      0.019      0.29           1          126        0.00     0.50       12.44      2694.8     1337.0     1357.8     0.632     c3:14.46; c2:14.29
139 H1141TS071_3       071s    RaptorX-Multimer     0.131    0.131    2        A1B1     C1        2        0.00     23       0        4.2      6.90       3.00        0.797      0.071      0.25           1          126        0.00     0.53       8.71       2487.4     1411.9     1075.5     0.671     c3:13.67; c2:14.19
140 H1141TS439_1       439     Yang                 0.130    0.130    2        A1B1     C1        2        0.00     23       0        2.2      4.20       1.50        0.783      0.063      0.22           1          126        0.00     0.70       8.65       2965.3     754.5      2210.8     0.668     c3:13.53; c2:14.16
141 H1141TS494_5       494     Venclovas            0.129    0.129    2        A1B1     C1        2        0.00     27       0        4.1      6.50       3.00        0.792      0.066      0.27           1          126        0.00     0.56       8.92       2693.3     1493.5     1199.8     0.670     c3:13.64; c2:14.32
142 H1141TS071_4       071s    RaptorX-Multimer     0.129    0.129    2        A1B1     C1        2        0.00     26       0        4.3      8.00       3.00        0.797      0.072      0.25           1          126        0.00     0.55       8.53       2418.5     1347.3     1071.2     0.671     c3:13.64; c2:14.16
143 H1141TS169_3       169     GuijunLab-Human      0.129    0.130    2        A1B1     C1        2        0.00     45       0        5.1      6.00       4.50        0.811      0.061      0.25           1          126        0.00     0.62       8.52       2135.8     1181.8     954.1      0.659     c3:14.56; c2:13.54
144 H1141TS350_1       350     ClusPro              0.127    0.127    2        A1B1     C1        2        0.00     23       0        4.3      8.00       3.00        0.802      0.071      0.26           1          126        0.00     0.63       8.59       1984.8     938.0      1046.8     0.675     c3:13.57; c2:14.13
145 H1141TS493_5       493     Shen-CAPRI           0.127    0.136    2        A1B1     C1        2        0.00     54       0        3.3      3.60       3.00        0.770      0.082      0.27           1          203        0.00     1.00       8.36       931.2      42.2       889.0      0.671     c3:14.20; c2:13.75
146 H1141TS205_1       205     Zou                  0.127    0.127    2        A1B1     C1        2        0.00     48       1        3.3      3.60       3.00        0.807      0.057      0.24           1          126        0.00     0.59       8.66       2161.9     919.0      1243.0     0.653     c3:14.64; c2:13.52
147 H1141TS091_4       091     UNRES                0.126    0.132    2        A1B1     C1        2        0.00     54       0        9.5      13.20      7.50        0.740      0.039      0.44           1          126        0.00     0.72       13.71      3087.6     1789.8     1297.7     0.635     c3:14.55; c2:14.99
148 H1141TS423_1       423     trComplex            0.126    0.126    2        A1B1     C1        2        0.00     23       0        4.3      7.40       3.00        0.808      0.068      0.23           1          126        0.00     0.58       8.68       3000.4     1429.7     1570.7     0.668     c3:13.54; c2:14.19
149 H1141TS187_1       187     TRFold               0.126    0.126    2        A1B1     C1        2        0.00     23       0        4.3      7.40       3.00        0.808      0.068      0.23           1          126        0.00     0.58       8.68       3000.4     1429.7     1570.7     0.668     c3:13.54; c2:14.19
150 H1141TS239_5       239s    Yang-Multimer        0.124    0.124    2        A1B1     C1        2        0.00     27       0        4.2      7.10       3.00        0.794      0.070      0.28           1          126        0.00     0.60       8.49       2948.5     1500.0     1448.5     0.669     c3:13.59; c2:14.17
151 H1141TS312_3       312     Fernandez-Recio      0.124    0.124    2        A1B1     C1        2        0.00     29       1        2.1      3.30       1.50        0.809      0.063      0.30           1          126        0.00     0.68       8.35       2280.1     1271.8     1008.3     0.668     c3:14.76; c2:14.96
152 H1141TS298_5       298s    MUFold               0.124    0.124    2        A1B1     C1        2        0.00     31       0        6.2      10.30      4.50        0.814      0.069      0.27           1          126        0.00     0.64       8.49       2581.2     1206.5     1374.8     0.674     c3:13.63; c2:14.20
153 H1141TS092_1       092     Agemo_mix            0.123    0.123    2        A1B1     C1        2        0.00     54       1        9.4      12.80      7.50        0.756      0.041      0.42           1          29         0.00     9.22       11.96      2289.1     1208.6     1080.4     0.625     c3:15.16; c2:14.47
154 H1141TS091_1       091     UNRES                0.120    0.126    2        A1B1     C1        2        0.00     70       0        10.3     12.00      9.00        0.738      0.045      0.45           1          126        0.00     0.75       13.11      2972.7     1737.5     1235.2     0.637     c3:14.58; c2:15.07
155 H1141TS133_5       133s    ShanghaiTech-TS-SER  0.120    0.120    2        A1B1     C1        2        0.00     27       0        2.0      3.00       1.50        0.813      0.018      0.28           1          126        0.00     0.52       12.75      2685.1     1317.0     1368.1     0.630     c3:14.43; c2:14.45
156 H1141TS312_5       312     Fernandez-Recio      0.120    0.120    2        A1B1     C1        2        0.00     25       0        0.0      0.00       0.00        0.811      0.056      0.26           1          126        0.00     0.63       8.62       2403.9     1320.0     1083.8     0.666     c3:14.74; c2:14.97
157 H1141TS185_4       185     BAKER                0.119    0.119    2        A1B1     C1        2        0.00     51       1        5.5      7.10       4.50        0.789      0.030      0.44           1          203        0.00     1.26       12.11      2284.1     1244.2     1039.8     0.624     c3:14.91; c2:14.44
158 H1141TS234_4       234     Panlab               0.118    0.118    2        A1B1     C1        2        0.00     30       2        7.7      10.80      6.00        0.712      0.057      0.22           1          203        0.00     0.92       10.67      2478.7     1063.1     1415.6     0.656     c3:13.71; c2:13.69
159 H1141TS434_1       434     Coqualia             0.117    0.117    2        A1B1     C1        2        0.00     25       0        2.0      2.90       1.50        0.813      0.018      0.29           1          126        0.00     0.56       13.04      2596.8     1229.2     1367.6     0.631     c3:14.39; c2:14.53
160 H1141TS011_1       011s    GinobiFold-SER       0.117    0.117    2        A1B1     C1        2        0.00     25       0        2.0      2.90       1.50        0.813      0.018      0.29           1          126        0.00     0.56       13.04      2596.8     1229.2     1367.6     0.631     c3:14.39; c2:14.53
161 H1141TS187_2       187     TRFold               0.117    0.123    2        A1B1     C1        2        0.00     59       1        3.3      3.70       3.00        0.791      0.022      0.28           1          203        0.00     1.07       14.09      2329.4     1259.3     1070.0     0.624     c3:14.49; c2:16.01
162 H1141TS423_2       423     trComplex            0.117    0.123    2        A1B1     C1        2        0.00     59       1        3.3      3.70       3.00        0.791      0.022      0.28           1          203        0.00     1.07       14.09      2329.4     1259.3     1070.0     0.624     c3:14.49; c2:16.01
163 H1141TS350_3       350     ClusPro              0.114    0.114    2        A1B1     C1        2        0.00     21       0        2.0      3.20       1.50        0.790      0.058      0.27           1          126        0.00     0.57       8.98       1515.4     637.3      878.1      0.664     c3:13.55; c2:14.31
164 H1141TS439_5       439     Yang                 0.113    0.113    2        A1B1     C1        2        0.00     26       0        2.0      3.00       1.50        0.786      0.019      0.27           1          126        0.00     0.59       12.77      2979.9     853.0      2126.9     0.628     c3:14.33; c2:14.43
165 H1141TS433_3       433     OpenFold-SingleSeq   0.112    0.112    2        A1B1     C1        2        0.00     17       0        0.0      0.00       0.00        0.786      0.026      0.31           1          203        0.00     1.05       10.58      3424.8     1623.8     1801.1     0.639     c3:14.04; c2:14.64
166 H1141TS441_3       441     OpenFold             0.112    0.112    2        A1B1     C1        2        0.00     17       0        0.0      0.00       0.00        0.786      0.026      0.31           1          203        0.00     1.05       10.58      3424.8     1623.8     1801.1     0.639     c3:14.04; c2:14.64
167 H1141TS399_1       399     BeijingAIProtein     0.111    0.111    2        A1B1     C1        2        0.00     43       0        8.1      12.50      6.00        0.812      0.033      0.41           1          126        0.00     0.51       13.01      2617.3     1324.5     1292.8     0.628     c3:14.18; c2:15.15
168 H1141TS054_1       054     UltraFold            0.111    0.111    2        A1B1     C1        2        0.00     43       0        8.1      12.50      6.00        0.812      0.033      0.41           1          126        0.00     0.51       13.01      2617.3     1324.5     1292.8     0.628     c3:14.18; c2:15.15
169 H1141TS125_1       125s    UltraFold_Server     0.111    0.111    2        A1B1     C1        2        0.00     43       0        8.1      12.50      6.00        0.812      0.033      0.41           1          126        0.00     0.51       13.01      2617.3     1324.5     1292.8     0.628     c3:14.18; c2:15.15
170 H1141TS441_4       441     OpenFold             0.110    0.110    2        A1B1     C1        2        0.00     15       0        0.0      0.00       0.00        0.785      0.026      0.31           1          203        0.00     1.04       10.58      3523.2     1761.9     1761.3     0.639     c3:14.02; c2:14.62
171 H1141TS433_4       433     OpenFold-SingleSeq   0.110    0.110    2        A1B1     C1        2        0.00     15       0        0.0      0.00       0.00        0.785      0.026      0.31           1          203        0.00     1.04       10.58      3523.2     1761.9     1761.3     0.639     c3:14.02; c2:14.62
172 H1141TS278_1       278     PEZYFoldings         0.109    0.117    2        A1B1     C1        2        0.00     55       0        3.3      3.80       3.00        0.793      0.022      0.29           1          203        0.00     0.97       13.97      2001.0     1067.6     933.5      0.627     c3:14.47; c2:16.07
173 H1141TS215_3       215s    XRC_VU               0.109    0.109    2        A1B1     C1        2        0.00     15       0        10.4     40.00      6.00        0.777      0.062      0.19           1          203        0.00     1.10       15.86      3240.8     1359.1     1881.7     0.665     c3:14.39; c2:14.08
174 H1141TS187_4       187     TRFold               0.108    0.108    2        A1B1     C1        2        0.00     29       0        2.2      3.80       1.50        0.807      0.062      0.22           1          126        0.00     0.59       8.45       2699.3     1385.5     1313.8     0.667     c3:13.56; c2:14.17
175 H1141TS423_3       423     trComplex            0.108    0.108    2        A1B1     C1        2        0.00     29       0        2.2      3.80       1.50        0.807      0.062      0.22           1          126        0.00     0.59       8.45       2699.3     1385.5     1313.8     0.667     c3:13.56; c2:14.17
176 H1141TS215_5       215s    XRC_VU               0.108    0.108    2        A1B1     C1        2        0.00     11       0        5.1      18.20      3.00        0.772      0.061      0.27           1          203        0.00     1.11       11.96      3449.9     1532.2     1917.7     0.671     c3:14.14; c2:14.15
177 H1141TS399_3       399     BeijingAIProtein     0.107    0.107    2        A1B1     C1        2        0.00     34       1        1.9      2.60       1.50        0.815      0.018      0.27           1          126        0.00     0.52       12.92      2587.6     1317.5     1270.2     0.630     c3:14.44; c2:14.50
178 H1141TS234_3       234     Panlab               0.107    0.107    2        A1B1     C1        2        0.00     30       0        4.1      6.50       3.00        0.722      0.064      0.23           1          203        0.00     0.92       11.34      2602.8     1088.4     1514.4     0.673     c3:13.60; c2:14.01
179 H1141TS125_3       125s    UltraFold_Server     0.107    0.107    2        A1B1     C1        2        0.00     34       1        1.9      2.60       1.50        0.815      0.018      0.27           1          126        0.00     0.52       12.92      2587.6     1317.5     1270.2     0.630     c3:14.44; c2:14.50
180 H1141TS054_3       054     UltraFold            0.107    0.107    2        A1B1     C1        2        0.00     34       1        1.9      2.60       1.50        0.815      0.018      0.27           1          126        0.00     0.52       12.92      2587.6     1317.5     1270.2     0.630     c3:14.44; c2:14.50
181 H1141TS398_1       398     ChaePred             0.107    0.111    2        A1B1     C1        2        0.00     88       1        5.0      4.30       6.00        0.774      0.060      0.36           1          126        0.00     0.61       8.18       1679.2     990.5      688.7      0.635     c3:13.87; c2:13.80
182 H1141TS348_4       348     Takeda-Shitaka_Lab   0.106    0.106    2        A1B1     C1        2        0.00     52       2        3.3      3.80       3.00        0.811      0.047      0.17           1          126        0.00     0.60       9.48       2087.3     1092.3     995.0      0.644     c3:14.55; c2:13.57
183 H1141TS073_2       073s    DFolding-refine      0.106    0.106    2        A1B1     C1        2        0.00     19       0        0.0      0.00       0.00        0.717      0.058      0.19           1          126        0.00     1.47       9.58       2058.0     -187.2     2245.2     0.652     c3:14.14; c2:14.32
184 H1141TS150_4       150     Grudinin             0.106    0.106    2        A1B1     C1        2        0.00     52       2        3.3      3.80       3.00        0.811      0.047      0.17           1          126        0.00     0.60       9.48       2092.0     1124.0     968.0      0.644     c3:14.55; c2:13.57
185 H1141TS205_4       205     Zou                  0.106    0.106    2        A1B1     C1        2        0.00     43       0        1.7      2.10       1.50        0.788      0.016      0.20           1          203        0.00     0.98       12.14      2364.8     861.4      1503.4     0.622     c3:14.48; c2:16.17
186 H1141TS314_4       314     Pierce               0.104    0.104    2        A1B1     C1        2        0.00     74       0        10.5     10.60      10.40       0.743      0.054      0.38           1          126        0.00     1.02       12.48      1185.9     697.8      488.1      0.633     c3:14.33; c2:14.06
187 H1141TS169_2       169     GuijunLab-Human      0.103    0.103    2        A1B1     C1        2        0.00     29       0        2.0      2.90       1.50        0.815      0.018      0.29           1          126        0.00     0.56       12.97      2578.2     1285.9     1292.3     0.630     c3:14.38; c2:14.50
188 H1141TS444_1       444     CoDock               0.101    0.107    2        A1B1     C1        2        0.00     87       0        5.3      4.70       6.00        0.784      0.035      0.40           1          126        0.00     0.78       13.63      1032.7     908.1      124.6      0.629     c3:14.38; c2:15.87
189 H1141TS067_1       067     ESM-single-sequence  0.101    0.109    2        A1B1     C1        2        0.00     30       0        2.0      3.00       1.50        0.733      0.025      0.34           1          203        0.00     1.40       14.18      1492.0     81.9       1410.1     0.626     c3:14.50; c2:14.33
190 H1141TS165_3       165     FTBiot0119           0.098    0.103    2        A1B1     C1        2        0.00     82       1        4.9      4.20       6.00        0.727      0.049      0.22           1          203        0.00     1.04       10.42      693.3      217.7      475.6      0.639     c3:13.64; c2:13.47
191 H1141TS398_2       398     ChaePred             0.098    0.105    2        A1B1     C1        2        0.00     108      5        6.9      5.60       9.00        0.776      0.046      0.37           1          126        0.00     0.66       13.28      1175.1     722.3      452.8      0.636     c3:14.50; c2:16.10
192 H1141TS444_2       444     CoDock               0.095    0.101    2        A1B1     C1        2        0.00     96       0        5.1      4.50       6.00        0.777      0.035      0.41           1          126        0.00     1.00       13.17      1115.7     1000.0     115.7      0.629     c3:14.30; c2:15.75
193 H1141TS348_3       348     Takeda-Shitaka_Lab   0.089    0.089    2        A1B1     C1        2        0.00     43       0        1.8      2.10       1.50        0.792      0.016      0.32           1          203        0.00     0.89       14.66      2655.3     1132.2     1523.1     0.624     c3:14.51; c2:15.53
194 H1141TS215_1       215s    XRC_VU               0.089    0.089    2        A1B1     C1        2        0.00     14       0        2.4      6.20       1.50        0.789      0.036      0.15           1          126        0.00     0.61       8.85       2807.4     1417.6     1389.8     0.631     c3:13.83; c2:14.10
195 H1141TS169_1       169     GuijunLab-Human      0.086    0.104    2        A1B1     C1        2        0.00     71       5        5.4      4.90       6.00        0.768      0.037      0.25           1          203        0.00     0.96       13.07      1954.2     1062.4     891.8      0.625     c3:13.86; c2:14.91
196 H1141TS446_5       446s    ColabFold            0.082    0.082    2        A1B1     C1        2        0.00     47       1        1.7      2.00       1.50        0.803      0.027      0.28           1          126        0.00     0.68       11.22      2506.4     1374.7     1131.7     0.621     c3:14.09; c2:13.98
197 H1141TS461_5       461     colabfold_human      0.082    0.082    2        A1B1     C1        2        0.00     47       1        1.7      2.00       1.50        0.803      0.027      0.28           1          126        0.00     0.68       11.22      2506.4     1374.7     1131.7     0.621     c3:14.09; c2:13.98
198 H1141TS091_5       091     UNRES                0.080    0.080    2        A1B1     C1        2        0.00     42       0        1.9      2.70       1.50        0.737      0.044      0.22           1          126        0.00     0.71       9.71       4056.5     2378.9     1677.6     0.641     c3:14.70; c2:13.61
199 H1141TS215_2       215s    XRC_VU               0.077    0.077    2        A1B1     C1        2        0.00     17       1        4.9      13.30      3.00        0.789      0.048      0.12           1          126        0.00     0.52       10.27      3095.8     1445.8     1650.0     0.645     c3:13.83; c2:14.24
200 H1141TS494_3       494     Venclovas            0.072    0.073    2        A1B1     C1        2        0.00     51       1        1.6      1.80       1.50        0.798      0.032      0.18           1          126        0.00     0.63       10.20      2468.6     1484.8     983.8      0.631     c3:14.23; c2:13.79
201 H1141TS165_1       165     FTBiot0119           0.072    0.072    2        A1B1     C1        2        0.00     87       3        8.6      7.40       10.40       0.687      0.064      0.24           1          203        0.00     1.04       9.70       600.0      -24.0      624.0      0.651     c3:13.45; c2:14.64
202 H1141TS278_5       278     PEZYFoldings         0.071    0.078    2        A1B1     C1        2        0.00     46       0        0.0      0.00       0.00        0.783      0.029      0.27           1          203        0.00     0.94       11.20      1875.2     1212.1     663.1      0.631     c3:14.70; c2:14.21
203 H1141TS348_2       348     Takeda-Shitaka_Lab   0.065    0.069    2        A1B1     C1        2        0.00     44       0        0.0      0.00       0.00        0.801      0.014      0.15           1          126        0.00     0.66       14.57      2010.0     755.7      1254.4     0.620     c3:13.62; c2:14.84
204 H1141TS245_5       245s    FoldEver             0.059    0.059    2        A1B1     C1        2        0.00     80       0        4.2      3.90       4.50        0.786      0.056      0.30           1          203        0.00     1.01       7.92       1629.1     650.1      979.0      0.633     c3:14.45; c2:13.85
205 H1141TS185_2       185     BAKER                0.059    0.063    2        A1B1     C1        2        0.00     37       0        0.0      0.00       0.00        0.773      0.039      0.15           1          203        0.00     0.97       8.52       2279.4     1233.5     1045.9     0.631     c3:14.78; c2:14.25
206 H1141TS234_1       234     Panlab               0.058    0.059    2        A1B1     C1        2        0.00     40       0        1.9      2.60       1.50        0.717      0.054      0.27           1          203        0.00     0.92       10.83      2429.7     948.4      1481.3     0.664     c3:13.53; c2:14.54
207 H1141TS054_2       054     UltraFold            0.057    0.060    2        A1B1     C1        2        0.00     42       1        0.0      0.00       0.00        0.798      0.015      0.23           1          126        0.00     0.66       11.42      2550.5     1214.6     1335.9     0.616     c3:14.53; c2:14.40
208 H1141TS125_2       125s    UltraFold_Server     0.057    0.060    2        A1B1     C1        2        0.00     42       1        0.0      0.00       0.00        0.798      0.015      0.23           1          126        0.00     0.66       11.42      2550.5     1214.6     1335.9     0.616     c3:14.53; c2:14.40
209 H1141TS073_4       073s    DFolding-refine      0.057    0.062    2        A1B1     C1        2        0.00     46       0        1.8      2.10       1.50        0.680      0.017      0.20           1          203        0.00     1.64       14.25      1546.1     -477.8     2023.9     0.596     c3:14.44; c2:15.10
210 H1141TS399_2       399     BeijingAIProtein     0.057    0.060    2        A1B1     C1        2        0.00     42       1        0.0      0.00       0.00        0.798      0.015      0.23           1          126        0.00     0.66       11.42      2550.5     1214.6     1335.9     0.616     c3:14.53; c2:14.40
211 H1141TS185_5       185     BAKER                0.056    0.056    2        A1B1     C1        2        0.00     41       0        3.8      5.10       3.00        0.777      0.056      0.28           1          203        0.00     1.07       10.07      2367.4     1243.8     1123.6     0.654     c3:14.21; c2:14.04
212 H1141TS462_5       462s    MultiFOLD            0.055    0.060    2        A1B1     C1        2        0.00     40       0        0.0      0.00       0.00        0.803      0.014      0.19           1          126        0.00     0.67       11.23      2198.8     1121.9     1076.9     0.615     c3:14.41; c2:14.48
213 H1141TS225_2       225     ShanghaiTech         0.052    0.052    2        A1B1     C1        2        0.00     60       1        1.6      1.80       1.50        0.809      0.022      0.25           1          126        0.00     0.59       10.12      1544.0     804.4      739.6      0.620     c3:14.27; c2:13.87
214 H1141TS073_3       073s    DFolding-refine      0.048    0.049    2        A1B1     C1        2        0.00     37       0        0.0      0.00       0.00        0.684      0.041      0.20           1          203        0.00     1.74       9.40       1606.9     -525.8     2132.8     0.612     c3:14.93; c2:14.52
215 H1141TS067_2       067     ESM-single-sequence  0.048    0.049    2        A1B1     C1        2        0.00     29       0        0.0      0.00       0.00        0.726      0.045      0.16           1          203        0.00     1.72       8.60       3673.9     1566.5     2107.4     0.621     c3:14.32; c2:14.07
216 H1141TS098_4       098s    GuijunLab-Assembly   0.047    0.047    2        A1B1     C1        2        0.00     282      24       2.9      1.80       7.50        0.627      0.039      0.20           1          126        0.00     0.51       11.86      1294.7     696.3      598.4      0.629     c3:15.81; c2:17.40
217 H1141TS423_4       423     trComplex            0.047    0.048    2        A1B1     C1        2        0.00     44       1        0.0      0.00       0.00        0.803      0.024      0.12           1          126        0.00     0.60       10.99      2475.0     1441.7     1033.3     0.625     c3:14.16; c2:13.62
218 H1141TS187_5       187     TRFold               0.047    0.048    2        A1B1     C1        2        0.00     44       1        0.0      0.00       0.00        0.803      0.024      0.12           1          126        0.00     0.60       10.99      2475.0     1441.7     1033.3     0.625     c3:14.16; c2:13.62
219 H1141TS234_5       234     Panlab               0.042    0.042    2        A1B1     C1        2        0.00     21       0        0.0      0.00       0.00        0.724      0.061      0.24           1          203        0.00     0.92       10.54      2825.9     1197.8     1628.1     0.682     c3:14.01; c2:13.94
220 H1141TS288_3       288s    DFolding-server      0.041    0.043    2        A1B1     C1        2        0.00     83       4        0.0      0.00       0.00        0.754      0.035      0.22           1          203        0.00     0.88       8.54       2156.5     1203.9     952.6      0.630     c3:14.64; c2:14.20
221 H1141TS131_3       131s    Kiharalab_Server     0.038    0.040    2        A1B1     C1        2        0.00     61       1        0.0      0.00       0.00        0.783      0.012      0.22           1          203        0.00     0.89       14.14      2116.7     1008.2     1108.5     0.618     c3:14.12; c2:14.95
222 H1141TS398_4       398     ChaePred             0.038    0.041    2        A1B1     C1        2        0.00     78       3        0.0      0.00       0.00        0.778      0.059      0.28           1          126        0.00     0.61       9.77       1289.1     684.3      604.8      0.651     c3:14.19; c2:13.83
223 H1141TS225_4       225     ShanghaiTech         0.034    0.037    2        A1B1     C1        2        0.00     84       3        0.0      0.00       0.00        0.802      0.019      0.21           1          126        0.00     0.91       9.48       1398.5     628.0      770.5      0.620     c3:14.52; c2:13.80
224 H1141TS462_4       462s    MultiFOLD            0.033    0.035    2        A1B1     C1        2        0.00     38       0        0.0      0.00       0.00        0.801      0.013      0.17           1          126        0.00     0.66       11.79      2191.0     1127.3     1063.8     0.614     c3:14.53; c2:14.39
225 H1141TS234_2       234     Panlab               0.030    0.030    2        A1B1     C1        2        0.00     27       0        2.1      3.60       1.50        0.724      0.057      0.22           1          203        0.00     0.92       11.58      2543.9     1002.6     1541.4     0.666     c3:13.83; c2:14.14
226 H1141TS315_1       315s    Cerebra              0.028    0.029    2        A1B1     C1        2        0.00     278      3        1.2      0.80       3.00        0.376      0.038      0.12           1          203        0.00     3.77       10.39      1071.1     -270.7     1341.8     0.543     c3:15.71; c2:15.95
227 H1141TS493_1       493     Shen-CAPRI           0.028    0.028    2        A1B1     C1        2        0.00     44       0        0.0      0.00       0.00        0.755      0.029      0.15           1          126        0.00     1.02       9.67       1009.2     -100.9     1110.2     0.619     c3:14.09; c2:15.59
228 H1141TS052_1       052     Gonglab-THU          0.028    0.029    2        A1B1     C1        2        0.00     278      3        1.2      0.80       3.00        0.376      0.038      0.12           1          203        0.00     3.77       10.39      1071.1     -270.7     1341.8     0.543     c3:15.71; c2:15.95
229 H1141TS097_5       097     Graphen_Medical      0.027    0.027    2        A1B1     C1        2        0.00     66       1        0.0      0.00       0.00        0.803      0.016      0.21           1          126        0.00     0.65       10.54      1430.1     725.1      705.0      0.618     c3:14.32; c2:13.99
230 H1141TS494_4       494     Venclovas            0.027    0.028    2        A1B1     C1        2        0.00     71       1        1.3      1.20       1.50        0.753      0.043      0.25           1          203        0.00     1.44       8.95       1783.4     1440.3     343.1      0.621     c3:14.31; c2:14.32
231 H1141TS288_4       288s    DFolding-server      0.026    0.029    2        A1B1     C1        2        0.00     77       5        0.0      0.00       0.00        0.764      0.012      0.20           1          203        0.00     0.93       14.67      2057.4     1232.6     824.8      0.617     c3:13.96; c2:15.04
232 H1141TS397_3       397     bio3d                0.021    0.021    2        A1B1     C1        2        0.00     43       1        0.0      0.00       0.00        0.758      0.031      0.17           1          203        0.00     1.43       13.02      2068.0     1045.7     1022.3     0.625     c3:14.73; c2:14.60
233 H1141TS462_3       462s    MultiFOLD            0.020    0.021    2        A1B1     C1        2        0.00     38       0        0.0      0.00       0.00        0.801      0.013      0.19           1          126        0.00     0.65       11.69      2143.9     1091.3     1052.5     0.613     c3:14.51; c2:14.24
234 H1141TS446_3       446s    ColabFold            0.020    0.020    2        A1B1     C1        2        0.00     41       0        0.0      0.00       0.00        0.765      0.026      0.27           1          126        0.00     0.86       13.22      1643.7     125.1      1518.6     0.631     c3:13.73; c2:13.63
235 H1141TS461_3       461     colabfold_human      0.020    0.020    2        A1B1     C1        2        0.00     41       0        0.0      0.00       0.00        0.765      0.026      0.27           1          126        0.00     0.86       13.22      1643.7     125.1      1518.6     0.631     c3:13.73; c2:13.63
236 H1141TS397_4       397     bio3d                0.011    0.012    2        A1B1     C1        2        0.00     92       0        0.0      0.00       0.00        0.770      0.012      0.15           1          126        0.00     0.45       11.66      1073.6     661.3      412.3      0.606     c3:14.44; c2:14.37
237 H1141TS374_3       374     Zheng                0.011    0.013    2        A1B1     C1        2        0.00     63       0        0.0      0.00       0.00        0.803      0.012      0.17           1          126        0.00     0.72       11.82      1600.8     595.8      1004.9     0.615     c3:14.49; c2:14.28
238 H1141TS444_5       444     CoDock               0.011    0.012    2        A1B1     C1        2        0.00     52       0        0.0      0.00       0.00        0.785      0.012      0.16           1          126        0.00     0.76       11.90      2180.3     1333.7     846.6      0.613     c3:14.52; c2:14.40
239 H1141TS441_5       441     OpenFold             0.010    0.011    2        A1B1     C1        2        0.00     14       0        0.0      0.00       0.00        0.780      0.014      0.13           1          203        0.00     1.06       11.79      2937.6     1293.1     1644.5     0.615     c3:14.34; c2:14.81
240 H1141TS245_4       245s    FoldEver             0.010    0.010    2        A1B1     C1        2        0.00     111      4        0.0      0.00       0.00        0.784      0.014      0.20           1          126        0.00     0.68       11.19      1081.7     429.7      652.0      0.615     c3:14.54; c2:14.16
241 H1141TS433_5       433     OpenFold-SingleSeq   0.010    0.011    2        A1B1     C1        2        0.00     14       0        0.0      0.00       0.00        0.780      0.014      0.13           1          203        0.00     1.06       11.79      2937.6     1293.1     1644.5     0.615     c3:14.34; c2:14.81
242 H1141TS131_4       131s    Kiharalab_Server     0.009    0.009    2        A1B1     C1        2        0.00     53       2        0.0      0.00       0.00        0.781      0.013      0.16           1          203        0.00     0.87       12.11      2241.4     1002.1     1239.2     0.616     c3:14.47; c2:14.58
243 H1141TS462_1       462s    MultiFOLD            0.007    0.007    2        A1B1     C1        2        0.00     58       0        0.0      0.00       0.00        0.801      0.012      0.15           1          126        0.00     0.64       12.00      1621.5     860.7      760.8      0.613     c3:14.49; c2:14.37
244 H1141TS073_5       073s    DFolding-refine      0.007    0.008    2        A1B1     C1        2        0.00     59       0        0.0      0.00       0.00        0.702      0.015      0.18           1          126        0.00     1.50       10.82      1680.2     -172.1     1852.3     0.594     c3:14.86; c2:14.01
245 H1141TS348_5       348     Takeda-Shitaka_Lab   0.006    0.007    2        A1B1     C1        2        0.00     48       2        0.0      0.00       0.00        0.807      0.021      0.21           1          126        0.00     0.68       11.28      2124.5     965.5      1159.0     0.624     c3:14.17; c2:13.78
246 H1141TS180_5       180     McGuffin             0.006    0.006    2        A1B1     C1        2        0.00     38       0        0.0      0.00       0.00        0.799      0.022      0.19           1          126        0.00     0.68       11.20      2535.4     1416.5     1118.9     0.621     c3:14.10; c2:13.78
247 H1141TS278_3       278     PEZYFoldings         0.006    0.006    2        A1B1     C1        2        0.00     64       0        0.0      0.00       0.00        0.785      0.012      0.14           1          126        0.00     0.70       12.22      1658.7     904.2      754.5      0.606     c3:14.42; c2:14.33
248 H1141TS098_5       098s    GuijunLab-Assembly   0.004    0.004    2        A1B1     C1        2        0.00     277      27       0.0      0.00       0.00        0.597      0.020      0.13           1          126        0.00     0.57       15.28      971.3      602.8      368.5      0.621     c3:14.15; c2:14.14
249 H1141TS390_3       390s    NBIS-AF2-multimer    0.004    0.004    2        A1B1     C1        2        0.00     65       0        0.0      0.00       0.00        0.808      0.012      0.15           1          126        0.00     0.66       12.06      1665.1     747.2      917.8      0.616     c3:14.42; c2:14.34
250 H1141TS320_3       320     Elofsson             0.004    0.004    2        A1B1     C1        2        0.00     65       0        0.0      0.00       0.00        0.808      0.012      0.15           1          126        0.00     0.66       12.06      1665.1     747.2      917.8      0.616     c3:14.42; c2:14.34
251 H1141TS150_2       150     Grudinin             0.004    0.004    2        A1B1     C1        2        0.00     65       0        0.0      0.00       0.00        0.808      0.012      0.15           1          126        0.00     0.66       12.06      1655.9     751.6      904.3      0.616     c3:14.42; c2:14.34
252 H1141TS348_1       348     Takeda-Shitaka_Lab   0.004    0.004    2        A1B1     C1        2        0.00     65       0        0.0      0.00       0.00        0.808      0.012      0.15           1          126        0.00     0.66       12.06      1655.6     698.3      957.2      0.616     c3:14.42; c2:14.34
253 H1141TS312_2       312     Fernandez-Recio      0.003    0.003    2        A1B1     C1        2        0.00     62       1        0.0      0.00       0.00        0.805      0.040      0.34           1          126        0.00     0.63       9.93       1404.5     921.8      482.6      0.632     c3:14.94; c2:15.57
254 H1141TS446_4       446s    ColabFold            0.003    0.004    2        A1B1     C1        2        0.00     65       2        0.0      0.00       0.00        0.803      0.016      0.20           1          126        0.00     0.68       10.51      2029.5     1060.6     968.9      0.615     c3:14.78; c2:13.92
255 H1141TS461_4       461     colabfold_human      0.003    0.004    2        A1B1     C1        2        0.00     65       2        0.0      0.00       0.00        0.803      0.016      0.20           1          126        0.00     0.68       10.51      2029.5     1060.6     968.9      0.615     c3:14.78; c2:13.92
256 H1141TS187_3       187     TRFold               0.003    0.004    2        A1B1     C1        2        0.00     62       2        0.0      0.00       0.00        0.805      0.015      0.16           1          126        0.00     0.72       10.81      2298.9     1247.6     1051.3     0.614     c3:14.71; c2:14.07
257 H1141TS188_3       188s    GuijunLab-DeepDA     0.002    0.002    2        A1B1     C1        2        0.00     62       0        0.0      0.00       0.00        0.807      0.012      0.14           1          126        0.00     0.62       12.25      1830.6     812.1      1018.5     0.615     c3:14.42; c2:14.36
258 H1141TS131_2       131s    Kiharalab_Server     0.002    0.003    2        A1B1     C1        2        0.00     60       1        0.0      0.00       0.00        0.783      0.014      0.16           1          203        0.00     0.86       11.79      2234.1     994.9      1239.3     0.617     c3:14.60; c2:14.58
259 H1141TS288_5       288s    DFolding-server      0.002    0.003    2        A1B1     C1        2        0.00     63       3        0.0      0.00       0.00        0.804      0.015      0.18           1          126        0.00     0.67       11.08      2219.8     1281.3     938.5      0.615     c3:14.79; c2:14.07
260 H1141TS180_3       180     McGuffin             0.002    0.003    2        A1B1     C1        2        0.00     62       1        0.0      0.00       0.00        0.799      0.012      0.15           1          126        0.00     0.65       12.14      1792.8     1027.7     765.0      0.612     c3:14.35; c2:14.31
261 H1141TS147_1       147     SHT                  0.002    0.002    2        A1B1     C1        2        0.00     67       1        0.0      0.00       0.00        0.686      0.017      0.14           1          203        0.00     1.44       12.39      496.7      121.2      375.5      0.609     c3:13.61; c2:13.04
262 H1141TS098_3       098s    GuijunLab-Assembly   0.002    0.002    2        A1B1     C1        2        0.00     62       0        0.0      0.00       0.00        0.807      0.012      0.14           1          126        0.00     0.62       12.25      1830.6     812.1      1018.5     0.615     c3:14.42; c2:14.36
263 H1141TS397_1       397     bio3d                0.001    0.001    2        A1B1     C1        2        0.00     50       1        0.0      0.00       0.00        0.755      0.021      0.19           1          203        0.00     1.43       12.10      1967.1     876.9      1090.2     0.613     c3:14.27; c2:14.74
264 H1141TS131_1       131s    Kiharalab_Server     0.001    0.002    2        A1B1     C1        2        0.00     65       0        0.0      0.00       0.00        0.778      0.011      0.19           1          203        0.00     0.86       12.60      2177.5     915.9      1261.6     0.615     c3:14.64; c2:14.70
265 H1141TS119_3       119     Kiharalab            0.001    0.002    2        A1B1     C1        2        0.00     65       0        0.0      0.00       0.00        0.778      0.011      0.19           1          203        0.00     0.86       12.60      2168.7     864.3      1304.4     0.615     c3:14.64; c2:14.70
266 H1141TS368_2       368s    FALCON2              0.000    0.000    2        A1B1     C1        2        0.00     0        0        -        -          -           0.543      0.000      -              1          203        0.00     1.04       -          13445.4    5444.2     8001.2     0.605     c3:75.76; c2:75.46
267 H1141TS125_5       125s    UltraFold_Server     0.000    0.000    2        A1B1     C1        2        0.00     69       1        0.0      0.00       0.00        0.777      0.010      0.20           1          126        0.00     1.15       17.04      1755.4     612.2      1143.2     0.609     c3:14.24; c2:14.50
268 H1141TS037_3       037     Wallner              0.000    0.000    2        A1B1     C1        2        0.00     67       0        0.0      0.00       0.00        0.782      0.009      0.21           1          126        0.00     0.74       15.10      1923.6     945.9      977.6      0.607     c3:15.06; c2:14.58
269 H1141TS447_5       447     DELCLAB              0.000    0.000    2        A1B1     C1        2        0.00     66       0        0.0      0.00       0.00        0.736      0.009      0.02           1          203        0.00     1.13       18.78      522.9      -776.5     1299.4     0.607     c3:15.71; c2:16.16
270 H1141TS385_1       385     FoldEver-Hybrid      0.000    0.000    2        A1B1     C1        2        0.00     58       0        0.0      0.00       0.00        0.802      0.009      0.22           1          126        0.00     0.58       15.32      1997.0     932.6      1064.4     0.612     c3:15.39; c2:14.56
271 H1141TS447_3       447     DELCLAB              0.000    0.000    2        A1B1     C1        2        0.00     70       0        0.0      0.00       0.00        0.724      0.008      0.12           1          203        0.00     1.19       17.01      778.3      -496.3     1274.6     0.605     c3:14.82; c2:15.91
272 H1141TS368_5       368s    FALCON2              0.000    0.000    2        A1B1     C1        2        0.00     0        0        -        -          -           0.517      0.000      -              1          203        0.00     1.48       -          13628.7    5298.9     8329.8     0.597     c3:78.35; c2:77.81
273 H1141TS368_4       368s    FALCON2              0.000    0.000    2        A1B1     C1        2        0.00     0        0        -        -          -           0.532      0.000      -              1          203        0.00     1.19       -          13734.7    5434.1     8300.5     0.602     c3:78.91; c2:78.59
274 H1141TS368_1       368s    FALCON2              0.000    0.000    2        A1B1     C1        2        0.00     0        0        -        -          -           0.533      0.000      -              1          203        0.00     1.09       -          13235.7    5240.7     7995.0     0.604     c3:73.83; c2:73.44
275 H1141TS205_3       205     Zou                  0.000    0.000    2        A1B1     C1        2        0.00     41       0        0.0      0.00       0.00        0.713      0.009      0.19           1          126        0.00     1.66       18.96      2342.8     856.2      1486.6     0.585     c3:14.68; c2:15.70
276 H1141TS097_2       097     Graphen_Medical      0.000    0.000    2        A1B1     C1        2        0.00     56       1        0.0      0.00       0.00        0.784      0.008      0.10           1          203        0.00     0.99       16.99      2245.2     1103.6     1141.6     0.611     c3:14.68; c2:15.56
277 H1141TS165_4       165     FTBiot0119           0.000    0.000    2        A1B1     C1        2        0.00     71       1        0.0      0.00       0.00        0.784      0.019      0.18           1          126        0.00     0.61       18.84      1667.0     943.5      723.5      0.619     c3:14.58; c2:15.50
278 H1141TS119_4       119     Kiharalab            0.000    0.000    2        A1B1     C1        2        0.00     38       0        0.0      0.00       0.00        0.771      0.010      0.08           1          203        0.00     0.89       21.09      2680.3     1109.5     1570.8     0.614     c3:14.79; c2:15.86
279 H1141TS147_5       147     SHT                  0.000    0.000    2        A1B1     C1        2        0.00     48       1        0.0      0.00       0.00        0.691      0.011      0.14           1          203        0.00     1.44       21.01      1370.1     372.5      997.6      0.604     c3:14.02; c2:15.03
280 H1141TS397_2       397     bio3d                0.000    0.000    2        A1B1     C1        2        0.00     41       1        0.0      0.00       0.00        0.689      0.015      0.15           1          203        0.00     1.43       15.95      2596.3     945.9      1650.4     0.608     c3:14.52; c2:16.32
281 H1141TS147_4       147     SHT                  0.000    0.000    2        A1B1     C1        2        0.00     45       0        0.0      0.00       0.00        0.685      0.022      0.11           1          203        0.00     1.44       16.40      1184.4     304.3      880.1      0.612     c3:14.40; c2:14.58
282 H1141TS119_2       119     Kiharalab            0.000    0.000    2        A1B1     C1        2        0.00     29       1        0.0      0.00       0.00        0.774      0.023      0.12           1          203        0.00     0.89       13.73      2816.1     1200.6     1615.4     0.621     c3:14.92; c2:14.47
283 H1141TS374_5       374     Zheng                0.000    0.000    2        A1B1     C1        2        0.00     73       0        0.0      0.00       0.00        0.800      0.009      0.21           1          126        0.00     0.50       15.08      1613.8     695.1      918.7      0.612     c3:15.53; c2:14.59
284 H1141TS447_2       447     DELCLAB              0.000    0.000    2        A1B1     C1        2        0.00     74       0        0.0      0.00       0.00        0.736      0.008      0.14           1          203        0.00     1.09       16.12      234.5      -666.6     901.2      0.608     c3:14.89; c2:16.20
285 H1141TS368_3       368s    FALCON2              0.000    0.000    2        A1B1     C1        2        0.00     0        0        -        -          -           0.540      0.000      -              1          203        0.00     0.98       -          13063.5    5100.4     7963.0     0.606     c3:74.57; c2:74.33
286 H1141TS333_3       333s    FALCON0              0.000    0.000    2        A1B1     C1        2        0.00     0        0        -        -          -           0.540      0.000      -              1          203        0.00     0.98       -          13063.5    5100.4     7963.0     0.606     c3:74.57; c2:74.33
287 H1141TS333_5       333s    FALCON0              0.000    0.000    2        A1B1     C1        2        0.00     0        0        -        -          -           0.517      0.000      -              1          203        0.00     1.48       -          13628.7    5298.9     8329.8     0.597     c3:78.35; c2:77.81
288 H1141TS333_4       333s    FALCON0              0.000    0.000    2        A1B1     C1        2        0.00     0        0        -        -          -           0.532      0.000      -              1          203        0.00     1.19       -          13734.7    5434.1     8300.5     0.602     c3:78.91; c2:78.59
289 H1141TS333_1       333s    FALCON0              0.000    0.000    2        A1B1     C1        2        0.00     0        0        -        -          -           0.533      0.000      -              1          203        0.00     1.09       -          13235.7    5240.7     7995.0     0.604     c3:73.83; c2:73.44
290 H1141TS312_4       312     Fernandez-Recio      0.000    0.000    2        A1B1     C1        2        0.00     48       0        0.0      0.00       0.00        0.805      0.034      0.25           1          126        0.00     0.63       10.94      1653.5     1011.8     641.7      0.628     c3:14.94; c2:15.83
291 H1141TS147_2       147     SHT                  0.000    0.000    2        A1B1     C1        2        0.00     46       0        0.0      0.00       0.00        0.688      0.026      0.12           1          203        0.00     1.44       15.75      770.6      301.9      468.7      0.614     c3:14.84; c2:14.34
292 H1141TS248_2       248     Manifold             0.000    0.000    2        A1B1     C1        2        0.00     51       0        0.0      0.00       0.00        0.786      0.008      0.20           1          126        0.00     0.60       15.36      2156.0     1083.1     1072.9     0.607     c3:14.74; c2:14.63
293 H1141TS278_4       278     PEZYFoldings         0.000    0.000    2        A1B1     C1        2        0.00     52       0        0.0      0.00       0.00        0.783      0.008      0.19           1          126        0.00     0.62       15.71      2317.4     1062.8     1254.5     0.606     c3:14.92; c2:14.69
294 H1141TS054_5       054     UltraFold            0.000    0.000    2        A1B1     C1        2        0.00     69       1        0.0      0.00       0.00        0.777      0.010      0.20           1          126        0.00     1.15       17.04      1755.4     612.2      1143.2     0.609     c3:14.24; c2:14.50
295 H1141TS035_2       035s    Manifold-E           0.000    0.000    2        A1B1     C1        2        0.00     51       0        0.0      0.00       0.00        0.786      0.008      0.20           1          126        0.00     0.60       15.36      2156.0     1083.1     1072.9     0.607     c3:14.74; c2:14.63
296 H1141TS245_3       245s    FoldEver             0.000    0.000    2        A1B1     C1        2        0.00     69       2        0.0      0.00       0.00        0.802      0.009      0.21           1          126        0.00     0.49       14.60      1843.5     867.8      975.6      0.612     c3:15.48; c2:14.57
297 H1141TS037_5       037     Wallner              0.000    0.000    2        A1B1     C1        2        0.00     60       0        0.0      0.00       0.00        0.771      0.008      0.20           1          203        0.00     1.09       16.42      2311.1     1085.5     1225.6     0.608     c3:15.27; c2:14.85
298 H1141TS333_2       333s    FALCON0              0.000    0.000    2        A1B1     C1        2        0.00     0        0        -        -          -           0.543      0.000      -              1          203        0.00     1.04       -          13445.4    5444.2     8001.2     0.605     c3:75.76; c2:75.46
299 H1141TS037_2       037     Wallner              0.000    0.000    2        A1B1     C1        2        0.00     83       0        0.0      0.00       0.00        0.776      0.010      0.17           1          203        0.00     1.04       15.49      1547.7     857.8      690.0      0.610     c3:15.20; c2:14.51
300 H1141TS245_1       245s    FoldEver             0.000    0.000    2        A1B1     C1        2        0.00     58       0        0.0      0.00       0.00        0.802      0.009      0.22           1          126        0.00     0.58       15.32      1997.0     932.6      1064.4     0.612     c3:15.39; c2:14.56
301 H1141TS097_4       097     Graphen_Medical      0.000    0.000    2        A1B1     C1        2        0.00     66       2        0.0      0.00       0.00        0.799      0.008      0.11           1          203        0.00     0.87       16.99      1981.8     935.6      1046.2     0.613     c3:14.57; c2:15.78
302 H1141TS399_5       399     BeijingAIProtein     0.000    0.000    2        A1B1     C1        2        0.00     69       1        0.0      0.00       0.00        0.777      0.010      0.20           1          126        0.00     1.15       17.04      1755.4     612.2      1143.2     0.609     c3:14.24; c2:14.50
303 H1141TS423_5       423     trComplex            0.000    0.000    2        A1B1     C1        2        0.00     88       1        0.0      0.00       0.00        0.735      0.018      0.10           1          203        0.00     1.44       16.40      410.0      -134.6     544.6      0.611     c3:13.94; c2:14.28
304 H1141TS097_3       097     Graphen_Medical      0.000    0.000    2        A1B1     C1        2        0.00     61       3        0.0      0.00       0.00        0.787      0.008      0.11           1          203        0.00     0.88       17.58      2228.5     1067.2     1161.2     0.613     c3:14.75; c2:15.89
305 H1141TS493_4       493     Shen-CAPRI           0.000    0.000    2        A1B1     C1        2        0.00     35       0        0.0      0.00       0.00        0.774      0.030      0.22           1          203        0.00     0.90       11.50      1207.9     61.3       1146.6     0.626     c3:14.31; c2:13.89
306 H1141TS147_3       147     SHT                  0.000    0.000    2        A1B1     C1        2        0.00     29       0        0.0      0.00       0.00        0.689      0.021      0.09           1          203        0.00     1.44       16.92      1297.0     564.3      732.6      0.611     c3:14.64; c2:14.51
307 H1141TS097_1       097     Graphen_Medical      0.000    0.000    2        A1B1     C1        2        0.00     50       0        0.0      0.00       0.00        0.781      0.008      0.11           1          203        0.00     0.90       17.09      2260.5     1039.1     1221.4     0.613     c3:14.71; c2:15.52
308 H1141TS447_1       447     DELCLAB              0.000    0.000    2        A1B1     C1        2        0.00     93       0        0.0      0.00       0.00        0.723      0.008      0.11           1          203        0.00     1.17       17.16      -301.8     -1087.9    786.0      0.606     c3:15.00; c2:16.05
309 H1141TS447_4       447     DELCLAB              0.000    0.000    2        A1B1     C1        2        0.00     62       0        0.0      0.00       0.00        0.737      0.008      0.09           1          203        0.00     1.11       16.18      469.0      -716.6     1185.7     0.608     c3:15.20; c2:15.96
310 H1141TS037_4       037     Wallner              0.000    0.000    2        A1B1     C1        2        0.00     39       0        0.0      0.00       0.00        0.782      0.011      0.15           1          126        0.00     0.83       13.10      1916.3     773.4      1142.9     0.611     c3:14.07; c2:14.32
311 H1141TS205_2       205     Zou                  0.000    0.000    2        A1B1     C1        2        0.00     42       0        0.0      0.00       0.00        0.732      0.009      0.22           1          126        0.00     0.85       15.01      2311.8     900.9      1411.0     0.597     c3:14.96; c2:16.59
312 H1141TS245_2       245s    FoldEver             0.000    0.000    2        A1B1     C1        2        0.00     57       1        0.0      0.00       0.00        0.800      0.007      0.08           1          126        0.00     0.65       18.54      2095.3     968.3      1127.0     0.612     c3:13.90; c2:14.60
313 H1141TS257_1       257     WL_team              -        -        2        A1B1     -         -        -        21       0        0.0      0.00       0.00        -          -          0.17           1          126        0.00     1.28       9.11       3585.2     1831.9     1753.3     0.644     c3:13.80; c2:14.58