    Model              Gr.Code Group                QSglob   QSbest   Mol.Size Stoich.  Symm.     SymmSize SymmRMSD No.Conts No.Clash F1       Prec.Iface Recal.Iface lDDToligo  DockQ_Avg  Jaccard.Coeff. Align.Size Align.Len  Orient   LocalRMSD  Iface.RMSD SA.total   SA.polar  SA.apolar  TMscore    SymmGr.RMSD
1   H1142TS119_2       119     Kiharalab            0.673    0.673    2        A1B1     C1        2        0.00     30       0        44.7     45.90      43.60       0.814      0.314      0.61           1          208        0.00     1.12       2.72       931.3      404.0      527.3      0.773     c3:14.43; c2:14.77
2   H1142TS493_3       493     Shen-CAPRI           0.281    0.281    2        A1B1     C1        2        0.00     28       0        22.9     25.80      20.50       0.752      0.097      0.40           1          208        0.00     1.51       5.43       221.7      -508.6     730.3      0.638     c3:14.40; c2:14.74
3   H1142TS493_2       493     Shen-CAPRI           0.270    0.270    2        A1B1     C1        2        0.00     19       0        8.6      9.70       7.70        0.758      0.053      0.37           1          208        0.00     1.55       5.98       -173.8     -669.6     495.8      0.637     c3:14.52; c2:14.86
4   H1142TS147_2       147     SHT                  0.247    0.247    2        A1B1     C1        2        0.00     55       1        4.4      3.90       5.10        0.741      0.123      0.37           1          208        0.00     1.49       5.64       355.1      252.7      102.4      0.719     c3:14.50; c2:14.91
5   H1142TS493_1       493     Shen-CAPRI           0.203    0.203    2        A1B1     C1        2        0.00     26       0        18.7     19.40      17.90       0.751      0.088      0.37           1          208        0.00     1.59       9.98       52.0       -566.8     618.8      0.647     c3:14.61; c2:14.44
6   H1142TS493_4       493     Shen-CAPRI           0.186    0.186    2        A1B1     C1        2        0.00     11       0        12.2     30.00      7.70        0.756      0.053      0.20           1          208        0.00     1.51       8.68       830.2      -198.2     1028.4     0.642     c3:14.67; c2:14.50
7   H1142TS147_4       147     SHT                  0.166    0.166    2        A1B1     C1        2        0.00     57       2        7.4      7.10       7.70        0.739      0.127      0.47           1          208        0.00     1.49       7.68       617.2      375.4      241.8      0.717     c3:14.53; c2:15.02
8   H1142TS444_1       444     CoDock               0.133    0.134    2        A1B1     C1        2        0.00     74       1        7.1      5.40       10.30       0.774      0.070      0.26           1          208        0.00     1.36       9.07       224.7      456.1      -231.4     0.653     c3:14.36; c2:14.53
9   H1142TS398_3       398     ChaePred             0.126    0.126    2        A1B1     C1        2        0.00     80       1        11.5     8.00       20.50       0.748      0.088      0.21           1          208        0.00     1.12       7.66       123.3      140.3      -17.0      0.630     c3:14.24; c2:13.92
10  H1142TS165_4       165     FTBiot0119           0.122    0.122    2        A1B1     C1        2        0.00     100      4        6.2      4.50       10.30       0.795      0.057      0.27           1          208        0.00     1.14       8.65       18.0       115.9      -97.9      0.643     c3:14.35; c2:14.12
11  H1142TS444_3       444     CoDock               0.119    0.120    2        A1B1     C1        2        0.00     72       0        3.6      2.70       5.10        0.778      0.050      0.24           1          208        0.00     1.16       8.05       4.8        520.0      -515.2     0.651     c3:14.20; c2:14.15
12  H1142TS165_3       165     FTBiot0119           0.117    0.117    2        A1B1     C1        2        0.00     85       4        5.5      4.20       7.70        0.774      0.049      0.25           1          208        0.00     1.13       8.75       137.3      123.0      14.3       0.644     c3:14.37; c2:14.17
13  H1142TS165_1       165     FTBiot0119           0.105    0.105    2        A1B1     C1        2        0.00     94       3        6.1      4.30       10.30       0.788      0.058      0.26           1          208        0.00     1.12       8.79       -349.8     -171.3     -178.5     0.644     c3:14.24; c2:14.16
14  H1142TS433_1       433     OpenFold-SingleSeq   0.098    0.098    2        A1B1     C1        2        0.00     42       0        4.5      4.10       5.10        0.798      0.050      0.24           1          208        0.00     1.10       9.29       684.2      466.7      217.5      0.652     c3:14.31; c2:14.38
15  H1142TS441_2       441     OpenFold             0.098    0.098    2        A1B1     C1        2        0.00     42       0        4.6      4.20       5.10        0.793      0.050      0.23           1          208        0.00     1.10       9.27       788.9      583.8      205.1      0.653     c3:14.29; c2:14.37
16  H1142TS433_2       433     OpenFold-SingleSeq   0.098    0.098    2        A1B1     C1        2        0.00     42       0        4.6      4.20       5.10        0.793      0.050      0.23           1          208        0.00     1.10       9.27       788.9      583.8      205.1      0.653     c3:14.29; c2:14.37
17  H1142TS441_1       441     OpenFold             0.098    0.098    2        A1B1     C1        2        0.00     42       0        4.5      4.10       5.10        0.798      0.050      0.24           1          208        0.00     1.10       9.29       684.2      466.7      217.5      0.652     c3:14.31; c2:14.38
18  H1142TS433_5       433     OpenFold-SingleSeq   0.095    0.095    2        A1B1     C1        2        0.00     40       0        4.5      4.10       5.10        0.798      0.050      0.26           1          208        0.00     1.17       9.27       751.1      505.6      245.6      0.651     c3:14.29; c2:14.32
19  H1142TS441_5       441     OpenFold             0.095    0.095    2        A1B1     C1        2        0.00     40       0        4.5      4.10       5.10        0.798      0.050      0.26           1          208        0.00     1.17       9.27       751.1      505.6      245.6      0.651     c3:14.29; c2:14.32
20  H1142TS441_4       441     OpenFold             0.090    0.091    2        A1B1     C1        2        0.00     40       0        6.7      6.00       7.70        0.799      0.059      0.25           1          208        0.00     1.17       9.23       662.6      446.4      216.2      0.653     c3:14.29; c2:14.29
21  H1142TS433_4       433     OpenFold-SingleSeq   0.090    0.091    2        A1B1     C1        2        0.00     40       0        6.7      6.00       7.70        0.799      0.059      0.25           1          208        0.00     1.17       9.23       662.6      446.4      216.2      0.653     c3:14.29; c2:14.29
22  H1142TS441_3       441     OpenFold             0.089    0.089    2        A1B1     C1        2        0.00     42       1        4.7      4.30       5.10        0.796      0.050      0.25           1          208        0.00     1.17       9.21       791.6      589.2      202.4      0.653     c3:14.27; c2:14.28
23  H1142TS433_3       433     OpenFold-SingleSeq   0.089    0.089    2        A1B1     C1        2        0.00     42       1        4.7      4.30       5.10        0.796      0.050      0.25           1          208        0.00     1.17       9.21       791.6      589.2      202.4      0.653     c3:14.27; c2:14.28
24  H1142TS494_1       494     Venclovas            0.077    0.080    2        A1B1     C1        2        0.00     28       0        0.0      0.00       0.00        0.791      0.036      0.13           1          208        0.00     1.16       6.45       1301.5     862.9      438.6      0.627     c3:14.25; c2:14.39
25  H1142TS398_4       398     ChaePred             0.076    0.078    2        A1B1     C1        2        0.00     72       2        3.0      2.10       5.10        0.757      0.036      0.13           1          208        0.00     1.12       7.76       348.8      267.4      81.5       0.625     c3:14.31; c2:13.91
26  H1142TS119_4       119     Kiharalab            0.076    0.076    2        A1B1     C1        2        0.00     19       0        3.3      4.80       2.60        0.796      0.060      0.32           1          208        0.00     1.12       7.93       1333.2     574.0      759.2      0.655     c3:14.14; c2:14.50
27  H1142TS147_3       147     SHT                  0.060    0.060    2        A1B1     C1        2        0.00     54       2        4.4      3.80       5.10        0.738      0.056      0.26           1          208        0.00     1.49       9.77       175.8      117.2      58.5       0.640     c3:13.97; c2:14.51
28  H1142TS098_2       098s    GuijunLab-Assembly   0.050    0.050    2        A1B1     C1        2        0.00     99       9        2.7      1.80       5.10        0.746      0.033      0.26           1          208        0.00     1.11       9.07       932.5      453.1      479.4      0.626     c3:14.12; c2:14.14
29  H1142TS398_5       398     ChaePred             0.041    0.041    2        A1B1     C1        2        0.00     93       4        1.6      1.10       2.60        0.769      0.028      0.11           1          208        0.00     1.12       9.18       538.7      419.3      119.4      0.627     c3:14.10; c2:13.99
30  H1142TS092_1       092     Agemo_mix            0.038    0.038    2        A1B1     C1        2        0.00     49       0        2.4      2.30       2.60        0.784      0.026      0.24           1          208        0.00     1.13       10.56      558.4      329.2      229.3      0.626     c3:14.34; c2:14.53
31  H1142TS493_5       493     Shen-CAPRI           0.030    0.030    2        A1B1     C1        2        0.00     42       1        2.0      1.60       2.60        0.751      0.025      0.15           1          208        0.00     1.43       8.82       -730.0     -807.9     77.9       0.615     c3:14.17; c2:14.01
32  H1142TS225_4       225     ShanghaiTech         0.018    0.018    2        A1B1     C1        2        0.00     70       1        0.0      0.00       0.00        0.801      0.016      0.20           1          208        0.00     1.14       9.55       -208.4     -157.7     -50.7      0.619     c3:14.20; c2:14.09
33  H1142TS147_1       147     SHT                  0.016    0.016    2        A1B1     C1        2        0.00     49       0        0.0      0.00       0.00        0.729      0.012      0.16           1          208        0.00     1.49       10.13      280.9      190.7      90.2       0.615     c3:14.91; c2:14.56
34  H1142TS315_1       315s    Cerebra              0.016    0.016    2        A1B1     C1        2        0.00     510      4        0.7      0.40       5.10        0.382      0.045      0.10           1          208        0.00     3.79       11.43      -1335.4    -1493.3    157.9      0.540     c3:14.72; c2:16.55
35  H1142TS052_1       052     Gonglab-THU          0.016    0.016    2        A1B1     C1        2        0.00     510      4        0.7      0.40       5.10        0.382      0.045      0.10           1          208        0.00     3.79       11.43      -1335.4    -1493.3    157.9      0.540     c3:14.72; c2:16.55
36  H1142TS225_3       225     ShanghaiTech         0.014    0.014    2        A1B1     C1        2        0.00     99       1        0.0      0.00       0.00        0.788      0.017      0.17           1          208        0.00     1.07       9.57       -256.6     -266.7     10.1       0.620     c3:14.28; c2:14.10
37  H1142TS215_4       215s    XRC_VU               0.013    0.013    2        A1B1     C1        2        0.00     15       0        3.3      4.80       2.60        0.776      0.022      0.13           1          208        0.00     1.39       10.63      1604.0     705.4      898.6      0.612     c3:14.15; c2:14.33
38  H1142TS165_2       165     FTBiot0119           0.012    0.012    2        A1B1     C1        2        0.00     111      4        0.0      0.00       0.00        0.732      0.018      0.08           1          208        0.00     1.18       10.20      -374.2     -137.2     -236.9     0.626     c3:14.01; c2:14.00
39  H1142TS188_5       188s    GuijunLab-DeepDA     0.008    0.008    2        A1B1     C1        2        0.00     43       5        0.0      0.00       0.00        0.760      0.011      0.05           1          208        0.00     1.12       18.87      1335.2     736.2      599.0      0.617     c3:14.25; c2:13.97
40  H1142TS188_1       188s    GuijunLab-DeepDA     0.008    0.008    2        A1B1     C1        2        0.00     43       5        0.0      0.00       0.00        0.760      0.011      0.05           1          208        0.00     1.12       18.87      1335.2     736.2      599.0      0.617     c3:14.25; c2:13.97
41  H1142TS188_4       188s    GuijunLab-DeepDA     0.008    0.008    2        A1B1     C1        2        0.00     43       5        0.0      0.00       0.00        0.760      0.011      0.05           1          208        0.00     1.12       18.87      1335.2     736.2      599.0      0.617     c3:14.25; c2:13.97
42  H1142TS037_2       037     Wallner              0.008    0.008    2        A1B1     C1        2        0.00     51       0        2.0      1.60       2.60        0.808      0.024      0.16           1          208        0.00     0.99       10.46      388.9      111.5      277.4      0.621     c3:15.11; c2:14.75
43  H1142TS188_3       188s    GuijunLab-DeepDA     0.008    0.008    2        A1B1     C1        2        0.00     43       5        0.0      0.00       0.00        0.760      0.011      0.05           1          208        0.00     1.12       18.87      1335.2     736.2      599.0      0.617     c3:14.25; c2:13.97
44  H1142TS188_2       188s    GuijunLab-DeepDA     0.008    0.008    2        A1B1     C1        2        0.00     43       5        0.0      0.00       0.00        0.760      0.011      0.05           1          208        0.00     1.12       18.87      1335.2     736.2      599.0      0.617     c3:14.25; c2:13.97
45  H1142TS374_3       374     Zheng                0.008    0.008    2        A1B1     C1        2        0.00     59       0        1.9      1.50       2.60        0.806      0.024      0.20           1          208        0.00     1.00       10.26      154.6      24.0       130.7      0.621     c3:15.09; c2:14.80
46  H1142TS215_5       215s    XRC_VU               0.004    0.004    2        A1B1     C1        2        0.00     10       0        0.0      0.00       0.00        0.783      0.015      0.15           1          208        0.00     1.22       10.87      1727.0     944.4      782.6      0.614     c3:14.16; c2:13.96
47  H1142TS225_1       225     ShanghaiTech         0.004    0.004    2        A1B1     C1        2        0.00     81       0        0.0      0.00       0.00        0.804      0.016      0.19           1          208        0.00     1.10       9.80       251.4      141.8      109.6      0.618     c3:14.15; c2:14.00
48  H1142TS037_5       037     Wallner              0.004    0.004    2        A1B1     C1        2        0.00     39       0        2.2      2.00       2.60        0.816      0.028      0.17           1          208        0.00     0.95       10.01      735.9      303.0      432.9      0.622     c3:14.70; c2:14.74
49  H1142TS054_5       054     UltraFold            0.003    0.003    2        A1B1     C1        2        0.00     26       0        0.0      0.00       0.00        0.805      0.011      0.10           1          208        0.00     1.22       11.89      1371.5     631.1      740.4      0.614     c3:14.05; c2:13.84
50  H1142TS125_5       125s    UltraFold_Server     0.003    0.003    2        A1B1     C1        2        0.00     26       0        0.0      0.00       0.00        0.805      0.011      0.10           1          208        0.00     1.22       11.89      1371.5     631.1      740.4      0.614     c3:14.05; c2:13.84
51  H1142TS494_2       494     Venclovas            0.003    0.003    2        A1B1     C1        2        0.00     42       0        0.0      0.00       0.00        0.797      0.036      0.21           1          208        0.00     1.09       9.52       1448.5     1086.1     362.4      0.630     c3:14.02; c2:14.06
52  H1142TS399_5       399     BeijingAIProtein     0.003    0.003    2        A1B1     C1        2        0.00     26       0        0.0      0.00       0.00        0.805      0.011      0.10           1          208        0.00     1.22       11.89      1371.5     631.1      740.4      0.614     c3:14.05; c2:13.84
53  H1142TS098_4       098s    GuijunLab-Assembly   0.002    0.002    2        A1B1     C1        2        0.00     38       0        0.0      0.00       0.00        0.809      0.011      0.20           1          208        0.00     1.11       12.21      930.1      492.5      437.7      0.616     c3:14.28; c2:13.88
54  H1142TS423_5       423     trComplex            0.002    0.002    2        A1B1     C1        2        0.00     29       0        0.0      0.00       0.00        0.805      0.011      0.14           1          208        0.00     1.07       11.23      1409.3     648.4      760.9      0.616     c3:13.98; c2:13.86
55  H1142TS444_5       444     CoDock               0.002    0.002    2        A1B1     C1        2        0.00     34       0        0.0      0.00       0.00        0.774      0.030      0.14           1          208        0.00     1.35       9.05       1057.2     802.8      254.4      0.619     c3:14.26; c2:14.14
56  H1142TS187_5       187     TRFold               0.002    0.002    2        A1B1     C1        2        0.00     29       0        0.0      0.00       0.00        0.805      0.011      0.14           1          208        0.00     1.07       11.23      1409.3     648.4      760.9      0.616     c3:13.98; c2:13.86
57  H1142TS225_2       225     ShanghaiTech         0.001    0.001    2        A1B1     C1        2        0.00     56       0        0.0      0.00       0.00        0.807      0.017      0.18           1          208        0.00     1.04       9.66       356.8      169.2      187.6      0.620     c3:14.15; c2:13.96
58  H1142TS439_5       439     Yang                 0.001    0.001    2        A1B1     C1        2        0.00     25       0        0.0      0.00       0.00        0.774      0.013      0.09           1          208        0.00     1.20       10.85      1250.9     132.8      1118.1     0.613     c3:13.99; c2:13.95
59  H1142TS205_1       205     Zou                  0.001    0.001    2        A1B1     C1        2        0.00     48       0        0.0      0.00       0.00        0.740      0.012      0.19           1          208        0.00     1.36       12.85      1022.0     438.1      583.8      0.609     c3:14.56; c2:14.04
60  H1142TS073_2       073s    DFolding-refine      0.001    0.001    2        A1B1     C1        2        0.00     36       0        0.0      0.00       0.00        0.708      0.011      0.15           1          208        0.00     1.68       12.62      761.4      -747.6     1509.0     0.599     c3:14.59; c2:14.07
61  H1142TS257_3       257     WL_team              0.001    0.001    2        A1B1     C1        2        0.00     32       0        0.0      0.00       0.00        0.701      0.012      0.18           1          208        0.00     1.36       13.03      1297.9     823.2      474.7      0.607     c3:14.62; c2:14.08
62  H1142TS390_5       390s    NBIS-AF2-multimer    0.000    0.000    2        A1B1     C1        2        0.00     34       0        0.0      0.00       0.00        0.809      0.011      0.20           1          208        0.00     1.12       12.73      771.8      414.4      357.4      0.616     c3:14.51; c2:13.86
63  H1142TS399_3       399     BeijingAIProtein     0.000    0.000    2        A1B1     C1        2        0.00     25       0        0.0      0.00       0.00        0.803      0.010      0.12           1          208        0.00     1.21       12.04      1104.3     392.9      711.5      0.612     c3:14.25; c2:14.11
64  H1142TS399_4       399     BeijingAIProtein     0.000    0.000    2        A1B1     C1        2        0.00     33       0        0.0      0.00       0.00        0.806      0.011      0.17           1          208        0.00     1.18       12.57      1085.2     417.5      667.7      0.614     c3:14.05; c2:14.36
65  H1142TS423_2       423     trComplex            0.000    0.000    2        A1B1     C1        2        0.00     22       1        0.0      0.00       0.00        0.805      0.011      0.14           1          208        0.00     1.09       12.44      1570.4     773.4      797.0      0.616     c3:14.15; c2:13.83
66  H1142TS444_4       444     CoDock               0.000    0.000    2        A1B1     C1        2        0.00     58       0        0.0      0.00       0.00        0.777      0.011      0.17           1          208        0.00     1.13       14.32      521.8      636.3      -114.5     0.613     c3:14.53; c2:14.20
67  H1142TS446_3       446s    ColabFold            0.000    0.000    2        A1B1     C1        2        0.00     52       0        0.0      0.00       0.00        0.798      0.011      0.16           1          208        0.00     1.13       13.56      858.7      542.8      315.9      0.614     c3:14.39; c2:13.92
68  H1142TS447_5       447     DELCLAB              0.000    0.000    2        A1B1     C1        2        0.00     293      1        0.0      0.00       0.00        0.605      0.016      0.05           1          208        0.00     1.97       11.92      -3284.4    -2464.1    -820.4     0.123     c3:14.63; c2:14.33
69  H1142TS462_2       462s    MultiFOLD            0.000    0.000    2        A1B1     C1        2        0.00     27       1        0.0      0.00       0.00        0.786      0.009      0.14           1          208        0.00     1.17       12.76      807.0      559.3      247.7      0.611     c3:14.45; c2:13.83
70  H1142TS477_1       477     DMP                  0.000    0.000    2        A1B1     C1        2        0.00     47       0        0.0      0.00       0.00        0.765      0.012      0.18           1          127        0.00     1.32       11.98      1036.3     551.3      485.0      0.608     c3:14.00; c2:14.12
71  H1142TS494_5       494     Venclovas            0.000    0.000    2        A1B1     C1        2        0.00     34       0        0.0      0.00       0.00        0.782      0.010      0.16           1          127        0.00     1.34       12.25      1407.0     1083.4     323.6      0.606     c3:14.76; c2:14.21
72  H1142TS098_3       098s    GuijunLab-Assembly   0.000    0.000    2        A1B1     C1        2        0.00     479      38       0.0      0.00       0.00        0.500      0.024      0.16           1          208        0.00     1.12       9.66       -1819.1    -785.0     -1034.1    0.625     c3:14.19; c2:15.13
73  H1142TS131_3       131s    Kiharalab_Server     0.000    0.000    2        A1B1     C1        2        0.00     42       1        0.0      0.00       0.00        0.800      0.012      0.12           1          208        0.00     1.11       12.49      716.6      338.0      378.6      0.614     c3:14.05; c2:14.34
74  H1142TS158_3       158s    MULTICOM_deep        0.000    0.000    2        A1B1     C1        2        0.00     38       0        0.0      0.00       0.00        0.793      0.011      0.21           1          208        0.00     1.12       12.47      737.6      360.1      377.4      0.615     c3:14.20; c2:13.88
75  H1142TS187_4       187     TRFold               0.000    0.000    2        A1B1     C1        2        0.00     39       0        0.0      0.00       0.00        0.801      0.010      0.16           1          208        0.00     1.11       11.64      1197.1     529.8      667.3      0.614     c3:14.49; c2:13.92
76  H1142TS215_3       215s    XRC_VU               0.000    0.000    2        A1B1     C1        2        0.00     9        0        0.0      0.00       0.00        0.776      0.012      0.00           1          208        0.00     1.22       18.57      2071.5     1201.4     870.0      0.611     c3:14.48; c2:14.30
77  H1142TS227_4       227     GinobiFold           0.000    0.000    2        A1B1     C1        2        0.00     39       0        0.0      0.00       0.00        0.802      0.011      0.19           1          208        0.00     1.13       13.29      696.2      393.5      302.8      0.615     c3:14.33; c2:13.92
78  H1142TS239_2       239s    Yang-Multimer        0.000    0.000    2        A1B1     C1        2        0.00     58       1        0.0      0.00       0.00        0.770      0.009      0.17           1          208        0.00     1.14       12.63      867.3      -185.5     1052.8     0.613     c3:14.55; c2:14.04
79  H1142TS248_3       248     Manifold             0.000    0.000    2        A1B1     C1        2        0.00     26       0        0.0      0.00       0.00        0.796      0.011      0.15           1          208        0.00     1.12       13.64      1507.9     1029.6     478.3      0.615     c3:14.30; c2:13.97
80  H1142TS278_5       278     PEZYFoldings         0.000    0.000    2        A1B1     C1        2        0.00     45       0        0.0      0.00       0.00        0.804      0.012      0.18           1          208        0.00     1.12       12.97      671.5      440.0      231.5      0.615     c3:14.50; c2:14.09
81  H1142TS298_4       298s    MUFold               0.000    0.000    2        A1B1     C1        2        0.00     32       0        0.0      0.00       0.00        0.806      0.009      0.14           1          208        0.00     1.17       13.10      699.0      285.2      413.7      0.614     c3:14.67; c2:14.18
82  H1142TS320_5       320     Elofsson             0.000    0.000    2        A1B1     C1        2        0.00     34       0        0.0      0.00       0.00        0.809      0.011      0.20           1          208        0.00     1.12       12.73      771.8      414.4      357.4      0.616     c3:14.51; c2:13.86
83  H1142TS333_4       333s    FALCON0              0.000    0.000    2        A1B1     C1        2        0.00     0        0        -        -          -           0.543      0.000      -              1          208        0.00     1.10       -          12874.9    4842.0     8032.9     0.094     c3:77.01; c2:78.19
84  H1142TS368_3       368s    FALCON2              0.000    0.000    2        A1B1     C1        2        0.00     0        0        -        -          -           0.538      0.000      -              1          208        0.00     1.28       -          12577.8    4807.5     7770.3     0.093     c3:77.26; c2:76.89
85  H1142TS374_5       374     Zheng                0.000    0.000    2        A1B1     C1        2        0.00     40       0        0.0      0.00       0.00        0.801      0.011      0.18           1          208        0.00     1.14       13.16      649.4      256.0      393.3      0.615     c3:14.33; c2:13.94
86  H1142TS398_2       398     ChaePred             0.000    0.000    2        A1B1     C1        2        0.00     76       2        0.0      0.00       0.00        0.765      0.022      0.09           1          208        0.00     1.12       12.46      100.8      118.3      -17.5      0.622     c3:13.98; c2:14.05
87  H1142TS399_1       399     BeijingAIProtein     0.000    0.000    2        A1B1     C1        2        0.00     26       1        0.0      0.00       0.00        0.805      0.010      0.16           1          208        0.00     1.18       12.95      1195.1     592.0      603.1      0.614     c3:14.30; c2:13.92
88  H1142TS439_4       439     Yang                 0.000    0.000    2        A1B1     C1        2        0.00     39       1        0.0      0.00       0.00        0.775      0.012      0.12           1          208        0.00     1.13       12.92      1014.1     -60.7      1074.8     0.614     c3:14.01; c2:14.41
89  H1142TS447_3       447     DELCLAB              0.000    0.000    2        A1B1     C1        2        0.00     75       0        0.0      0.00       0.00        0.711      0.012      0.15           1          208        0.00     1.53       12.76      -1952.2    -2180.2    228.0      0.602     c3:13.69; c2:13.73
90  H1142TS462_5       462s    MultiFOLD            0.000    0.000    2        A1B1     C1        2        0.00     35       0        0.0      0.00       0.00        0.789      0.011      0.15           1          208        0.00     1.10       11.45      646.6      374.9      271.7      0.612     c3:14.18; c2:13.84
91  H1142TS054_3       054     UltraFold            0.000    0.000    2        A1B1     C1        2        0.00     25       0        0.0      0.00       0.00        0.803      0.010      0.12           1          208        0.00     1.21       12.04      1104.3     392.9      711.5      0.612     c3:14.25; c2:14.11
92  H1142TS071_5       071s    RaptorX-Multimer     0.000    0.000    2        A1B1     C1        2        0.00     45       0        0.0      0.00       0.00        0.758      0.011      0.15           1          208        0.00     1.42       11.38      811.4      379.9      431.4      0.607     c3:14.25; c2:14.04
93  H1142TS073_4       073s    DFolding-refine      0.000    0.000    2        A1B1     C1        2        0.00     33       0        0.0      0.00       0.00        0.710      0.012      0.14           1          127        0.00     1.95       13.61      875.3      -582.8     1458.0     0.591     c3:13.97; c2:14.28
94  H1142TS169_1       169     GuijunLab-Human      0.000    0.000    2        A1B1     C1        2        0.00     35       0        0.0      0.00       0.00        0.810      0.011      0.15           1          208        0.00     1.11       12.19      1026.9     489.9      536.9      0.614     c3:14.12; c2:14.32
95  H1142TS234_4       234     Panlab               0.000    0.000    2        A1B1     C1        2        0.00     36       0        0.0      0.00       0.00        0.759      0.010      0.15           1          208        0.00     1.12       12.60      1369.2     742.9      626.3      0.614     c3:14.46; c2:14.36
96  H1142TS239_1       239s    Yang-Multimer        0.000    0.000    2        A1B1     C1        2        0.00     32       0        0.0      0.00       0.00        0.779      0.016      0.21           1          208        0.00     1.15       11.54      1547.2     117.7      1429.6     0.616     c3:13.90; c2:14.02
97  H1142TS257_2       257     WL_team              0.000    0.000    2        A1B1     C1        2        0.00     30       0        0.0      0.00       0.00        0.683      0.012      0.19           1          208        0.00     1.76       12.76      1799.2     1180.6     618.6      0.597     c3:14.73; c2:14.07
98  H1142TS298_1       298s    MUFold               0.000    0.000    2        A1B1     C1        2        0.00     38       0        0.0      0.00       0.00        0.806      0.011      0.21           1          208        0.00     1.12       12.92      755.2      385.0      370.2      0.616     c3:14.41; c2:13.90
99  H1142TS320_1       320     Elofsson             0.000    0.000    2        A1B1     C1        2        0.00     34       0        0.0      0.00       0.00        0.806      0.011      0.17           1          208        0.00     1.12       13.00      894.6      453.3      441.3      0.616     c3:14.47; c2:13.93
100 H1142TS374_4       374     Zheng                0.000    0.000    2        A1B1     C1        2        0.00     79       2        0.0      0.00       0.00        0.786      0.011      0.17           1          127        0.00     1.29       13.72      -896.7     -718.7     -177.9     0.610     c3:14.56; c2:14.03
101 H1142TS423_3       423     trComplex            0.000    0.000    2        A1B1     C1        2        0.00     38       0        0.0      0.00       0.00        0.804      0.012      0.15           1          208        0.00     1.03       12.30      941.8      467.6      474.2      0.615     c3:13.92; c2:14.23
102 H1142TS447_2       447     DELCLAB              0.000    0.000    2        A1B1     C1        2        0.00     74       0        0.0      0.00       0.00        0.712      0.012      0.12           1          208        0.00     1.38       12.06      -1998.8    -2111.3    112.5      0.606     c3:14.32; c2:13.83
103 H1142TS003_3       003     MULTICOM_human       0.000    0.000    2        A1B1     C1        2        0.00     36       0        0.0      0.00       0.00        0.807      0.010      0.21           1          208        0.00     1.11       12.72      825.4      469.1      356.3      0.616     c3:14.48; c2:13.84
104 H1142TS003_4       003     MULTICOM_human       0.000    0.000    2        A1B1     C1        2        0.00     44       0        0.0      0.00       0.00        0.810      0.011      0.22           1          208        0.00     1.12       12.33      781.2      493.1      288.1      0.616     c3:14.54; c2:13.90
105 H1142TS035_2       035s    Manifold-E           0.000    0.000    2        A1B1     C1        2        0.00     30       0        0.0      0.00       0.00        0.799      0.008      0.22           1          208        0.00     1.13       18.30      1639.4     953.5      685.9      0.613     c3:14.59; c2:15.22
106 H1142TS037_3       037     Wallner              0.000    0.000    2        A1B1     C1        2        0.00     26       0        0.0      0.00       0.00        0.807      0.007      0.20           1          208        0.00     1.13       18.22      730.5      152.4      578.1      0.612     c3:15.03; c2:15.22
107 H1142TS071_3       071s    RaptorX-Multimer     0.000    0.000    2        A1B1     C1        2        0.00     42       0        0.0      0.00       0.00        0.765      0.011      0.14           1          208        0.00     1.19       11.48      831.2      478.1      353.0      0.611     c3:14.09; c2:13.77
108 H1142TS071_4       071s    RaptorX-Multimer     0.000    0.000    2        A1B1     C1        2        0.00     42       2        0.0      0.00       0.00        0.765      0.012      0.12           1          208        0.00     1.20       11.43      796.0      469.5      326.5      0.611     c3:14.01; c2:13.91
109 H1142TS086_1       086s    MULTICOM_qa          0.000    0.000    2        A1B1     C1        2        0.00     38       0        0.0      0.00       0.00        0.793      0.011      0.21           1          208        0.00     1.12       12.57      821.7      413.4      408.3      0.615     c3:14.26; c2:13.89
110 H1142TS133_2       133s    ShanghaiTech-TS-SER  0.000    0.000    2        A1B1     C1        2        0.00     39       2        0.0      0.00       0.00        0.802      0.012      0.14           1          208        0.00     1.12       11.87      964.8      436.7      528.1      0.614     c3:14.06; c2:14.23
111 H1142TS133_3       133s    ShanghaiTech-TS-SER  0.000    0.000    2        A1B1     C1        2        0.00     41       1        0.0      0.00       0.00        0.800      0.011      0.16           1          208        0.00     1.12       11.73      823.5      420.3      403.2      0.614     c3:14.35; c2:14.16
112 H1142TS205_4       205     Zou                  0.000    0.000    2        A1B1     C1        2        0.00     42       1        0.0      0.00       0.00        0.794      0.012      0.12           1          208        0.00     1.06       12.33      558.0      -106.0     664.0      0.615     c3:14.04; c2:14.40
113 H1142TS248_2       248     Manifold             0.000    0.000    2        A1B1     C1        2        0.00     30       0        0.0      0.00       0.00        0.799      0.008      0.22           1          208        0.00     1.13       18.30      1639.4     953.5      685.9      0.613     c3:14.59; c2:15.22
114 H1142TS320_4       320     Elofsson             0.000    0.000    2        A1B1     C1        2        0.00     34       0        0.0      0.00       0.00        0.805      0.011      0.19           1          208        0.00     1.12       13.25      844.1      436.2      407.9      0.615     c3:14.37; c2:13.91
115 H1142TS374_2       374     Zheng                0.000    0.000    2        A1B1     C1        2        0.00     30       0        0.0      0.00       0.00        0.797      0.009      0.21           1          208        0.00     1.01       18.40      789.0      155.5      633.5      0.615     c3:14.67; c2:15.29
116 H1142TS399_2       399     BeijingAIProtein     0.000    0.000    2        A1B1     C1        2        0.00     30       0        0.0      0.00       0.00        0.808      0.008      0.23           1          208        0.00     1.14       17.40      1061.9     482.6      579.2      0.612     c3:14.93; c2:15.28
117 H1142TS462_3       462s    MultiFOLD            0.000    0.000    2        A1B1     C1        2        0.00     31       0        0.0      0.00       0.00        0.787      0.010      0.16           1          208        0.00     1.15       13.94      818.1      562.8      255.3      0.611     c3:13.67; c2:13.91
118 H1142TS165_5       165     FTBiot0119           0.000    0.000    2        A1B1     C1        2        0.00     57       3        0.0      0.00       0.00        0.785      0.037      0.16           1          208        0.00     1.11       9.85       581.3      431.1      150.2      0.630     c3:13.88; c2:14.02
119 H1142TS205_2       205     Zou                  0.000    0.000    2        A1B1     C1        2        0.00     52       0        0.0      0.00       0.00        0.720      0.007      0.21           1          208        0.00     1.38       16.99      1103.1     296.4      806.8      0.604     c3:15.00; c2:14.36
120 H1142TS205_5       205     Zou                  0.000    0.000    2        A1B1     C1        2        0.00     37       0        0.0      0.00       0.00        0.729      0.016      0.24           1          208        0.00     1.83       13.08      1052.3     274.4      778.0      0.600     c3:15.06; c2:15.02
121 H1142TS227_2       227     GinobiFold           0.000    0.000    2        A1B1     C1        2        0.00     38       0        0.0      0.00       0.00        0.804      0.011      0.20           1          208        0.00     1.12       12.37      978.8      563.0      415.9      0.616     c3:14.26; c2:13.85
122 H1142TS234_2       234     Panlab               0.000    0.000    2        A1B1     C1        2        0.00     30       0        0.0      0.00       0.00        0.773      0.013      0.23           1          208        0.00     1.12       11.81      1398.5     832.3      566.2      0.616     c3:14.21; c2:13.97
123 H1142TS239_3       239s    Yang-Multimer        0.000    0.000    2        A1B1     C1        2        0.00     27       0        0.0      0.00       0.00        0.780      0.011      0.12           1          208        0.00     1.14       12.35      1624.2     195.7      1428.4     0.615     c3:14.12; c2:13.83
124 H1142TS248_4       248     Manifold             0.000    0.000    2        A1B1     C1        2        0.00     32       0        0.0      0.00       0.00        0.788      0.010      0.17           1          208        0.00     1.54       13.57      1451.5     1027.8     423.6      0.608     c3:14.38; c2:13.91
125 H1142TS257_1       257     WL_team              0.000    0.000    2        A1B1     C1        2        0.00     33       0        0.0      0.00       0.00        0.701      0.011      0.18           1          208        0.00     1.52       12.79      1534.8     958.5      576.2      0.603     c3:14.69; c2:14.19
126 H1142TS278_3       278     PEZYFoldings         0.000    0.000    2        A1B1     C1        2        0.00     54       0        0.0      0.00       0.00        0.776      0.012      0.11           1          208        0.00     1.37       13.89      163.3      325.5      -162.2     0.608     c3:13.88; c2:14.14
127 H1142TS288_1       288s    DFolding-server      0.000    0.000    2        A1B1     C1        2        0.00     41       1        0.0      0.00       0.00        0.802      0.011      0.27           1          208        0.00     1.07       12.39      1206.9     786.2      420.7      0.617     c3:14.27; c2:13.82
128 H1142TS298_2       298s    MUFold               0.000    0.000    2        A1B1     C1        2        0.00     32       0        0.0      0.00       0.00        0.805      0.011      0.20           1          208        0.00     1.12       13.21      638.1      332.3      305.8      0.615     c3:14.39; c2:13.88
129 H1142TS333_2       333s    FALCON0              0.000    0.000    2        A1B1     C1        2        0.00     0        0        -        -          -           0.520      0.000      -              1          208        0.00     1.76       -          12065.5    4830.4     7235.1     0.093     c3:75.02; c2:75.82
130 H1142TS348_5       348     Takeda-Shitaka_Lab   0.000    0.000    2        A1B1     C1        2        0.00     30       0        0.0      0.00       0.00        0.806      0.009      0.12           1          208        0.00     1.17       13.57      776.8      285.7      491.2      0.614     c3:14.59; c2:14.14
131 H1142TS360_1       360     MUFold_H             0.000    0.000    2        A1B1     C1        2        0.00     42       1        0.0      0.00       0.00        0.802      0.012      0.15           1          208        0.00     1.11       12.14      719.2      197.3      522.0      0.614     c3:14.05; c2:14.30
132 H1142TS367_1       367     MULTICOM             0.000    0.000    2        A1B1     C1        2        0.00     44       0        0.0      0.00       0.00        0.810      0.011      0.22           1          208        0.00     1.12       12.33      781.2      493.1      288.1      0.616     c3:14.54; c2:13.90
133 H1142TS367_4       367     MULTICOM             0.000    0.000    2        A1B1     C1        2        0.00     34       0        0.0      0.00       0.00        0.804      0.011      0.21           1          208        0.00     1.12       13.12      977.8      534.2      443.5      0.615     c3:14.51; c2:13.88
134 H1142TS368_2       368s    FALCON2              0.000    0.000    2        A1B1     C1        2        0.00     0        0        -        -          -           0.520      0.000      -              1          208        0.00     1.76       -          12065.5    4830.4     7235.1     0.093     c3:75.02; c2:75.82
135 H1142TS390_3       390s    NBIS-AF2-multimer    0.000    0.000    2        A1B1     C1        2        0.00     33       1        0.0      0.00       0.00        0.807      0.010      0.19           1          208        0.00     1.11       12.64      895.3      515.6      379.7      0.616     c3:14.43; c2:13.85
136 H1142TS423_1       423     trComplex            0.000    0.000    2        A1B1     C1        2        0.00     45       0        0.0      0.00       0.00        0.803      0.011      0.19           1          208        0.00     1.16       12.96      566.6      417.3      149.2      0.614     c3:14.32; c2:13.87
137 H1142TS423_4       423     trComplex            0.000    0.000    2        A1B1     C1        2        0.00     39       0        0.0      0.00       0.00        0.801      0.010      0.16           1          208        0.00     1.11       11.64      1197.1     529.8      667.3      0.614     c3:14.49; c2:13.92
138 H1142TS035_1       035s    Manifold-E           0.000    0.000    2        A1B1     C1        2        0.00     24       0        0.0      0.00       0.00        0.798      0.011      0.15           1          208        0.00     1.11       13.43      1419.3     977.9      441.4      0.616     c3:14.38; c2:13.88
139 H1142TS097_2       097     Graphen_Medical      0.000    0.000    2        A1B1     C1        2        0.00     87       1        0.0      0.00       0.00        0.757      0.010      0.15           1          208        0.00     1.20       12.07      -1042.3    -1078.9    36.5       0.611     c3:20.37; c2:13.94
140 H1142TS150_3       150     Grudinin             0.000    0.000    2        A1B1     C1        2        0.00     34       0        0.0      0.00       0.00        0.805      0.011      0.19           1          208        0.00     1.12       13.25      857.9      439.3      418.6      0.615     c3:14.37; c2:13.91
141 H1142TS150_5       150     Grudinin             0.000    0.000    2        A1B1     C1        2        0.00     33       1        0.0      0.00       0.00        0.803      0.011      0.12           1          208        0.00     1.11       12.44      975.2      420.9      554.3      0.614     c3:14.02; c2:14.31
142 H1142TS158_1       158s    MULTICOM_deep        0.000    0.000    2        A1B1     C1        2        0.00     38       0        0.0      0.00       0.00        0.793      0.011      0.21           1          208        0.00     1.12       12.57      821.7      413.4      408.3      0.615     c3:14.26; c2:13.89
143 H1142TS158_2       158s    MULTICOM_deep        0.000    0.000    2        A1B1     C1        2        0.00     44       0        0.0      0.00       0.00        0.810      0.011      0.22           1          208        0.00     1.12       12.33      781.2      493.1      288.1      0.616     c3:14.54; c2:13.90
144 H1142TS158_4       158s    MULTICOM_deep        0.000    0.000    2        A1B1     C1        2        0.00     38       0        0.0      0.00       0.00        0.809      0.011      0.20           1          208        0.00     1.11       12.56      847.4      477.6      369.8      0.616     c3:14.49; c2:13.87
145 H1142TS446_5       446s    ColabFold            0.000    0.000    2        A1B1     C1        2        0.00     36       2        0.0      0.00       0.00        0.806      0.012      0.14           1          208        0.00     1.17       11.80      1390.4     802.1      588.3      0.613     c3:13.99; c2:14.14
146 H1142TS461_3       461     colabfold_human      0.000    0.000    2        A1B1     C1        2        0.00     52       0        0.0      0.00       0.00        0.798      0.011      0.16           1          208        0.00     1.13       13.56      858.7      542.8      315.9      0.614     c3:14.39; c2:13.92
147 H1142TS461_4       461     colabfold_human      0.000    0.000    2        A1B1     C1        2        0.00     38       0        0.0      0.00       0.00        0.804      0.012      0.14           1          208        0.00     1.12       10.79      878.6      561.6      316.9      0.614     c3:14.27; c2:13.98
148 H1142TS462_1       462s    MultiFOLD            0.000    0.000    2        A1B1     C1        2        0.00     45       0        0.0      0.00       0.00        0.787      0.009      0.12           1          208        0.00     1.12       14.89      503.9      326.7      177.2      0.612     c3:13.72; c2:14.00
149 H1142TS187_3       187     TRFold               0.000    0.000    2        A1B1     C1        2        0.00     38       0        0.0      0.00       0.00        0.804      0.012      0.15           1          208        0.00     1.03       12.30      941.8      467.6      474.2      0.615     c3:13.92; c2:14.23
150 H1142TS239_5       239s    Yang-Multimer        0.000    0.000    2        A1B1     C1        2        0.00     26       1        0.0      0.00       0.00        0.776      0.011      0.12           1          208        0.00     1.17       12.47      1480.3     127.4      1353.0     0.614     c3:14.04; c2:13.82
151 H1142TS360_4       360     MUFold_H             0.000    0.000    2        A1B1     C1        2        0.00     26       0        0.0      0.00       0.00        0.805      0.011      0.13           1          208        0.00     1.11       12.46      999.7      422.2      577.5      0.614     c3:13.94; c2:14.17
152 H1142TS390_4       390s    NBIS-AF2-multimer    0.000    0.000    2        A1B1     C1        2        0.00     34       0        0.0      0.00       0.00        0.805      0.011      0.19           1          208        0.00     1.12       13.25      844.1      436.2      407.9      0.615     c3:14.37; c2:13.91
153 H1142TS446_2       446s    ColabFold            0.000    0.000    2        A1B1     C1        2        0.00     25       1        0.0      0.00       0.00        0.803      0.011      0.13           1          208        0.00     1.12       12.11      1437.7     764.0      673.7      0.615     c3:14.07; c2:13.89
154 H1142TS035_3       035s    Manifold-E           0.000    0.000    2        A1B1     C1        2        0.00     26       0        0.0      0.00       0.00        0.796      0.011      0.15           1          208        0.00     1.12       13.64      1507.9     1029.6     478.3      0.615     c3:14.30; c2:13.97
155 H1142TS169_2       169     GuijunLab-Human      0.000    0.000    2        A1B1     C1        2        0.00     20       0        0.0      0.00       0.00        0.810      0.010      0.14           1          208        0.00     1.12       12.13      1147.2     499.3      647.9      0.614     c3:14.49; c2:14.14
156 H1142TS169_3       169     GuijunLab-Human      0.000    0.000    2        A1B1     C1        2        0.00     29       0        0.0      0.00       0.00        0.810      0.011      0.16           1          208        0.00     1.11       12.26      1268.1     579.0      689.1      0.614     c3:14.11; c2:14.30
157 H1142TS169_5       169     GuijunLab-Human      0.000    0.000    2        A1B1     C1        2        0.00     35       0        0.0      0.00       0.00        0.809      0.011      0.15           1          208        0.00     1.11       13.60      723.7      288.7      435.0      0.614     c3:13.87; c2:14.20
158 H1142TS054_4       054     UltraFold            0.000    0.000    2        A1B1     C1        2        0.00     33       0        0.0      0.00       0.00        0.806      0.011      0.17           1          208        0.00     1.18       12.57      1085.2     417.5      667.7      0.614     c3:14.05; c2:14.36
159 H1142TS348_1       348     Takeda-Shitaka_Lab   0.000    0.000    2        A1B1     C1        2        0.00     34       0        0.0      0.00       0.00        0.805      0.011      0.19           1          208        0.00     1.12       13.25      834.3      380.4      453.9      0.615     c3:14.37; c2:13.91
160 H1142TS348_3       348     Takeda-Shitaka_Lab   0.000    0.000    2        A1B1     C1        2        0.00     45       0        0.0      0.00       0.00        0.802      0.006      0.13           1          208        0.00     1.11       19.66      452.4      69.5       383.0      0.612     c3:14.63; c2:15.16
161 H1142TS348_4       348     Takeda-Shitaka_Lab   0.000    0.000    2        A1B1     C1        2        0.00     43       0        0.0      0.00       0.00        0.798      0.012      0.12           1          208        0.00     1.10       12.50      512.1      -47.1      559.2      0.614     c3:14.02; c2:14.37
162 H1142TS158_5       158s    MULTICOM_deep        0.000    0.000    2        A1B1     C1        2        0.00     41       0        0.0      0.00       0.00        0.810      0.011      0.23           1          208        0.00     1.12       12.37      821.4      494.2      327.1      0.616     c3:14.55; c2:13.89
163 H1142TS180_1       180     McGuffin             0.000    0.000    2        A1B1     C1        2        0.00     39       0        0.0      0.00       0.00        0.803      0.011      0.20           1          208        0.00     1.16       13.23      608.8      318.3      290.5      0.614     c3:14.44; c2:13.94
164 H1142TS180_2       180     McGuffin             0.000    0.000    2        A1B1     C1        2        0.00     39       0        0.0      0.00       0.00        0.803      0.011      0.18           1          208        0.00     1.14       13.30      587.2      268.5      318.6      0.614     c3:14.45; c2:13.93
165 H1142TS180_3       180     McGuffin             0.000    0.000    2        A1B1     C1        2        0.00     38       0        0.0      0.00       0.00        0.800      0.011      0.19           1          208        0.00     1.15       13.29      713.7      352.4      361.2      0.614     c3:14.45; c2:13.91
166 H1142TS185_1       185     BAKER                0.000    0.000    2        A1B1     C1        2        0.00     43       1        0.0      0.00       0.00        0.799      0.013      0.15           1          208        0.00     1.17       13.66      417.4      411.9      5.5        0.615     c3:14.08; c2:13.95
167 H1142TS185_2       185     BAKER                0.000    0.000    2        A1B1     C1        2        0.00     14       0        0.0      0.00       0.00        0.776      0.010      0.04           1          208        0.00     1.46       14.82      977.0      591.3      385.7      0.607     c3:14.39; c2:14.20
168 H1142TS185_4       185     BAKER                0.000    0.000    2        A1B1     C1        2        0.00     10       0        0.0      0.00       0.00        0.769      0.010      0.06           1          208        0.00     1.54       14.18      1204.2     763.5      440.7      0.605     c3:14.25; c2:14.10
169 H1142TS185_5       185     BAKER                0.000    0.000    2        A1B1     C1        2        0.00     68       0        0.0      0.00       0.00        0.793      0.010      0.21           1          208        0.00     1.20       11.89      312.8      460.4      -147.5     0.612     c3:14.47; c2:14.45
170 H1142TS187_1       187     TRFold               0.000    0.000    2        A1B1     C1        2        0.00     45       0        0.0      0.00       0.00        0.803      0.011      0.19           1          208        0.00     1.16       12.96      566.6      417.3      149.2      0.614     c3:14.32; c2:13.87
171 H1142TS278_4       278     PEZYFoldings         0.000    0.000    2        A1B1     C1        2        0.00     63       0        0.0      0.00       0.00        0.788      0.012      0.05           1          208        0.00     1.24       15.69      7.4        237.4      -230.0     0.612     c3:14.02; c2:14.41
172 H1142TS288_4       288s    DFolding-server      0.000    0.000    2        A1B1     C1        2        0.00     56       4        0.0      0.00       0.00        0.776      0.013      0.15           1          208        0.00     1.05       12.63      807.9      539.2      268.7      0.616     c3:13.85; c2:14.16
173 H1142TS225_5       225     ShanghaiTech         0.000    0.000    2        A1B1     C1        2        0.00     38       0        0.0      0.00       0.00        0.804      0.016      0.14           1          208        0.00     1.03       10.11      583.3      286.7      296.6      0.618     c3:14.05; c2:13.86
174 H1142TS227_3       227     GinobiFold           0.000    0.000    2        A1B1     C1        2        0.00     35       0        0.0      0.00       0.00        0.806      0.011      0.18           1          208        0.00     1.11       12.62      771.4      516.2      255.1      0.616     c3:14.45; c2:13.85
175 H1142TS278_2       278     PEZYFoldings         0.000    0.000    2        A1B1     C1        2        0.00     45       0        0.0      0.00       0.00        0.792      0.012      0.10           1          208        0.00     1.25       13.64      221.8      302.6      -80.9      0.610     c3:14.01; c2:14.41
176 H1142TS434_5       434     Coqualia             0.000    0.000    2        A1B1     C1        2        0.00     40       0        0.0      0.00       0.00        0.803      0.009      0.17           1          208        0.00     1.11       13.41      914.7      409.4      505.3      0.614     c3:14.66; c2:14.07
177 H1142TS446_1       446s    ColabFold            0.000    0.000    2        A1B1     C1        2        0.00     50       0        0.0      0.00       0.00        0.800      0.011      0.19           1          208        0.00     1.20       13.19      580.5      448.4      132.1      0.613     c3:14.39; c2:13.93
178 H1142TS446_4       446s    ColabFold            0.000    0.000    2        A1B1     C1        2        0.00     38       0        0.0      0.00       0.00        0.804      0.012      0.14           1          208        0.00     1.12       10.79      878.6      561.6      316.9      0.614     c3:14.27; c2:13.98
179 H1142TS003_2       003     MULTICOM_human       0.000    0.000    2        A1B1     C1        2        0.00     32       1        0.0      0.00       0.00        0.805      0.010      0.22           1          208        0.00     1.11       12.83      905.1      500.6      404.5      0.616     c3:14.52; c2:13.85
180 H1142TS461_2       461     colabfold_human      0.000    0.000    2        A1B1     C1        2        0.00     25       1        0.0      0.00       0.00        0.803      0.011      0.13           1          208        0.00     1.12       12.11      1437.7     764.0      673.7      0.615     c3:14.07; c2:13.89
181 H1142TS494_3       494     Venclovas            0.000    0.000    2        A1B1     C1        2        0.00     47       0        0.0      0.00       0.00        0.787      0.011      0.08           1          208        0.00     1.08       13.88      965.3      713.7      251.6      0.615     c3:14.01; c2:14.35
182 H1142TS035_4       035s    Manifold-E           0.000    0.000    2        A1B1     C1        2        0.00     32       0        0.0      0.00       0.00        0.788      0.010      0.17           1          208        0.00     1.54       13.57      1451.5     1027.8     423.6      0.608     c3:14.38; c2:13.91
183 H1142TS150_4       150     Grudinin             0.000    0.000    2        A1B1     C1        2        0.00     35       0        0.0      0.00       0.00        0.803      0.009      0.14           1          208        0.00     1.11       13.45      923.3      326.0      597.3      0.614     c3:14.71; c2:14.14
184 H1142TS185_3       185     BAKER                0.000    0.000    2        A1B1     C1        2        0.00     21       0        0.0      0.00       0.00        0.795      0.020      0.11           1          127        0.00     1.54       11.37      1166.5     759.6      406.9      0.611     c3:13.90; c2:14.34
185 H1142TS205_3       205     Zou                  0.000    0.000    2        A1B1     C1        2        0.00     43       0        0.0      0.00       0.00        0.739      0.007      0.20           1          208        0.00     1.49       17.65      938.9      -153.7     1092.5     0.601     c3:15.10; c2:15.54
186 H1142TS037_4       037     Wallner              0.000    0.000    2        A1B1     C1        2        0.00     30       1        0.0      0.00       0.00        0.803      0.009      0.21           1          208        0.00     0.98       18.21      833.3      268.1      565.2      0.615     c3:14.61; c2:15.21
187 H1142TS067_1       067     ESM-single-sequence  0.000    0.000    2        A1B1     C1        2        0.00     6        0        0.0      0.00       0.00        0.760      0.014      0.05           1          208        0.00     1.64       11.83      2059.6     871.8      1187.8     0.604     c3:13.71; c2:13.56
188 H1142TS086_4       086s    MULTICOM_qa          0.000    0.000    2        A1B1     C1        2        0.00     43       0        0.0      0.00       0.00        0.805      0.012      0.23           1          208        0.00     1.04       12.40      1068.9     499.2      569.7      0.618     c3:14.52; c2:13.96
189 H1142TS097_1       097     Graphen_Medical      0.000    0.000    2        A1B1     C1        2        0.00     72       2        0.0      0.00       0.00        0.798      0.011      0.17           1          208        0.00     1.02       13.66      -197.4     -244.0     46.6       0.616     c3:14.63; c2:13.90
190 H1142TS097_3       097     Graphen_Medical      0.000    0.000    2        A1B1     C1        2        0.00     37       0        0.0      0.00       0.00        0.805      0.011      0.14           1          208        0.00     1.01       11.67      657.0      184.8      472.2      0.616     c3:14.44; c2:13.90
191 H1142TS097_4       097     Graphen_Medical      0.000    0.000    2        A1B1     C1        2        0.00     97       0        0.0      0.00       0.00        0.757      0.013      0.12           1          208        0.00     1.11       11.14      -1139.4    -1279.4    140.1      0.614     c3:14.29; c2:13.87
192 H1142TS098_1       098s    GuijunLab-Assembly   0.000    0.000    2        A1B1     C1        2        0.00     36       0        0.0      0.00       0.00        0.805      0.010      0.22           1          208        0.00     1.12       12.80      800.3      501.6      298.7      0.616     c3:14.56; c2:13.83
193 H1142TS119_1       119     Kiharalab            0.000    0.000    2        A1B1     C1        2        0.00     50       1        0.0      0.00       0.00        0.798      0.012      0.12           1          208        0.00     1.11       12.58      519.3      80.3       439.1      0.614     c3:14.06; c2:14.42
194 H1142TS119_3       119     Kiharalab            0.000    0.000    2        A1B1     C1        2        0.00     48       1        0.0      0.00       0.00        0.794      0.012      0.13           1          208        0.00     1.12       12.44      571.7      96.2       475.6      0.614     c3:14.07; c2:14.38
195 H1142TS125_1       125s    UltraFold_Server     0.000    0.000    2        A1B1     C1        2        0.00     26       1        0.0      0.00       0.00        0.805      0.010      0.16           1          208        0.00     1.18       12.95      1195.1     592.0      603.1      0.614     c3:14.30; c2:13.92
196 H1142TS125_2       125s    UltraFold_Server     0.000    0.000    2        A1B1     C1        2        0.00     30       0        0.0      0.00       0.00        0.808      0.008      0.23           1          208        0.00     1.14       17.40      1061.9     482.6      579.2      0.612     c3:14.93; c2:15.28
197 H1142TS125_3       125s    UltraFold_Server     0.000    0.000    2        A1B1     C1        2        0.00     25       0        0.0      0.00       0.00        0.803      0.010      0.12           1          208        0.00     1.21       12.04      1104.3     392.9      711.5      0.612     c3:14.25; c2:14.11
198 H1142TS125_4       125s    UltraFold_Server     0.000    0.000    2        A1B1     C1        2        0.00     33       0        0.0      0.00       0.00        0.806      0.011      0.17           1          208        0.00     1.18       12.57      1085.2     417.5      667.7      0.614     c3:14.05; c2:14.36
199 H1142TS131_1       131s    Kiharalab_Server     0.000    0.000    2        A1B1     C1        2        0.00     50       1        0.0      0.00       0.00        0.798      0.012      0.12           1          208        0.00     1.11       12.58      527.2      130.8      396.4      0.614     c3:14.06; c2:14.42
200 H1142TS133_4       133s    ShanghaiTech-TS-SER  0.000    0.000    2        A1B1     C1        2        0.00     32       0        0.0      0.00       0.00        0.802      0.010      0.15           1          208        0.00     1.12       14.13      970.7      451.6      519.1      0.615     c3:14.23; c2:13.94
201 H1142TS147_5       147     SHT                  0.000    0.000    2        A1B1     C1        2        0.00     41       2        0.0      0.00       0.00        0.737      0.006      0.09           1          208        0.00     1.49       21.76      484.8      259.0      225.9      0.606     c3:14.14; c2:13.52
202 H1142TS150_1       150     Grudinin             0.000    0.000    2        A1B1     C1        2        0.00     34       0        0.0      0.00       0.00        0.806      0.011      0.17           1          208        0.00     1.12       13.00      894.6      453.3      441.3      0.616     c3:14.47; c2:13.93
203 H1142TS169_4       169     GuijunLab-Human      0.000    0.000    2        A1B1     C1        2        0.00     33       0        0.0      0.00       0.00        0.819      0.011      0.17           1          208        0.00     1.11       12.31      1095.8     467.1      628.7      0.614     c3:14.13; c2:14.33
204 H1142TS180_5       180     McGuffin             0.000    0.000    2        A1B1     C1        2        0.00     32       0        0.0      0.00       0.00        0.803      0.010      0.13           1          208        0.00     1.14       14.06      659.6      353.4      306.3      0.614     c3:14.33; c2:13.95
205 H1142TS227_1       227     GinobiFold           0.000    0.000    2        A1B1     C1        2        0.00     49       1        0.0      0.00       0.00        0.797      0.014      0.14           1          208        0.00     1.13       11.99      1132.5     434.7      697.8      0.615     c3:14.10; c2:13.92
206 H1142TS234_3       234     Panlab               0.000    0.000    2        A1B1     C1        2        0.00     22       2        0.0      0.00       0.00        0.773      0.009      0.13           1          208        0.00     1.12       14.47      1496.4     891.6      604.8      0.613     c3:14.00; c2:14.65
207 H1142TS298_3       298s    MUFold               0.000    0.000    2        A1B1     C1        2        0.00     38       1        0.0      0.00       0.00        0.803      0.011      0.12           1          208        0.00     1.11       11.75      805.4      294.5      510.9      0.614     c3:14.16; c2:14.20
208 H1142TS320_2       320     Elofsson             0.000    0.000    2        A1B1     C1        2        0.00     36       0        0.0      0.00       0.00        0.806      0.011      0.19           1          208        0.00     1.12       13.04      704.1      402.4      301.8      0.616     c3:14.46; c2:13.87
209 H1142TS333_3       333s    FALCON0              0.000    0.000    2        A1B1     C1        2        0.00     0        0        -        -          -           0.538      0.000      -              1          208        0.00     1.28       -          12577.8    4807.5     7770.3     0.093     c3:77.26; c2:76.89
210 H1142TS360_5       360     MUFold_H             0.000    0.000    2        A1B1     C1        2        0.00     37       0        0.0      0.00       0.00        0.808      0.011      0.13           1          208        0.00     1.11       12.43      1053.8     511.5      542.3      0.614     c3:14.07; c2:14.35
211 H1142TS367_3       367     MULTICOM             0.000    0.000    2        A1B1     C1        2        0.00     38       0        0.0      0.00       0.00        0.809      0.011      0.20           1          208        0.00     1.11       12.56      847.4      477.6      369.8      0.616     c3:14.49; c2:13.87
212 H1142TS374_1       374     Zheng                0.000    0.000    2        A1B1     C1        2        0.00     57       0        0.0      0.00       0.00        0.804      0.009      0.21           1          208        0.00     1.15       13.37      252.7      246.3      6.4        0.614     c3:14.95; c2:14.10
213 H1142TS398_1       398     ChaePred             0.000    0.000    2        A1B1     C1        2        0.00     88       4        0.0      0.00       0.00        0.763      0.019      0.16           1          208        0.00     1.12       12.29      36.1       104.8      -68.7      0.620     c3:13.96; c2:14.10
214 H1142TS494_4       494     Venclovas            0.000    0.000    2        A1B1     C1        2        0.00     24       0        0.0      0.00       0.00        0.778      0.022      0.02           1          208        0.00     1.23       11.21      1456.0     1104.3     351.7      0.620     c3:13.96; c2:14.26
215 H1142TS003_1       003     MULTICOM_human       0.000    0.000    2        A1B1     C1        2        0.00     43       0        0.0      0.00       0.00        0.805      0.012      0.22           1          208        0.00     1.06       12.47      1011.6     541.4      470.2      0.617     c3:14.56; c2:13.96
216 H1142TS131_2       131s    Kiharalab_Server     0.000    0.000    2        A1B1     C1        2        0.00     48       1        0.0      0.00       0.00        0.794      0.012      0.13           1          208        0.00     1.12       12.44      576.4      140.8      435.6      0.614     c3:14.07; c2:14.38
217 H1142TS180_4       180     McGuffin             0.000    0.000    2        A1B1     C1        2        0.00     37       0        0.0      0.00       0.00        0.802      0.011      0.17           1          208        0.00     1.14       13.50      700.5      330.6      369.9      0.614     c3:14.44; c2:13.95
218 H1142TS234_5       234     Panlab               0.000    0.000    2        A1B1     C1        2        0.00     21       0        0.0      0.00       0.00        0.765      0.014      0.20           1          208        0.00     1.12       11.05      1433.0     863.6      569.4      0.616     c3:14.19; c2:14.10
219 H1142TS245_1       245s    FoldEver             0.000    0.000    2        A1B1     C1        2        0.00     29       0        0.0      0.00       0.00        0.795      0.010      0.22           1          208        0.00     1.12       13.23      829.6      258.5      571.2      0.615     c3:14.50; c2:13.88
220 H1142TS434_1       434     Coqualia             0.000    0.000    2        A1B1     C1        2        0.00     49       1        0.0      0.00       0.00        0.797      0.014      0.14           1          208        0.00     1.13       11.99      1132.5     434.7      697.8      0.615     c3:14.10; c2:13.92
221 H1142TS434_2       434     Coqualia             0.000    0.000    2        A1B1     C1        2        0.00     38       0        0.0      0.00       0.00        0.804      0.011      0.20           1          208        0.00     1.12       12.37      978.8      563.0      415.9      0.616     c3:14.26; c2:13.85
222 H1142TS434_3       434     Coqualia             0.000    0.000    2        A1B1     C1        2        0.00     35       0        0.0      0.00       0.00        0.806      0.011      0.18           1          208        0.00     1.11       12.62      771.4      516.2      255.1      0.616     c3:14.45; c2:13.85
223 H1142TS434_4       434     Coqualia             0.000    0.000    2        A1B1     C1        2        0.00     39       0        0.0      0.00       0.00        0.802      0.011      0.19           1          208        0.00     1.13       13.29      696.2      393.5      302.8      0.615     c3:14.33; c2:13.92
224 H1142TS439_1       439     Yang                 0.000    0.000    2        A1B1     C1        2        0.00     30       0        0.0      0.00       0.00        0.781      0.016      0.17           1          208        0.00     1.17       11.72      1692.4     196.7      1495.6     0.616     c3:13.86; c2:14.09
225 H1142TS439_2       439     Yang                 0.000    0.000    2        A1B1     C1        2        0.00     47       1        0.0      0.00       0.00        0.773      0.012      0.11           1          208        0.00     1.13       12.16      843.3      -119.9     963.2      0.614     c3:14.03; c2:14.41
226 H1142TS439_3       439     Yang                 0.000    0.000    2        A1B1     C1        2        0.00     42       0        0.0      0.00       0.00        0.775      0.010      0.20           1          208        0.00     1.13       14.07      1117.7     -48.5      1166.2     0.613     c3:13.89; c2:14.22
227 H1142TS073_3       073s    DFolding-refine      0.000    0.000    2        A1B1     C1        2        0.00     37       0        0.0      0.00       0.00        0.709      0.012      0.16           1          208        0.00     2.14       13.80      902.2      -726.6     1628.9     0.588     c3:14.55; c2:13.99
228 H1142TS461_5       461     colabfold_human      0.000    0.000    2        A1B1     C1        2        0.00     36       2        0.0      0.00       0.00        0.806      0.012      0.14           1          208        0.00     1.17       11.80      1390.4     802.1      588.3      0.613     c3:13.99; c2:14.14
229 H1142TS239_4       239s    Yang-Multimer        0.000    0.000    2        A1B1     C1        2        0.00     30       0        0.0      0.00       0.00        0.780      0.015      0.17           1          208        0.00     1.17       11.87      1680.8     163.4      1517.4     0.615     c3:13.93; c2:13.97
230 H1142TS098_5       098s    GuijunLab-Assembly   0.000    0.000    2        A1B1     C1        2        0.00     39       0        0.0      0.00       0.00        0.797      0.011      0.23           1          208        0.00     1.13       12.69      471.3      122.2      349.1      0.616     c3:14.54; c2:13.89
231 H1142TS278_1       278     PEZYFoldings         0.000    0.000    2        A1B1     C1        2        0.00     52       0        0.0      0.00       0.00        0.776      0.010      0.07           1          208        0.00     1.68       14.27      -295.1     129.3      -424.4     0.602     c3:13.77; c2:14.12
232 H1142TS150_2       150     Grudinin             0.000    0.000    2        A1B1     C1        2        0.00     33       1        0.0      0.00       0.00        0.807      0.010      0.19           1          208        0.00     1.11       12.64      901.2      527.2      374.0      0.616     c3:14.43; c2:13.85
233 H1142TS187_2       187     TRFold               0.000    0.000    2        A1B1     C1        2        0.00     22       1        0.0      0.00       0.00        0.805      0.011      0.14           1          208        0.00     1.09       12.44      1570.4     773.4      797.0      0.616     c3:14.15; c2:13.83
234 H1142TS348_2       348     Takeda-Shitaka_Lab   0.000    0.000    2        A1B1     C1        2        0.00     36       0        0.0      0.00       0.00        0.806      0.011      0.19           1          208        0.00     1.12       13.04      711.9      368.2      343.7      0.616     c3:14.46; c2:13.87
235 H1142TS360_2       360     MUFold_H             0.000    0.000    2        A1B1     C1        2        0.00     33       1        0.0      0.00       0.00        0.803      0.011      0.12           1          208        0.00     1.11       12.44      993.7      416.2      577.6      0.614     c3:14.02; c2:14.31
236 H1142TS133_5       133s    ShanghaiTech-TS-SER  0.000    0.000    2        A1B1     C1        2        0.00     41       0        0.0      0.00       0.00        0.794      0.011      0.16           1          208        0.00     1.12       13.11      490.0      102.5      387.4      0.614     c3:13.93; c2:14.44
237 H1142TS086_2       086s    MULTICOM_qa          0.000    0.000    2        A1B1     C1        2        0.00     26       0        0.0      0.00       0.00        0.803      0.014      0.11           1          208        0.00     1.24       10.29      990.4      586.3      404.1      0.615     c3:14.10; c2:13.86
238 H1142TS444_2       444     CoDock               0.000    0.000    2        A1B1     C1        2        0.00     36       0        0.0      0.00       0.00        0.771      0.011      0.16           1          208        0.00     1.34       13.04      1176.2     768.1      408.0      0.611     c3:14.58; c2:14.12
239 H1142TS131_5       131s    Kiharalab_Server     0.000    0.000    2        A1B1     C1        2        0.00     46       0        0.0      0.00       0.00        0.800      0.011      0.10           1          208        0.00     1.11       11.76      795.0      392.9      402.1      0.614     c3:14.09; c2:14.20
240 H1142TS086_3       086s    MULTICOM_qa          0.000    0.000    2        A1B1     C1        2        0.00     38       0        0.0      0.00       0.00        0.793      0.011      0.21           1          208        0.00     1.12       12.47      737.6      360.1      377.4      0.615     c3:14.20; c2:13.88
241 H1142TS288_5       288s    DFolding-server      0.000    0.000    2        A1B1     C1        2        0.00     59       4        0.0      0.00       0.00        0.772      0.013      0.12           1          208        0.00     1.03       11.25      702.4      420.2      282.2      0.616     c3:13.95; c2:14.11
242 H1142TS071_2       071s    RaptorX-Multimer     0.000    0.000    2        A1B1     C1        2        0.00     41       0        0.0      0.00       0.00        0.753      0.011      0.13           1          208        0.00     1.35       11.55      1224.7     560.7      664.0      0.607     c3:14.19; c2:14.10
243 H1142TS119_5       119     Kiharalab            0.000    0.000    2        A1B1     C1        2        0.00     42       1        0.0      0.00       0.00        0.800      0.012      0.12           1          208        0.00     1.11       12.49      707.5      281.5      426.0      0.614     c3:14.05; c2:14.34
244 H1142TS215_2       215s    XRC_VU               0.000    0.000    2        A1B1     C1        2        0.00     12       0        0.0      0.00       0.00        0.783      0.015      0.07           1          208        0.00     1.13       10.65      1771.5     1039.2     732.3      0.615     c3:14.00; c2:13.81
245 H1142TS097_5       097     Graphen_Medical      0.000    0.000    2        A1B1     C1        2        0.00     56       1        0.0      0.00       0.00        0.790      0.014      0.14           1          208        0.00     1.06       11.23      5.4        -163.9     169.3      0.616     c3:14.07; c2:13.86
246 H1142TS011_1       011s    GinobiFold-SER       0.000    0.000    2        A1B1     C1        2        0.00     49       1        0.0      0.00       0.00        0.797      0.014      0.14           1          208        0.00     1.13       11.99      1132.5     434.7      697.8      0.615     c3:14.10; c2:13.92
247 H1142TS447_1       447     DELCLAB              0.000    0.000    2        A1B1     C1        2        0.00     73       1        0.0      0.00       0.00        0.711      0.011      0.13           1          208        0.00     1.40       13.42      -1962.0    -2170.3    208.4      0.604     c3:13.96; c2:13.84
248 H1142TS461_1       461     colabfold_human      0.000    0.000    2        A1B1     C1        2        0.00     50       0        0.0      0.00       0.00        0.800      0.011      0.19           1          208        0.00     1.20       13.19      580.5      448.4      132.1      0.613     c3:14.39; c2:13.93
249 H1142TS447_4       447     DELCLAB              0.000    0.000    2        A1B1     C1        2        0.00     110      0        0.0      0.00       0.00        0.709      0.011      0.04           1          208        0.00     1.32       16.85      -1968.6    -1982.5    14.0       0.608     c3:14.03; c2:13.87
250 H1142TS011_3       011s    GinobiFold-SER       0.000    0.000    2        A1B1     C1        2        0.00     35       0        0.0      0.00       0.00        0.806      0.011      0.18           1          208        0.00     1.11       12.62      771.4      516.2      255.1      0.616     c3:14.45; c2:13.85
251 H1142TS215_1       215s    XRC_VU               0.000    0.000    2        A1B1     C1        2        0.00     20       0        0.0      0.00       0.00        0.776      0.013      0.08           1          208        0.00     1.17       11.73      1343.5     713.2      630.2      0.614     c3:14.17; c2:13.79
252 H1142TS257_4       257     WL_team              0.000    0.000    2        A1B1     C1        2        0.00     37       0        0.0      0.00       0.00        0.684      0.011      0.21           1          208        0.00     1.81       12.86      1358.3     1015.4     342.9      0.596     c3:14.79; c2:14.17
253 H1142TS462_4       462s    MultiFOLD            0.000    0.000    2        A1B1     C1        2        0.00     27       0        0.0      0.00       0.00        0.787      0.011      0.14           1          208        0.00     1.13       12.59      931.5      690.9      240.6      0.611     c3:13.74; c2:14.08
254 H1142TS011_2       011s    GinobiFold-SER       0.000    0.000    2        A1B1     C1        2        0.00     38       0        0.0      0.00       0.00        0.804      0.011      0.20           1          208        0.00     1.12       12.37      978.8      563.0      415.9      0.616     c3:14.26; c2:13.85
255 H1142TS003_5       003     MULTICOM_human       0.000    0.000    2        A1B1     C1        2        0.00     38       0        0.0      0.00       0.00        0.793      0.011      0.21           1          208        0.00     1.12       12.57      821.7      413.4      408.3      0.615     c3:14.26; c2:13.89
256 H1142TS011_4       011s    GinobiFold-SER       0.000    0.000    2        A1B1     C1        2        0.00     39       0        0.0      0.00       0.00        0.802      0.011      0.19           1          208        0.00     1.13       13.29      696.2      393.5      302.8      0.615     c3:14.33; c2:13.92
257 H1142TS035_5       035s    Manifold-E           0.000    0.000    2        A1B1     C1        2        0.00     32       0        0.0      0.00       0.00        0.790      0.012      0.19           1          208        0.00     1.11       12.84      1125.3     909.7      215.6      0.616     c3:14.27; c2:13.97
258 H1142TS037_1       037     Wallner              0.000    0.000    2        A1B1     C1        2        0.00     35       0        0.0      0.00       0.00        0.792      0.006      0.18           1          208        0.00     1.40       19.21      224.0      -62.9      286.9      0.608     c3:14.80; c2:15.12
259 H1142TS054_1       054     UltraFold            0.000    0.000    2        A1B1     C1        2        0.00     26       1        0.0      0.00       0.00        0.805      0.010      0.16           1          208        0.00     1.18       12.95      1195.1     592.0      603.1      0.614     c3:14.30; c2:13.92
260 H1142TS054_2       054     UltraFold            0.000    0.000    2        A1B1     C1        2        0.00     30       0        0.0      0.00       0.00        0.808      0.008      0.23           1          208        0.00     1.14       17.40      1061.9     482.6      579.2      0.612     c3:14.93; c2:15.28
261 H1142TS067_2       067     ESM-single-sequence  0.000    0.000    2        A1B1     C1        2        0.00     9        0        0.0      0.00       0.00        0.736      0.012      0.12           1          208        0.00     1.90       11.75      2832.4     1176.6     1655.9     0.592     c3:13.81; c2:13.57
262 H1142TS073_1       073s    DFolding-refine      0.000    0.000    2        A1B1     C1        2        0.00     29       0        0.0      0.00       0.00        0.714      0.010      0.14           1          208        0.00     1.75       13.82      562.9      -863.0     1425.9     0.595     c3:14.47; c2:13.69
263 H1142TS073_5       073s    DFolding-refine      0.000    0.000    2        A1B1     C1        2        0.00     36       0        0.0      0.00       0.00        0.696      0.011      0.11           1          208        0.00     1.76       12.31      611.5      -932.9     1544.4     0.595     c3:14.08; c2:14.25
264 H1142TS086_5       086s    MULTICOM_qa          0.000    0.000    2        A1B1     C1        2        0.00     37       0        0.0      0.00       0.00        0.801      0.014      0.14           1          208        0.00     1.27       12.23      1204.0     681.9      522.1      0.614     c3:13.95; c2:14.05
265 H1142TS131_4       131s    Kiharalab_Server     0.000    0.000    2        A1B1     C1        2        0.00     42       3        0.0      0.00       0.00        0.799      0.012      0.14           1          208        0.00     1.11       12.27      729.0      332.1      396.9      0.614     c3:14.04; c2:14.30
266 H1142TS133_1       133s    ShanghaiTech-TS-SER  0.000    0.000    2        A1B1     C1        2        0.00     41       0        0.0      0.00       0.00        0.794      0.011      0.16           1          208        0.00     1.12       13.11      490.0      102.5      387.4      0.614     c3:13.93; c2:14.44
267 H1142TS227_5       227     GinobiFold           0.000    0.000    2        A1B1     C1        2        0.00     40       0        0.0      0.00       0.00        0.803      0.009      0.17           1          208        0.00     1.11       13.41      914.7      409.4      505.3      0.614     c3:14.66; c2:14.07
268 H1142TS234_1       234     Panlab               0.000    0.000    2        A1B1     C1        2        0.00     36       1        0.0      0.00       0.00        0.760      0.009      0.10           1          208        0.00     1.12       14.76      1157.3     587.7      569.5      0.614     c3:13.92; c2:14.62
269 H1142TS248_1       248     Manifold             0.000    0.000    2        A1B1     C1        2        0.00     24       0        0.0      0.00       0.00        0.798      0.011      0.15           1          208        0.00     1.11       13.43      1419.3     977.9      441.4      0.616     c3:14.38; c2:13.88
270 H1142TS248_5       248     Manifold             0.000    0.000    2        A1B1     C1        2        0.00     32       0        0.0      0.00       0.00        0.790      0.012      0.19           1          208        0.00     1.11       12.84      1125.3     909.7      215.6      0.616     c3:14.27; c2:13.97
271 H1142TS257_5       257     WL_team              0.000    0.000    2        A1B1     C1        2        0.00     36       0        0.0      0.00       0.00        0.699      0.011      0.21           1          208        0.00     1.60       13.16      1597.8     798.2      799.6      0.600     c3:14.59; c2:14.05
272 H1142TS288_2       288s    DFolding-server      0.000    0.000    2        A1B1     C1        2        0.00     41       0        0.0      0.00       0.00        0.798      0.011      0.23           1          208        0.00     1.02       12.73      1130.5     579.2      551.3      0.617     c3:14.43; c2:13.82
273 H1142TS288_3       288s    DFolding-server      0.000    0.000    2        A1B1     C1        2        0.00     53       2        0.0      0.00       0.00        0.781      0.011      0.16           1          208        0.00     1.02       13.80      855.0      570.2      284.8      0.616     c3:14.17; c2:13.92
274 H1142TS298_5       298s    MUFold               0.000    0.000    2        A1B1     C1        2        0.00     42       1        0.0      0.00       0.00        0.802      0.012      0.15           1          208        0.00     1.11       12.14      719.2      197.3      522.0      0.614     c3:14.05; c2:14.30
275 H1142TS320_3       320     Elofsson             0.000    0.000    2        A1B1     C1        2        0.00     33       1        0.0      0.00       0.00        0.807      0.010      0.19           1          208        0.00     1.11       12.64      895.3      515.6      379.7      0.616     c3:14.43; c2:13.85
276 H1142TS333_1       333s    FALCON0              0.000    0.000    2        A1B1     C1        2        0.00     0        0        -        -          -           0.549      0.000      -              1          208        0.00     1.07       -          12054.3    4659.6     7394.8     0.093     c3:77.67; c2:77.44
277 H1142TS333_5       333s    FALCON0              0.000    0.000    2        A1B1     C1        2        0.00     0        0        -        -          -           0.544      0.000      -              1          208        0.00     1.13       -          11944.9    4549.2     7395.7     0.094     c3:76.06; c2:76.91
278 H1142TS360_3       360     MUFold_H             0.000    0.000    2        A1B1     C1        2        0.00     43       0        0.0      0.00       0.00        0.800      0.012      0.11           1          208        0.00     1.13       12.32      540.0      -21.8      561.8      0.614     c3:14.05; c2:14.34
279 H1142TS367_2       367     MULTICOM             0.000    0.000    2        A1B1     C1        2        0.00     40       0        0.0      0.00       0.00        0.805      0.011      0.21           1          208        0.00     1.05       12.71      1098.5     552.7      545.8      0.617     c3:14.56; c2:13.95
280 H1142TS367_5       367     MULTICOM             0.000    0.000    2        A1B1     C1        2        0.00     37       0        0.0      0.00       0.00        0.793      0.011      0.22           1          208        0.00     1.11       12.55      808.0      405.3      402.7      0.615     c3:14.24; c2:13.88
281 H1142TS368_1       368s    FALCON2              0.000    0.000    2        A1B1     C1        2        0.00     0        0        -        -          -           0.549      0.000      -              1          208        0.00     1.07       -          12054.3    4659.6     7394.8     0.093     c3:77.67; c2:77.44
282 H1142TS368_4       368s    FALCON2              0.000    0.000    2        A1B1     C1        2        0.00     0        0        -        -          -           0.543      0.000      -              1          208        0.00     1.10       -          12874.9    4842.0     8032.9     0.094     c3:77.01; c2:78.19
283 H1142TS368_5       368s    FALCON2              0.000    0.000    2        A1B1     C1        2        0.00     0        0        -        -          -           0.544      0.000      -              1          208        0.00     1.13       -          11944.9    4549.2     7395.7     0.094     c3:76.06; c2:76.91
284 H1142TS011_5       011s    GinobiFold-SER       0.000    0.000    2        A1B1     C1        2        0.00     40       0        0.0      0.00       0.00        0.803      0.009      0.17           1          208        0.00     1.11       13.41      914.7      409.4      505.3      0.614     c3:14.66; c2:14.07
285 H1142TS071_1       071s    RaptorX-Multimer     0.000    0.000    2        A1B1     C1        2        0.00     39       0        0.0      0.00       0.00        0.764      0.011      0.15           1          208        0.00     1.13       11.45      804.9      453.8      351.1      0.612     c3:14.04; c2:13.89
286 H1142TS385_1       385     FoldEver-Hybrid      0.000    0.000    2        A1B1     C1        2        0.00     29       0        0.0      0.00       0.00        0.795      0.010      0.22           1          208        0.00     1.12       13.23      829.6      258.5      571.2      0.615     c3:14.50; c2:13.88
287 H1142TS390_1       390s    NBIS-AF2-multimer    0.000    0.000    2        A1B1     C1        2        0.00     34       0        0.0      0.00       0.00        0.806      0.011      0.17           1          208        0.00     1.12       13.00      894.6      453.3      441.3      0.616     c3:14.47; c2:13.93
288 H1142TS390_2       390s    NBIS-AF2-multimer    0.000    0.000    2        A1B1     C1        2        0.00     36       0        0.0      0.00       0.00        0.806      0.011      0.19           1          208        0.00     1.12       13.04      704.1      402.4      301.8      0.616     c3:14.46; c2:13.87