    Model              Gr.Code Group                QSglob   QSbest   Mol.Size Stoich.  Symm.     SymmSize SymmRMSD No.Conts No.Clash F1       Prec.Iface Recal.Iface lDDToligo  DockQ_Avg  Jaccard.Coeff. Align.Size Align.Len  Orient   LocalRMSD  Iface.RMSD SA.total   SA.polar  SA.apolar  TMscore    SymmGr.RMSD
1   H1157TS374_1       374     Zheng                0.799    0.799    2        A1B1     C1        2        0.00     151      0        73.6     73.20      74.10       0.705      0.370      0.68           2          1248       0.03     8.25       3.54       12875.8    9118.5     3757.3     0.791     c3:25.70; c2:24.81
2   H1157TS477_1       477     DMP                  0.797    0.797    2        A1B1     C1        2        0.00     152      0        74.0     74.50      73.50       0.702      0.388      0.69           2          1251       0.04     8.25       3.56       14062.7    10281.9    3780.9     0.799     c3:25.27; c2:24.17
3   H1157TS360_3       360     MUFold_H             0.797    0.797    2        A1B1     C1        2        0.00     152      0        72.3     71.80      72.80       0.704      0.400      0.67           2          1262       0.04     8.37       3.75       14316.6    9320.1     4996.5     0.799     c3:25.27; c2:24.17
4   H1157TS119_2       119     Kiharalab            0.796    0.796    2        A1B1     C1        2        0.00     149      0        73.7     74.00      73.50       0.704      0.385      0.67           2          1249       0.04     8.08       3.50       14064.0    9985.6     4078.4     0.793     c3:25.82; c2:25.14
5   H1157TS119_1       119     Kiharalab            0.795    0.795    2        A1B1     C1        2        0.00     150      0        74.6     74.30      74.80       0.704      0.390      0.68           2          1249       0.04     8.08       3.50       14038.2    9963.6     4074.6     0.793     c3:25.82; c2:25.14
6   H1157TS494_3       494     Venclovas            0.795    0.795    2        A1B1     C1        2        0.00     155      0        72.9     74.50      71.40       0.705      0.361      0.64           2          1250       0.04     8.09       3.63       14304.8    11126.9    3177.8     0.795     c3:26.11; c2:25.71
7   H1157TS288_2       288s    DFolding-server      0.792    0.792    2        A1B1     C1        2        0.00     157      0        72.0     70.60      73.50       0.706      0.374      0.67           2          1250       0.04     8.12       3.65       12574.0    9129.9     3444.2     0.792     c3:25.46; c2:25.39
8   H1157TS180_2       180     McGuffin             0.792    0.792    2        A1B1     C1        2        0.00     151      0        74.0     75.40      72.80       0.711      0.387      0.66           2          1252       0.05     8.30       3.46       12765.2    9744.7     3020.5     0.801     c3:24.63; c2:24.00
9   H1157TS462_2       462s    MultiFOLD            0.792    0.792    2        A1B1     C1        2        0.00     151      0        74.0     75.40      72.80       0.711      0.387      0.66           2          1252       0.05     8.30       3.46       12765.2    9744.7     3020.5     0.801     c3:24.63; c2:24.00
10  H1157TS074_2       074     DFolding             0.792    0.792    2        A1B1     C1        2        0.00     157      0        72.0     70.60      73.50       0.706      0.374      0.67           2          1250       0.04     8.12       3.65       12574.0    9129.9     3444.2     0.792     c3:25.46; c2:25.39
11  H1157TS180_1       180     McGuffin             0.791    0.791    2        A1B1     C1        2        0.00     154      0        74.3     75.90      72.80       0.708      0.383      0.66           2          1251       0.05     7.98       3.53       13624.2    10043.5    3580.7     0.802     c3:25.09; c2:24.28
12  H1157TS035_2       035s    Manifold-E           0.791    0.791    2        A1B1     C1        2        0.00     141      0        76.8     78.20      75.50       0.706      0.364      0.69           2          1248       0.04     8.35       4.22       18631.2    11907.6    6723.6     0.787     c3:28.47; c2:27.89
13  H1157TS462_1       462s    MultiFOLD            0.791    0.791    2        A1B1     C1        2        0.00     154      0        74.3     75.90      72.80       0.708      0.383      0.66           2          1251       0.05     7.98       3.53       13624.2    10043.5    3580.7     0.802     c3:25.09; c2:24.28
14  H1157TS248_2       248     Manifold             0.791    0.791    2        A1B1     C1        2        0.00     141      0        76.8     78.20      75.50       0.706      0.364      0.69           2          1248       0.04     8.35       4.22       18631.2    11907.6    6723.6     0.787     c3:28.47; c2:27.89
15  H1157TS119_5       119     Kiharalab            0.790    0.790    2        A1B1     C1        2        0.00     146      0        73.2     73.00      73.50       0.701      0.382      0.64           2          1251       0.05     8.29       3.51       13597.0    9908.8     3688.2     0.793     c3:24.98; c2:23.77
16  H1157TS035_5       035s    Manifold-E           0.790    0.790    2        A1B1     C1        2        0.00     145      0        75.6     76.40      74.80       0.703      0.371      0.69           2          1248       0.04     8.26       3.89       18446.3    11615.2    6831.1     0.785     c3:28.51; c2:28.29
17  H1157TS035_1       035s    Manifold-E           0.790    0.790    2        A1B1     C1        2        0.00     144      0        78.4     79.20      77.60       0.706      0.383      0.71           2          1248       0.04     8.20       3.83       18190.2    11749.2    6441.0     0.786     c3:28.46; c2:28.33
18  H1157TS248_5       248     Manifold             0.790    0.790    2        A1B1     C1        2        0.00     145      0        75.6     76.40      74.80       0.703      0.371      0.69           2          1248       0.04     8.26       3.89       18446.3    11615.2    6831.1     0.785     c3:28.51; c2:28.29
19  H1157TS446_3       446s    ColabFold            0.790    0.790    2        A1B1     C1        2        0.00     153      0        71.6     71.10      72.10       0.706      0.381      0.65           2          1251       0.04     8.22       3.63       13467.6    9347.8     4119.9     0.797     c3:25.59; c2:24.79
20  H1157TS011_5       011s    GinobiFold-SER       0.790    0.790    2        A1B1     C1        2        0.00     148      0        71.5     72.20      70.70       0.704      0.400      0.66           2          1253       0.04     8.22       3.60       14612.7    9963.7     4649.0     0.798     c3:24.97; c2:24.14
21  H1157TS461_3       461     colabfold_human      0.790    0.790    2        A1B1     C1        2        0.00     153      0        71.6     71.10      72.10       0.706      0.381      0.65           2          1251       0.04     8.22       3.63       13467.6    9347.8     4119.9     0.797     c3:25.59; c2:24.79
22  H1157TS434_5       434     Coqualia             0.790    0.790    2        A1B1     C1        2        0.00     148      0        71.5     72.20      70.70       0.704      0.400      0.66           2          1253       0.04     8.22       3.60       14612.7    9963.7     4649.0     0.798     c3:24.97; c2:24.14
23  H1157TS119_4       119     Kiharalab            0.790    0.790    2        A1B1     C1        2        0.00     156      0        72.7     71.20      74.10       0.698      0.376      0.68           2          1249       0.04     8.38       3.61       13581.3    9776.7     3804.7     0.792     c3:25.64; c2:24.80
24  H1157TS248_1       248     Manifold             0.790    0.790    2        A1B1     C1        2        0.00     144      0        78.4     79.20      77.60       0.706      0.383      0.71           2          1248       0.04     8.20       3.83       18190.2    11749.2    6441.0     0.786     c3:28.46; c2:28.33
25  H1157TS360_2       360     MUFold_H             0.789    0.789    2        A1B1     C1        2        0.00     151      0        71.7     71.90      71.40       0.704      0.370      0.65           2          1250       0.04     8.16       3.63       13420.0    9228.6     4191.5     0.795     c3:25.48; c2:24.29
26  H1157TS350_3       350     ClusPro              0.789    0.789    2        A1B1     C1        2        0.00     148      0        71.8     70.10      73.50       0.701      0.382      0.67           2          1250       0.05     8.17       3.35       10299.4    7946.7     2352.7     0.798     c3:24.93; c2:23.95
27  H1157TS291_3       291     Kozakov-Vajda        0.789    0.789    2        A1B1     C1        2        0.00     148      0        71.8     70.10      73.50       0.701      0.382      0.67           2          1250       0.05     8.17       3.35       10299.4    7946.7     2352.7     0.798     c3:24.93; c2:23.95
28  H1157TS003_5       003     MULTICOM_human       0.789    0.789    2        A1B1     C1        2        0.00     153      0        73.0     72.50      73.50       0.705      0.383      0.68           2          1250       0.04     8.03       3.46       13634.9    9836.9     3798.0     0.794     c3:26.38; c2:25.82
29  H1157TS374_2       374     Zheng                0.789    0.789    2        A1B1     C1        2        0.00     158      0        73.6     72.40      74.80       0.705      0.375      0.70           2          1250       0.04     8.37       3.64       12014.6    8401.8     3612.8     0.789     c3:25.97; c2:24.85
30  H1157TS360_4       360     MUFold_H             0.789    0.789    2        A1B1     C1        2        0.00     150      0        73.0     73.30      72.80       0.701      0.387      0.67           2          1250       0.04     8.16       3.33       13121.0    9517.5     3603.5     0.796     c3:25.54; c2:24.55
31  H1157TS298_1       298s    MUFold               0.789    0.789    2        A1B1     C1        2        0.00     150      0        73.0     73.30      72.80       0.701      0.387      0.67           2          1250       0.04     8.16       3.33       13121.0    9517.5     3603.5     0.796     c3:25.54; c2:24.55
32  H1157TS119_3       119     Kiharalab            0.789    0.789    2        A1B1     C1        2        0.00     154      0        73.5     71.60      75.50       0.698      0.381      0.69           2          1249       0.04     8.38       3.61       13547.3    9751.9     3795.4     0.792     c3:25.64; c2:24.80
33  H1157TS248_4       248     Manifold             0.788    0.788    2        A1B1     C1        2        0.00     143      0        76.8     78.20      75.50       0.707      0.368      0.69           2          1248       0.04     8.21       3.93       18252.5    11605.3    6647.2     0.788     c3:28.60; c2:28.42
34  H1157TS133_4       133s    ShanghaiTech-TS-SER  0.788    0.788    2        A1B1     C1        2        0.00     155      0        72.9     73.60      72.10       0.694      0.405      0.67           2          1253       0.04     8.26       3.62       14753.5    9744.1     5009.4     0.796     c3:25.12; c2:24.25
35  H1157TS239_1       239s    Yang-Multimer        0.788    0.823    2        A1B1     C1        2        0.00     151      0        73.4     75.50      71.40       0.678      0.457      0.64           2          1292       0.04     8.31       2.68       895.7      900.0      -4.2       0.784     c3:22.97; c2:22.07
36  H1157TS229_2       229s    Yang-Server          0.788    0.823    2        A1B1     C1        2        0.00     151      0        73.4     75.50      71.40       0.678      0.457      0.64           2          1292       0.04     8.31       2.68       895.7      900.0      -4.2       0.784     c3:22.97; c2:22.07
37  H1157TS035_4       035s    Manifold-E           0.788    0.788    2        A1B1     C1        2        0.00     143      0        76.8     78.20      75.50       0.707      0.368      0.69           2          1248       0.04     8.21       3.93       18252.5    11605.3    6647.2     0.788     c3:28.60; c2:28.42
38  H1157TS494_1       494     Venclovas            0.787    0.787    2        A1B1     C1        2        0.00     149      0        72.4     72.60      72.10       0.702      0.370      0.66           2          1248       0.04     8.00       3.57       13044.4    9987.2     3057.2     0.794     c3:26.33; c2:25.89
39  H1157TS227_2       227     GinobiFold           0.787    0.787    2        A1B1     C1        2        0.00     155      0        72.5     71.50      73.50       0.702      0.386      0.66           2          1250       0.04     8.11       3.46       13186.5    9387.2     3799.3     0.796     c3:25.28; c2:24.33
40  H1157TS225_3       225     ShanghaiTech         0.786    0.797    2        A1B1     C1        2        0.00     170      0        70.3     69.80      70.70       0.709      0.372      0.69           2          1261       0.05     8.29       3.05       7514.0     6487.6     1026.5     0.794     c3:23.21; c2:22.42
41  H1157TS035_3       035s    Manifold-E           0.786    0.786    2        A1B1     C1        2        0.00     146      0        78.7     80.70      76.90       0.700      0.375      0.73           2          1247       0.04     8.05       3.85       17968.6    11328.3    6640.2     0.785     c3:28.62; c2:28.55
42  H1157TS248_3       248     Manifold             0.786    0.786    2        A1B1     C1        2        0.00     146      0        78.7     80.70      76.90       0.700      0.375      0.73           2          1247       0.04     8.05       3.85       17968.6    11328.3    6640.2     0.785     c3:28.62; c2:28.55
43  H1157TS158_4       158s    MULTICOM_deep        0.785    0.785    2        A1B1     C1        2        0.00     150      0        72.3     71.80      72.80       0.705      0.386      0.66           2          1250       0.04     8.06       3.45       13575.4    9651.5     3923.8     0.794     c3:25.37; c2:24.35
44  H1157TS003_3       003     MULTICOM_human       0.785    0.785    2        A1B1     C1        2        0.00     150      0        72.3     71.80      72.80       0.705      0.386      0.66           2          1250       0.04     8.06       3.45       13575.4    9651.5     3923.8     0.794     c3:25.37; c2:24.35
45  H1157TS348_3       348     Takeda-Shitaka_Lab   0.785    0.785    2        A1B1     C1        2        0.00     152      0        72.1     72.10      72.10       0.709      0.363      0.68           2          1250       0.04     8.24       3.70       13123.8    9698.1     3425.8     0.793     c3:26.69; c2:26.20
46  H1157TS185_1       185     BAKER                0.785    0.785    2        A1B1     C1        2        0.00     145      0        72.7     78.10      68.00       0.687      0.356      0.63           2          1251       0.07     8.35       3.64       16748.7    12069.8    4678.9     0.793     c3:24.94; c2:24.10
47  H1157TS367_2       367     MULTICOM             0.785    0.785    2        A1B1     C1        2        0.00     152      0        72.9     73.60      72.10       0.703      0.383      0.67           2          1251       0.04     8.24       3.50       13148.7    9581.1     3567.6     0.799     c3:25.38; c2:24.38
48  H1157TS086_1       086s    MULTICOM_qa          0.785    0.785    2        A1B1     C1        2        0.00     150      0        72.3     71.80      72.80       0.705      0.386      0.66           2          1250       0.04     8.06       3.45       13575.4    9651.5     3923.8     0.794     c3:25.37; c2:24.35
49  H1157TS003_4       003     MULTICOM_human       0.784    0.784    2        A1B1     C1        2        0.00     161      0        71.8     68.50      75.50       0.703      0.399      0.69           2          1250       0.04     7.96       3.54       12411.6    8887.0     3524.6     0.796     c3:25.62; c2:24.65
50  H1157TS367_5       367     MULTICOM             0.784    0.784    2        A1B1     C1        2        0.00     157      0        73.0     72.50      73.50       0.708      0.391      0.68           2          1251       0.04     8.27       3.49       13800.5    9875.9     3924.6     0.796     c3:26.25; c2:25.77
51  H1157TS291_4       291     Kozakov-Vajda        0.784    0.784    2        A1B1     C1        2        0.00     154      0        72.7     71.20      74.10       0.700      0.391      0.65           2          1249       0.05     7.98       3.45       10198.2    7931.2     2267.0     0.797     c3:24.75; c2:23.96
52  H1157TS092_1       092     Agemo_mix            0.784    0.784    2        A1B1     C1        2        0.00     156      0        72.9     71.70      74.10       0.704      0.397      0.68           2          1252       0.04     8.23       3.75       12907.8    9780.2     3127.5     0.799     c3:25.35; c2:24.25
53  H1157TS278_1       278     PEZYFoldings         0.784    0.784    2        A1B1     C1        2        0.00     167      0        69.9     66.70      73.50       0.704      0.383      0.62           2          1255       0.05     8.29       3.03       8446.2     7019.3     1427.0     0.797     c3:23.72; c2:22.33
54  H1157TS298_2       298s    MUFold               0.784    0.784    2        A1B1     C1        2        0.00     155      0        71.4     70.70      72.10       0.704      0.380      0.65           2          1250       0.04     8.21       3.52       12414.9    9117.4     3297.5     0.795     c3:25.52; c2:24.59
55  H1157TS350_4       350     ClusPro              0.784    0.784    2        A1B1     C1        2        0.00     154      0        72.7     71.20      74.10       0.700      0.391      0.65           2          1249       0.05     7.98       3.45       10198.2    7931.2     2267.0     0.797     c3:24.75; c2:23.96
56  H1157TS185_2       185     BAKER                0.784    0.784    2        A1B1     C1        2        0.00     142      0        71.0     75.00      67.30       0.697      0.355      0.61           2          1252       0.05     8.24       3.59       13709.6    10620.5    3089.1     0.796     c3:23.85; c2:22.97
57  H1157TS229_5       229s    Yang-Server          0.784    0.784    2        A1B1     C1        2        0.00     154      0        70.3     71.30      69.40       0.686      0.361      0.62           2          1251       0.04     8.05       3.69       13561.0    7153.4     6407.6     0.797     c3:25.40; c2:24.06
58  H1157TS439_5       439     Yang                 0.784    0.784    2        A1B1     C1        2        0.00     154      0        70.3     71.30      69.40       0.686      0.361      0.62           2          1251       0.04     8.05       3.69       13561.0    7153.4     6407.6     0.797     c3:25.40; c2:24.06
59  H1157TS086_2       086s    MULTICOM_qa          0.784    0.784    2        A1B1     C1        2        0.00     157      0        73.0     72.50      73.50       0.708      0.391      0.68           2          1251       0.04     8.27       3.49       13800.5    9875.9     3924.6     0.796     c3:26.25; c2:25.77
60  H1157TS150_2       150     Grudinin             0.783    0.783    2        A1B1     C1        2        0.00     145      0        71.9     72.40      71.40       0.679      0.537      0.65           2          1256       0.03     8.24       3.46       15074.5    9783.6     5290.9     0.850     c3:29.18; c2:31.46
61  H1157TS169_2       169     GuijunLab-Human      0.783    0.783    2        A1B1     C1        2        0.00     151      0        71.7     72.70      70.70       0.699      0.373      0.68           2          1250       0.04     8.29       3.62       12424.9    9106.1     3318.8     0.793     c3:25.14; c2:24.32
62  H1157TS399_4       399     BeijingAIProtein     0.783    0.783    2        A1B1     C1        2        0.00     155      0        71.2     70.90      71.40       0.699      0.374      0.65           2          1250       0.04     8.23       3.57       12853.1    9005.5     3847.5     0.795     c3:25.45; c2:24.44
63  H1157TS086_5       086s    MULTICOM_qa          0.783    0.783    2        A1B1     C1        2        0.00     154      0        72.1     71.30      72.80       0.709      0.394      0.65           2          1251       0.04     8.14       3.58       13341.9    10159.4    3182.5     0.798     c3:25.22; c2:24.28
64  H1157TS054_4       054     UltraFold            0.783    0.783    2        A1B1     C1        2        0.00     155      0        71.2     70.90      71.40       0.699      0.374      0.65           2          1250       0.04     8.23       3.57       12853.1    9005.5     3847.5     0.795     c3:25.45; c2:24.44
65  H1157TS390_2       390s    NBIS-AF2-multimer    0.783    0.783    2        A1B1     C1        2        0.00     145      0        71.9     72.40      71.40       0.679      0.537      0.65           2          1256       0.03     8.24       3.46       15022.4    9779.5     5242.9     0.850     c3:29.18; c2:31.46
66  H1157TS098_1       098s    GuijunLab-Assembly   0.783    0.783    2        A1B1     C1        2        0.00     154      0        71.9     71.60      72.10       0.702      0.374      0.66           2          1249       0.04     8.06       3.67       13250.5    9331.6     3918.8     0.794     c3:25.50; c2:24.37
67  H1157TS158_3       158s    MULTICOM_deep        0.783    0.783    2        A1B1     C1        2        0.00     155      0        72.1     71.30      72.80       0.707      0.387      0.67           2          1250       0.04     7.96       3.44       13851.2    10187.6    3663.7     0.795     c3:25.34; c2:24.35
68  H1157TS125_4       125s    UltraFold_Server     0.783    0.783    2        A1B1     C1        2        0.00     155      0        71.2     70.90      71.40       0.699      0.374      0.65           2          1250       0.04     8.23       3.57       12853.1    9005.5     3847.5     0.795     c3:25.45; c2:24.44
69  H1157TS320_2       320     Elofsson             0.783    0.783    2        A1B1     C1        2        0.00     145      0        71.9     72.40      71.40       0.679      0.537      0.65           2          1256       0.03     8.24       3.46       15022.4    9779.5     5242.9     0.850     c3:29.18; c2:31.46
70  H1157TS169_4       169     GuijunLab-Human      0.783    0.783    2        A1B1     C1        2        0.00     154      0        71.9     71.60      72.10       0.702      0.374      0.66           2          1249       0.04     8.06       3.67       13250.5    9331.6     3918.8     0.794     c3:25.50; c2:24.37
71  H1157TS188_2       188s    GuijunLab-DeepDA     0.783    0.783    2        A1B1     C1        2        0.00     145      0        71.9     72.40      71.40       0.679      0.537      0.65           2          1256       0.02     8.24       3.46       15043.5    9768.2     5275.3     0.850     c3:29.18; c2:31.46
72  H1157TS360_5       360     MUFold_H             0.783    0.783    2        A1B1     C1        2        0.00     149      0        72.4     73.40      71.40       0.701      0.415      0.65           2          1261       0.03     8.31       3.60       15211.5    10068.6    5142.9     0.795     c3:25.04; c2:24.22
73  H1157TS348_5       348     Takeda-Shitaka_Lab   0.783    0.783    2        A1B1     C1        2        0.00     149      0        71.6     71.10      72.10       0.711      0.376      0.65           2          1248       0.04     8.10       3.42       13181.3    9790.0     3391.3     0.792     c3:26.29; c2:26.63
74  H1157TS439_2       439     Yang                 0.782    0.818    2        A1B1     C1        2        0.00     149      0        72.2     73.80      70.70       0.677      0.428      0.64           2          1293       0.05     8.38       2.76       122.0      827.6      -705.6     0.784     c3:22.86; c2:21.75
75  H1157TS314_1       314     Pierce               0.782    0.782    2        A1B1     C1        2        0.00     154      0        73.5     73.50      73.50       0.681      0.532      0.68           2          1254       0.03     8.26       3.61       14880.6    10060.6    4819.9     0.846     c3:27.70; c2:29.73
76  H1157TS461_1       461     colabfold_human      0.782    0.782    2        A1B1     C1        2        0.00     154      0        70.0     67.90      72.10       0.711      0.367      0.62           2          1251       0.05     8.25       3.68       12951.8    9347.7     3604.1     0.793     c3:26.45; c2:25.77
77  H1157TS150_3       150     Grudinin             0.782    0.782    2        A1B1     C1        2        0.00     153      0        70.9     69.70      72.10       0.683      0.514      0.64           2          1250       0.03     8.16       3.55       14427.8    9232.9     5195.0     0.839     c3:28.56; c2:30.78
78  H1157TS390_3       390s    NBIS-AF2-multimer    0.782    0.782    2        A1B1     C1        2        0.00     153      0        70.9     69.70      72.10       0.683      0.514      0.64           2          1250       0.03     8.16       3.55       14424.8    9232.7     5192.0     0.839     c3:28.56; c2:30.78
79  H1157TS188_1       188s    GuijunLab-DeepDA     0.782    0.782    2        A1B1     C1        2        0.00     154      0        73.5     73.50      73.50       0.681      0.532      0.68           2          1254       0.02     8.26       3.61       14866.9    10037.5    4829.4     0.846     c3:27.70; c2:29.73
80  H1157TS188_3       188s    GuijunLab-DeepDA     0.782    0.782    2        A1B1     C1        2        0.00     153      0        70.9     69.70      72.10       0.683      0.514      0.64           2          1250       0.03     8.16       3.55       14414.3    9219.0     5195.3     0.839     c3:28.56; c2:30.78
81  H1157TS320_1       320     Elofsson             0.782    0.782    2        A1B1     C1        2        0.00     154      0        73.5     73.50      73.50       0.681      0.532      0.68           2          1254       0.03     8.26       3.61       14880.6    10060.6    4819.9     0.846     c3:27.70; c2:29.73
82  H1157TS298_3       298s    MUFold               0.782    0.782    2        A1B1     C1        2        0.00     152      0        70.3     69.80      70.70       0.701      0.376      0.64           2          1250       0.04     8.19       3.57       12823.7    9529.0     3294.7     0.793     c3:25.18; c2:24.30
83  H1157TS320_3       320     Elofsson             0.782    0.782    2        A1B1     C1        2        0.00     153      0        70.9     69.70      72.10       0.683      0.514      0.64           2          1250       0.03     8.16       3.55       14424.8    9232.7     5192.0     0.839     c3:28.56; c2:30.78
84  H1157TS150_1       150     Grudinin             0.782    0.782    2        A1B1     C1        2        0.00     154      0        73.5     73.50      73.50       0.681      0.532      0.68           2          1254       0.03     8.26       3.61       14880.6    10060.6    4819.9     0.846     c3:27.70; c2:29.73
85  H1157TS348_2       348     Takeda-Shitaka_Lab   0.782    0.782    2        A1B1     C1        2        0.00     150      0        70.9     69.70      72.10       0.686      0.478      0.63           2          1264       0.04     8.48       3.66       16658.2    10757.1    5901.1     0.807     c3:29.78; c2:31.20
86  H1157TS390_1       390s    NBIS-AF2-multimer    0.782    0.782    2        A1B1     C1        2        0.00     154      0        73.5     73.50      73.50       0.681      0.532      0.68           2          1254       0.03     8.26       3.61       14880.6    10060.6    4819.9     0.846     c3:27.70; c2:29.73
87  H1157TS446_1       446s    ColabFold            0.782    0.782    2        A1B1     C1        2        0.00     154      0        70.0     67.90      72.10       0.711      0.367      0.62           2          1251       0.05     8.25       3.68       12951.8    9347.7     3604.1     0.793     c3:26.45; c2:25.77
88  H1157TS205_1       205     Zou                  0.781    0.781    2        A1B1     C1        2        0.00     155      0        71.3     69.90      72.80       0.699      0.386      0.68           2          1250       0.04     8.22       3.35       12292.2    8086.0     4206.3     0.793     c3:25.13; c2:24.16
89  H1157TS229_1       229s    Yang-Server          0.781    0.816    2        A1B1     C1        2        0.00     153      0        71.5     72.20      70.70       0.678      0.439      0.64           2          1284       0.04     8.31       2.66       875.6      999.9      -124.3     0.783     c3:22.88; c2:21.80
90  H1157TS367_4       367     MULTICOM             0.781    0.781    2        A1B1     C1        2        0.00     153      0        70.9     69.70      72.10       0.704      0.378      0.64           2          1250       0.04     7.97       3.53       12949.0    9135.9     3813.1     0.797     c3:25.46; c2:24.37
91  H1157TS071_1       071s    RaptorX-Multimer     0.781    0.781    2        A1B1     C1        2        0.00     157      0        73.4     72.70      74.10       0.703      0.386      0.66           2          1250       0.04     8.20       3.65       13874.3    10316.2    3558.1     0.793     c3:25.00; c2:24.07
92  H1157TS374_3       374     Zheng                0.781    0.781    2        A1B1     C1        2        0.00     159      0        70.6     68.60      72.80       0.703      0.388      0.70           2          1251       0.05     8.25       3.17       12248.7    9036.8     3212.0     0.793     c3:25.48; c2:25.17
93  H1157TS374_5       374     Zheng                0.781    0.781    2        A1B1     C1        2        0.00     151      0        72.9     71.70      74.10       0.700      0.389      0.68           2          1250       0.04     8.13       3.63       12432.3    8919.7     3512.7     0.792     c3:25.51; c2:24.57
94  H1157TS441_3       441     OpenFold             0.781    0.781    2        A1B1     C1        2        0.00     144      0        72.7     77.10      68.70       0.690      0.349      0.64           2          1258       0.06     8.32       4.14       13522.2    9565.4     3956.8     0.798     c3:23.51; c2:22.92
95  H1157TS439_1       439     Yang                 0.781    0.816    2        A1B1     C1        2        0.00     153      0        71.5     72.20      70.70       0.678      0.439      0.64           2          1284       0.04     8.31       2.66       875.6      999.9      -124.3     0.783     c3:22.88; c2:21.80
96  H1157TS493_3       493     Shen-CAPRI           0.781    0.781    2        A1B1     C1        2        0.00     145      0        73.6     73.20      74.10       0.682      0.515      0.65           2          1251       0.03     8.14       3.59       14160.5    9674.8     4485.8     0.838     c3:28.03; c2:30.28
97  H1157TS205_3       205     Zou                  0.781    0.781    2        A1B1     C1        2        0.00     155      0        69.8     68.90      70.70       0.706      0.371      0.64           2          1249       0.03     8.27       3.49       11837.2    8597.0     3240.2     0.792     c3:26.23; c2:25.82
98  H1157TS433_3       433     OpenFold-SingleSeq   0.781    0.781    2        A1B1     C1        2        0.00     144      0        72.7     77.10      68.70       0.690      0.349      0.64           2          1258       0.06     8.32       4.14       13522.2    9565.4     3956.8     0.798     c3:23.51; c2:22.92
99  H1157TS169_5       169     GuijunLab-Human      0.780    0.780    2        A1B1     C1        2        0.00     159      0        71.4     70.70      72.10       0.702      0.371      0.66           2          1250       0.05     8.21       3.66       12634.0    8998.5     3635.4     0.796     c3:25.65; c2:24.41
100 H1157TS350_1       350     ClusPro              0.780    0.780    2        A1B1     C1        2        0.00     149      0        72.2     71.10      73.50       0.699      0.379      0.65           2          1250       0.06     8.20       3.62       9667.9     7840.6     1827.3     0.794     c3:25.00; c2:24.15
101 H1157TS291_1       291     Kozakov-Vajda        0.780    0.780    2        A1B1     C1        2        0.00     149      0        72.2     71.10      73.50       0.699      0.379      0.65           2          1250       0.06     8.20       3.62       9667.9     7840.6     1827.3     0.794     c3:25.00; c2:24.15
102 H1157TS441_5       441     OpenFold             0.780    0.780    2        A1B1     C1        2        0.00     152      2        74.6     76.40      72.80       0.697      0.362      0.66           2          1257       0.05     8.22       4.24       13671.2    9406.4     4264.8     0.795     c3:23.69; c2:22.71
103 H1157TS433_5       433     OpenFold-SingleSeq   0.780    0.780    2        A1B1     C1        2        0.00     152      2        74.6     76.40      72.80       0.697      0.362      0.66           2          1257       0.05     8.22       4.24       13671.2    9406.4     4264.8     0.795     c3:23.69; c2:22.71
104 H1157TS493_1       493     Shen-CAPRI           0.780    0.780    2        A1B1     C1        2        0.00     149      0        73.2     73.00      73.50       0.681      0.529      0.67           2          1252       0.04     8.17       3.65       14038.7    9708.8     4329.9     0.845     c3:28.34; c2:30.77
105 H1157TS003_2       003     MULTICOM_human       0.780    0.780    2        A1B1     C1        2        0.00     149      0        71.3     69.90      72.80       0.704      0.383      0.64           2          1250       0.04     8.10       3.63       12916.8    9306.3     3610.4     0.794     c3:25.38; c2:24.35
106 H1157TS086_4       086s    MULTICOM_qa          0.780    0.780    2        A1B1     C1        2        0.00     149      0        71.3     69.90      72.80       0.704      0.383      0.64           2          1250       0.04     8.10       3.63       12916.8    9306.3     3610.4     0.794     c3:25.38; c2:24.35
107 H1157TS434_4       434     Coqualia             0.780    0.780    2        A1B1     C1        2        0.00     153      0        72.1     72.10      72.10       0.706      0.375      0.65           2          1250       0.04     8.01       3.56       13595.0    10003.8    3591.2     0.796     c3:25.32; c2:24.20
108 H1157TS367_1       367     MULTICOM             0.780    0.780    2        A1B1     C1        2        0.00     149      0        71.3     69.90      72.80       0.704      0.383      0.64           2          1250       0.04     8.10       3.63       12916.8    9306.3     3610.4     0.794     c3:25.38; c2:24.35
109 H1157TS011_4       011s    GinobiFold-SER       0.780    0.780    2        A1B1     C1        2        0.00     153      0        72.1     72.10      72.10       0.706      0.375      0.65           2          1250       0.04     8.01       3.56       13595.0    10003.8    3591.2     0.796     c3:25.32; c2:24.20
110 H1157TS227_4       227     GinobiFold           0.780    0.780    2        A1B1     C1        2        0.00     155      0        70.9     69.00      72.80       0.709      0.372      0.64           2          1250       0.04     8.32       3.56       13139.3    9935.5     3203.8     0.793     c3:26.68; c2:26.23
111 H1157TS158_1       158s    MULTICOM_deep        0.780    0.780    2        A1B1     C1        2        0.00     149      0        71.3     69.90      72.80       0.704      0.383      0.64           2          1250       0.04     8.10       3.63       12916.8    9306.3     3610.4     0.794     c3:25.38; c2:24.35
112 H1157TS298_4       298s    MUFold               0.779    0.779    2        A1B1     C1        2        0.00     153      0        70.7     70.00      71.40       0.701      0.385      0.65           2          1250       0.04     8.06       3.36       13035.7    9215.5     3820.2     0.794     c3:25.31; c2:24.36
113 H1157TS158_5       158s    MULTICOM_deep        0.779    0.779    2        A1B1     C1        2        0.00     153      0        70.9     69.70      72.10       0.703      0.378      0.63           2          1250       0.04     8.05       3.69       12641.9    8946.9     3695.0     0.794     c3:25.42; c2:24.38
114 H1157TS133_3       133s    ShanghaiTech-TS-SER  0.779    0.779    2        A1B1     C1        2        0.00     149      0        69.9     70.30      69.40       0.707      0.357      0.62           2          1248       0.04     8.03       3.60       12501.7    9094.3     3407.4     0.792     c3:26.40; c2:25.71
115 H1157TS098_3       098s    GuijunLab-Assembly   0.779    0.779    2        A1B1     C1        2        0.00     148      0        71.7     72.70      70.70       0.702      0.373      0.66           2          1251       0.04     8.34       3.62       12321.6    9304.3     3017.2     0.796     c3:25.50; c2:24.66
116 H1157TS314_2       314     Pierce               0.778    0.778    2        A1B1     C1        2        0.00     150      0        72.4     73.40      71.40       0.680      0.527      0.65           2          1254       0.03     8.19       3.53       15145.9    9901.7     5244.2     0.832     c3:31.20; c2:33.35
117 H1157TS187_4       187     TRFold               0.778    0.778    2        A1B1     C1        2        0.00     152      0        72.6     73.10      72.10       0.700      0.417      0.64           2          1286       0.03     8.29       3.58       14302.0    9195.6     5106.4     0.803     c3:25.29; c2:24.64
118 H1157TS423_4       423     trComplex            0.778    0.778    2        A1B1     C1        2        0.00     152      0        72.6     73.10      72.10       0.700      0.417      0.64           2          1286       0.03     8.29       3.58       14302.0    9195.6     5106.4     0.803     c3:25.29; c2:24.64
119 H1157TS073_4       073s    DFolding-refine      0.778    0.778    2        A1B1     C1        2        0.00     168      0        69.5     67.10      72.10       0.645      0.341      0.63           2          1252       0.00     8.36       4.35       5869.7     2431.6     3438.1     0.763     c3:22.82; c2:21.42
120 H1157TS227_5       227     GinobiFold           0.778    0.778    2        A1B1     C1        2        0.00     150      0        71.8     70.90      72.80       0.702      0.378      0.66           2          1250       0.04     8.16       3.49       12633.2    8668.4     3964.9     0.793     c3:25.48; c2:24.57
121 H1157TS493_2       493     Shen-CAPRI           0.778    0.778    2        A1B1     C1        2        0.00     143      0        72.9     73.60      72.10       0.677      0.540      0.69           2          1260       0.03     8.29       3.52       14255.4    9842.2     4413.2     0.850     c3:29.61; c2:31.65
122 H1157TS446_5       446s    ColabFold            0.778    0.778    2        A1B1     C1        2        0.00     160      0        70.6     68.60      72.80       0.687      0.379      0.69           2          1251       0.04     8.29       3.87       10012.4    5667.8     4344.6     0.797     c3:25.36; c2:24.10
123 H1157TS360_1       360     MUFold_H             0.778    0.778    2        A1B1     C1        2        0.00     152      0        71.4     71.40      71.40       0.704      0.370      0.64           2          1250       0.05     8.16       3.68       13207.7    9182.3     4025.4     0.794     c3:25.46; c2:24.28
124 H1157TS348_4       348     Takeda-Shitaka_Lab   0.778    0.778    2        A1B1     C1        2        0.00     156      0        70.2     69.10      71.40       0.701      0.372      0.63           2          1250       0.05     8.13       3.77       12393.8    8833.7     3560.2     0.796     c3:25.49; c2:24.40
125 H1157TS461_5       461     colabfold_human      0.778    0.778    2        A1B1     C1        2        0.00     160      0        70.6     68.60      72.80       0.687      0.379      0.69           2          1251       0.04     8.29       3.87       10012.4    5667.8     4344.6     0.797     c3:25.36; c2:24.10
126 H1157TS461_2       461     colabfold_human      0.777    0.777    2        A1B1     C1        2        0.00     159      0        71.5     69.70      73.50       0.705      0.381      0.65           2          1251       0.04     8.03       3.75       12469.6    8990.4     3479.3     0.797     c3:25.65; c2:24.43
127 H1157TS229_3       229s    Yang-Server          0.777    0.777    2        A1B1     C1        2        0.00     159      0        72.9     73.60      72.10       0.679      0.384      0.66           2          1250       0.04     8.11       3.48       11882.7    6355.9     5526.8     0.793     c3:25.33; c2:24.42
128 H1157TS288_1       288s    DFolding-server      0.777    0.777    2        A1B1     C1        2        0.00     157      0        72.5     71.50      73.50       0.708      0.386      0.65           2          1250       0.04     8.01       3.59       13651.8    9752.9     3898.9     0.792     c3:25.76; c2:25.12
129 H1157TS074_1       074     DFolding             0.777    0.777    2        A1B1     C1        2        0.00     157      0        72.5     71.50      73.50       0.708      0.386      0.65           2          1250       0.04     8.01       3.59       13651.8    9752.9     3898.9     0.792     c3:25.76; c2:25.12
130 H1157TS239_4       239s    Yang-Multimer        0.777    0.777    2        A1B1     C1        2        0.00     159      0        72.9     73.60      72.10       0.679      0.384      0.66           2          1250       0.04     8.11       3.48       11882.7    6355.9     5526.8     0.793     c3:25.33; c2:24.42
131 H1157TS446_2       446s    ColabFold            0.777    0.777    2        A1B1     C1        2        0.00     159      0        71.5     69.70      73.50       0.705      0.381      0.65           2          1251       0.04     8.03       3.75       12469.6    8990.4     3479.3     0.797     c3:25.65; c2:24.43
132 H1157TS011_1       011s    GinobiFold-SER       0.776    0.776    2        A1B1     C1        2        0.00     152      0        71.4     71.40      71.40       0.705      0.384      0.64           2          1250       0.04     7.98       3.50       12711.2    9356.2     3355.1     0.796     c3:25.27; c2:24.28
133 H1157TS434_1       434     Coqualia             0.776    0.776    2        A1B1     C1        2        0.00     152      0        71.4     71.40      71.40       0.705      0.384      0.64           2          1250       0.04     7.98       3.50       12711.2    9356.2     3355.1     0.796     c3:25.27; c2:24.28
134 H1157TS086_3       086s    MULTICOM_qa          0.776    0.776    2        A1B1     C1        2        0.00     157      0        71.6     71.10      72.10       0.701      0.384      0.65           2          1250       0.04     8.02       3.60       12730.5    9291.1     3439.4     0.793     c3:25.23; c2:24.24
135 H1157TS158_2       158s    MULTICOM_deep        0.776    0.776    2        A1B1     C1        2        0.00     157      0        71.6     71.10      72.10       0.701      0.384      0.65           2          1250       0.04     8.02       3.60       12730.5    9291.1     3439.4     0.793     c3:25.23; c2:24.24
136 H1157TS133_5       133s    ShanghaiTech-TS-SER  0.776    0.776    2        A1B1     C1        2        0.00     154      0        71.8     70.10      73.50       0.701      0.402      0.69           2          1250       0.04     8.23       3.53       14640.4    9802.2     4838.1     0.796     c3:25.36; c2:24.42
137 H1157TS074_4       074     DFolding             0.775    0.775    2        A1B1     C1        2        0.00     152      0        71.6     71.10      72.10       0.700      0.362      0.62           2          1251       0.05     8.17       3.65       12208.6    8420.3     3788.3     0.794     c3:24.76; c2:23.26
138 H1157TS288_4       288s    DFolding-server      0.775    0.775    2        A1B1     C1        2        0.00     152      0        71.6     71.10      72.10       0.700      0.362      0.62           2          1251       0.05     8.17       3.65       12208.6    8420.3     3788.3     0.794     c3:24.76; c2:23.26
139 H1157TS125_2       125s    UltraFold_Server     0.775    0.775    2        A1B1     C1        2        0.00     152      0        72.4     72.60      72.10       0.701      0.380      0.68           2          1250       0.04     8.12       3.54       12950.4    9463.2     3487.3     0.793     c3:25.23; c2:24.30
140 H1157TS054_2       054     UltraFold            0.775    0.775    2        A1B1     C1        2        0.00     152      0        72.4     72.60      72.10       0.701      0.380      0.68           2          1250       0.04     8.12       3.54       12950.4    9463.2     3487.3     0.793     c3:25.23; c2:24.30
141 H1157TS399_2       399     BeijingAIProtein     0.775    0.775    2        A1B1     C1        2        0.00     152      0        72.4     72.60      72.10       0.701      0.380      0.68           2          1250       0.04     8.12       3.54       12950.4    9463.2     3487.3     0.793     c3:25.23; c2:24.30
142 H1157TS493_5       493     Shen-CAPRI           0.774    0.774    2        A1B1     C1        2        0.00     138      0        71.9     72.40      71.40       0.675      0.523      0.64           2          1260       0.03     8.35       3.60       13944.2    9386.8     4557.4     0.832     c3:30.53; c2:32.35
143 H1157TS169_1       169     GuijunLab-Human      0.774    0.774    2        A1B1     C1        2        0.00     152      0        71.3     72.50      70.10       0.703      0.368      0.64           2          1250       0.04     8.15       3.54       13327.2    9490.8     3836.4     0.794     c3:25.24; c2:24.22
144 H1157TS298_5       298s    MUFold               0.774    0.774    2        A1B1     C1        2        0.00     149      0        71.7     71.90      71.40       0.707      0.372      0.65           2          1250       0.04     8.05       3.55       13572.1    10140.4    3431.7     0.796     c3:25.31; c2:24.23
145 H1157TS239_3       239s    Yang-Multimer        0.774    0.809    2        A1B1     C1        2        0.00     153      0        69.2     71.20      67.30       0.677      0.413      0.64           2          1292       0.05     8.41       2.74       858.8      1030.0     -171.3     0.780     c3:22.85; c2:21.94
146 H1157TS399_1       399     BeijingAIProtein     0.773    0.773    2        A1B1     C1        2        0.00     152      0        72.1     71.30      72.80       0.703      0.383      0.68           2          1250       0.04     8.14       3.59       12917.9    9361.2     3556.7     0.795     c3:25.38; c2:24.48
147 H1157TS074_3       074     DFolding             0.773    0.773    2        A1B1     C1        2        0.00     155      0        72.7     71.20      74.10       0.701      0.372      0.67           2          1249       0.04     8.22       3.80       11856.6    8601.2     3255.4     0.791     c3:24.94; c2:24.51
148 H1157TS367_3       367     MULTICOM             0.773    0.773    2        A1B1     C1        2        0.00     155      0        71.1     68.80      73.50       0.705      0.391      0.67           2          1250       0.04     8.07       3.49       13196.9    9654.4     3542.5     0.794     c3:25.57; c2:24.58
149 H1157TS125_1       125s    UltraFold_Server     0.773    0.773    2        A1B1     C1        2        0.00     152      0        72.1     71.30      72.80       0.703      0.383      0.68           2          1250       0.04     8.14       3.59       12917.9    9361.2     3556.7     0.795     c3:25.38; c2:24.48
150 H1157TS011_2       011s    GinobiFold-SER       0.773    0.773    2        A1B1     C1        2        0.00     152      0        72.3     71.80      72.80       0.703      0.377      0.68           2          1250       0.04     8.26       3.59       13000.5    9782.5     3218.0     0.793     c3:25.27; c2:24.36
151 H1157TS131_1       131s    Kiharalab_Server     0.773    0.773    2        A1B1     C1        2        0.00     156      0        72.2     71.10      73.50       0.701      0.384      0.68           2          1250       0.04     8.27       3.55       11951.1    8911.0     3040.1     0.792     c3:25.35; c2:24.51
152 H1157TS003_1       003     MULTICOM_human       0.773    0.773    2        A1B1     C1        2        0.00     155      0        71.1     68.80      73.50       0.705      0.391      0.67           2          1250       0.04     8.07       3.49       13196.9    9654.4     3542.5     0.794     c3:25.57; c2:24.58
153 H1157TS054_1       054     UltraFold            0.773    0.773    2        A1B1     C1        2        0.00     152      0        72.1     71.30      72.80       0.703      0.383      0.68           2          1250       0.04     8.14       3.59       12917.9    9361.2     3556.7     0.795     c3:25.38; c2:24.48
154 H1157TS131_3       131s    Kiharalab_Server     0.773    0.773    2        A1B1     C1        2        0.00     151      0        71.2     71.70      70.70       0.702      0.371      0.65           2          1249       0.03     8.30       3.54       12736.6    9415.6     3321.0     0.794     c3:25.93; c2:25.16
155 H1157TS288_3       288s    DFolding-server      0.773    0.773    2        A1B1     C1        2        0.00     155      0        72.7     71.20      74.10       0.701      0.372      0.67           2          1249       0.04     8.22       3.80       11856.6    8601.2     3255.4     0.791     c3:24.94; c2:24.51
156 H1157TS434_2       434     Coqualia             0.773    0.773    2        A1B1     C1        2        0.00     152      0        72.3     71.80      72.80       0.703      0.377      0.68           2          1250       0.04     8.26       3.59       13000.5    9782.5     3218.0     0.793     c3:25.27; c2:24.36
157 H1157TS071_5       071s    RaptorX-Multimer     0.773    0.773    2        A1B1     C1        2        0.00     152      0        73.0     75.40      70.70       0.697      0.367      0.64           2          1250       0.04     8.20       3.54       13746.2    10215.0    3531.3     0.796     c3:25.26; c2:24.37
158 H1157TS054_3       054     UltraFold            0.772    0.772    2        A1B1     C1        2        0.00     150      0        70.3     69.80      70.70       0.700      0.379      0.64           2          1250       0.04     8.21       3.54       12867.2    8989.4     3877.8     0.795     c3:25.51; c2:24.53
159 H1157TS071_4       071s    RaptorX-Multimer     0.772    0.772    2        A1B1     C1        2        0.00     149      0        72.2     73.80      70.70       0.695      0.371      0.64           2          1250       0.04     8.12       3.66       14190.1    10228.8    3961.3     0.795     c3:25.44; c2:24.43
160 H1157TS125_3       125s    UltraFold_Server     0.772    0.772    2        A1B1     C1        2        0.00     150      0        70.3     69.80      70.70       0.700      0.379      0.64           2          1250       0.04     8.21       3.54       12867.2    8989.4     3877.8     0.795     c3:25.51; c2:24.53
161 H1157TS399_3       399     BeijingAIProtein     0.772    0.772    2        A1B1     C1        2        0.00     150      0        70.3     69.80      70.70       0.700      0.379      0.64           2          1250       0.04     8.21       3.54       12867.2    8989.4     3877.8     0.795     c3:25.51; c2:24.53
162 H1157TS461_4       461     colabfold_human      0.771    0.771    2        A1B1     C1        2        0.00     151      0        70.4     68.80      72.10       0.705      0.375      0.64           2          1249       0.04     8.26       3.59       12196.8    8631.1     3565.7     0.793     c3:25.96; c2:25.15
163 H1157TS423_3       423     trComplex            0.771    0.771    2        A1B1     C1        2        0.00     150      0        73.5     74.30      72.80       0.701      0.378      0.65           2          1251       0.04     8.28       3.71       13337.0    9285.4     4051.6     0.796     c3:25.52; c2:24.26
164 H1157TS187_3       187     TRFold               0.771    0.771    2        A1B1     C1        2        0.00     150      0        73.5     74.30      72.80       0.701      0.378      0.65           2          1251       0.04     8.28       3.71       13337.0    9285.4     4051.6     0.796     c3:25.52; c2:24.26
165 H1157TS131_5       131s    Kiharalab_Server     0.771    0.771    2        A1B1     C1        2        0.00     153      0        73.7     74.00      73.50       0.702      0.391      0.68           2          1251       0.04     8.27       3.54       12653.7    9296.1     3357.6     0.796     c3:25.96; c2:25.40
166 H1157TS446_4       446s    ColabFold            0.771    0.771    2        A1B1     C1        2        0.00     151      0        70.4     68.80      72.10       0.705      0.375      0.64           2          1249       0.04     8.26       3.59       12196.8    8631.1     3565.7     0.793     c3:25.96; c2:25.15
167 H1157TS348_1       348     Takeda-Shitaka_Lab   0.770    0.770    2        A1B1     C1        2        0.00     153      0        71.1     70.20      72.10       0.708      0.372      0.64           2          1248       0.04     8.12       3.43       13897.0    9856.3     4040.8     0.792     c3:25.89; c2:25.17
168 H1157TS131_4       131s    Kiharalab_Server     0.769    0.769    2        A1B1     C1        2        0.00     154      0        71.3     69.90      72.80       0.696      0.374      0.65           2          1249       0.03     8.27       3.66       12482.6    9058.1     3424.5     0.792     c3:25.78; c2:25.03
169 H1157TS185_5       185     BAKER                0.768    0.788    2        A1B1     C1        2        0.00     147      0        70.7     73.50      68.00       0.700      0.365      0.62           2          1254       0.04     8.19       3.47       11736.2    9976.3     1759.9     0.802     c3:23.38; c2:22.99
170 H1157TS439_3       439     Yang                 0.767    0.802    2        A1B1     C1        2        0.00     135      0        71.5     76.20      67.30       0.672      0.425      0.66           2          1294       0.05     8.44       2.70       1000.3     1029.7     -29.4      0.778     c3:23.00; c2:21.94
171 H1157TS071_2       071s    RaptorX-Multimer     0.767    0.767    2        A1B1     C1        2        0.00     151      0        72.9     73.60      72.10       0.696      0.369      0.67           2          1248       0.04     8.07       3.66       14202.2    10087.9    4114.3     0.793     c3:25.84; c2:24.87
172 H1157TS494_4       494     Venclovas            0.766    0.798    2        A1B1     C1        2        0.00     148      0        67.3     66.00      68.70       0.671      0.442      0.64           2          1291       0.06     8.54       3.05       2296.4     4399.9     -2103.5    0.754     c3:23.54; c2:21.92
173 H1157TS374_4       374     Zheng                0.765    0.765    2        A1B1     C1        2        0.00     156      0        71.1     69.50      72.80       0.698      0.378      0.69           2          1250       0.04     7.98       3.56       12017.2    8622.1     3395.1     0.792     c3:25.32; c2:24.24
174 H1157TS320_4       320     Elofsson             0.764    0.764    2        A1B1     C1        2        0.00     148      0        70.5     70.30      70.70       0.683      0.517      0.63           2          1255       0.03     8.27       3.53       14249.0    9622.8     4626.2     0.854     c3:27.10; c2:28.79
175 H1157TS390_4       390s    NBIS-AF2-multimer    0.764    0.764    2        A1B1     C1        2        0.00     148      0        70.5     70.30      70.70       0.683      0.517      0.63           2          1255       0.03     8.27       3.53       14249.0    9622.8     4626.2     0.854     c3:27.10; c2:28.79
176 H1157TS098_4       098s    GuijunLab-Assembly   0.764    0.764    2        A1B1     C1        2        0.00     148      0        70.5     70.30      70.70       0.683      0.517      0.63           2          1255       0.03     8.27       3.53       14226.6    9599.0     4627.6     0.854     c3:27.10; c2:28.79
177 H1157TS188_4       188s    GuijunLab-DeepDA     0.764    0.764    2        A1B1     C1        2        0.00     148      0        70.5     70.30      70.70       0.683      0.517      0.63           2          1255       0.03     8.27       3.53       14226.6    9599.0     4627.6     0.854     c3:27.10; c2:28.79
178 H1157TS011_3       011s    GinobiFold-SER       0.762    0.762    2        A1B1     C1        2        0.00     149      0        70.8     71.50      70.10       0.699      0.368      0.65           2          1250       0.04     8.12       3.62       12780.1    9244.6     3535.5     0.793     c3:25.35; c2:24.37
179 H1157TS434_3       434     Coqualia             0.762    0.762    2        A1B1     C1        2        0.00     149      0        70.8     71.50      70.10       0.699      0.368      0.65           2          1250       0.04     8.12       3.62       12780.1    9244.6     3535.5     0.793     c3:25.35; c2:24.37
180 H1157TS225_5       225     ShanghaiTech         0.761    0.786    2        A1B1     C1        2        0.00     175      0        67.5     65.20      70.10       0.706      0.375      0.67           2          1259       0.06     8.30       3.11       6778.0     5813.9     964.1      0.793     c3:22.97; c2:22.30
181 H1157TS133_2       133s    ShanghaiTech-TS-SER  0.758    0.758    2        A1B1     C1        2        0.00     155      0        68.9     67.80      70.10       0.701      0.362      0.61           2          1250       0.04     8.29       3.79       13011.1    9086.5     3924.5     0.794     c3:25.51; c2:24.19
182 H1157TS225_1       225     ShanghaiTech         0.758    0.796    2        A1B1     C1        2        0.00     192      0        66.5     60.70      73.50       0.702      0.396      0.65           2          1265       0.05     8.28       2.74       4249.5     4541.5     -292.0     0.796     c3:23.01; c2:22.37
183 H1157TS098_2       098s    GuijunLab-Assembly   0.757    0.757    2        A1B1     C1        2        0.00     146      0        70.8     71.50      70.10       0.701      0.355      0.64           2          1248       0.04     8.04       3.52       12695.2    9505.5     3189.6     0.793     c3:26.39; c2:25.92
184 H1157TS227_3       227     GinobiFold           0.756    0.756    2        A1B1     C1        2        0.00     149      0        70.3     70.50      70.10       0.700      0.372      0.67           2          1250       0.04     7.96       3.50       12788.8    9505.4     3283.3     0.794     c3:25.22; c2:24.22
185 H1157TS494_5       494     Venclovas            0.756    0.788    2        A1B1     C1        2        0.00     152      0        68.9     68.50      69.40       0.671      0.432      0.67           2          1291       0.06     8.61       3.21       2336.7     4366.4     -2029.7    0.749     c3:23.53; c2:22.06
186 H1157TS239_5       239s    Yang-Multimer        0.754    0.754    2        A1B1     C1        2        0.00     151      1        70.8     71.50      70.10       0.680      0.360      0.65           2          1250       0.04     8.13       4.19       12720.9    6715.6     6005.3     0.793     c3:26.30; c2:26.11
187 H1157TS147_3       147     SHT                  0.752    0.752    2        A1B1     C1        2        0.00     166      0        67.3     64.20      70.70       0.640      0.531      0.68           2          1250       0.03     8.15       3.83       4028.1     5992.5     -1964.5    0.800     c3:24.38; c2:26.69
188 H1157TS165_1       165     FTBiot0119           0.751    0.751    2        A1B1     C1        2        0.00     184      3        64.0     58.00      71.40       0.677      0.485      0.64           2          1250       0.04     8.18       3.45       13781.3    8840.0     4941.3     0.834     c3:28.52; c2:30.91
189 H1157TS073_2       073s    DFolding-refine      0.751    0.751    2        A1B1     C1        2        0.00     163      0        66.2     61.80      71.40       0.651      0.383      0.63           2          1252       0.00     8.10       3.30       4340.3     1690.8     2649.5     0.795     c3:23.73; c2:22.90
190 H1157TS185_3       185     BAKER                0.750    0.780    2        A1B1     C1        2        0.00     149      0        70.8     72.30      69.40       0.700      0.370      0.64           2          1256       0.03     8.29       3.46       10193.9    8910.4     1283.6     0.803     c3:23.19; c2:22.78
191 H1157TS169_3       169     GuijunLab-Human      0.748    0.748    2        A1B1     C1        2        0.00     147      0        71.3     73.40      69.40       0.695      0.356      0.65           2          1250       0.04     8.06       3.86       13287.7    9513.0     3774.7     0.793     c3:25.32; c2:24.18
192 H1157TS185_4       185     BAKER                0.747    0.789    2        A1B1     C1        2        0.00     153      1        69.7     71.40      68.00       0.701      0.366      0.60           2          1253       0.05     8.08       3.50       10802.8    9811.1     991.7      0.802     c3:23.38; c2:23.08
193 H1157TS097_3       097     Graphen_Medical      0.746    0.793    2        A1B1     C1        2        0.00     169      0        70.1     67.10      73.50       0.707      0.384      0.66           2          1293       0.07     8.60       2.90       8526.6     6792.4     1734.2     0.791     c3:23.70; c2:23.43
194 H1157TS423_5       423     trComplex            0.745    0.745    2        A1B1     C1        2        0.00     142      0        71.5     72.20      70.70       0.704      0.354      0.62           2          1251       0.04     8.27       4.14       13141.4    9602.8     3538.6     0.794     c3:26.43; c2:25.84
195 H1157TS071_3       071s    RaptorX-Multimer     0.745    0.745    2        A1B1     C1        2        0.00     151      0        71.7     71.90      71.40       0.695      0.357      0.63           2          1250       0.05     8.20       3.90       13762.8    10305.6    3457.1     0.794     c3:25.80; c2:24.64
196 H1157TS350_2       350     ClusPro              0.745    0.745    2        A1B1     C1        2        0.00     155      0        69.3     67.30      71.40       0.695      0.360      0.64           2          1249       0.05     8.28       3.79       11120.8    8497.4     2623.4     0.793     c3:26.15; c2:25.67
197 H1157TS291_2       291     Kozakov-Vajda        0.745    0.745    2        A1B1     C1        2        0.00     155      0        69.3     67.30      71.40       0.695      0.360      0.64           2          1249       0.05     8.28       3.79       11120.8    8497.4     2623.4     0.793     c3:26.15; c2:25.67
198 H1157TS187_5       187     TRFold               0.745    0.745    2        A1B1     C1        2        0.00     142      0        71.5     72.20      70.70       0.704      0.354      0.62           2          1251       0.04     8.27       4.14       13141.4    9602.8     3538.6     0.794     c3:26.43; c2:25.84
199 H1157TS494_2       494     Venclovas            0.745    0.779    2        A1B1     C1        2        0.00     142      0        70.7     70.70      70.70       0.700      0.371      0.62           2          1233       0.05     8.18       3.08       8134.7     7100.7     1034.0     0.784     c3:23.66; c2:23.07
200 H1157TS257_5       257     WL_team              0.743    0.743    2        A1B1     C1        2        0.00     159      0        62.7     60.40      65.30       0.635      0.334      0.61           2          1250       0.02     8.12       3.93       13157.7    9656.1     3501.6     0.770     c3:24.72; c2:23.22
201 H1157TS073_1       073s    DFolding-refine      0.743    0.743    2        A1B1     C1        2        0.00     182      0        64.6     58.60      72.10       0.657      0.359      0.62           2          1251       0.02     8.31       3.64       5045.8     1618.0     3427.8     0.761     c3:24.58; c2:23.86
202 H1157TS229_4       229s    Yang-Server          0.742    0.742    2        A1B1     C1        2        0.00     145      0        71.3     72.50      70.10       0.681      0.344      0.61           2          1250       0.05     8.29       4.02       12641.6    6796.9     5844.7     0.792     c3:26.40; c2:26.03
203 H1157TS439_4       439     Yang                 0.742    0.742    2        A1B1     C1        2        0.00     145      0        71.3     72.50      70.10       0.681      0.344      0.61           2          1250       0.05     8.29       4.02       12641.6    6796.9     5844.7     0.792     c3:26.40; c2:26.03
204 H1157TS150_5       150     Grudinin             0.741    0.741    2        A1B1     C1        2        0.00     151      0        70.0     68.60      71.40       0.673      0.486      0.64           2          1251       0.03     8.18       4.07       15549.3    9848.1     5701.2     0.836     c3:27.32; c2:28.77
205 H1157TS165_4       165     FTBiot0119           0.741    0.741    2        A1B1     C1        2        0.00     184      7        59.7     54.50      66.00       0.672      0.532      0.64           2          1255       0.02     8.14       3.25       13709.1    9119.1     4589.9     0.855     c3:28.23; c2:30.25
206 H1157TS423_2       423     trComplex            0.741    0.741    2        A1B1     C1        2        0.00     148      0        71.7     72.70      70.70       0.695      0.370      0.62           2          1251       0.04     8.19       3.98       12941.8    9545.6     3396.3     0.797     c3:25.46; c2:24.49
207 H1157TS187_2       187     TRFold               0.741    0.741    2        A1B1     C1        2        0.00     148      0        71.7     72.70      70.70       0.695      0.370      0.62           2          1251       0.04     8.19       3.98       12941.8    9545.6     3396.3     0.797     c3:25.46; c2:24.49
208 H1157TS314_3       314     Pierce               0.741    0.741    2        A1B1     C1        2        0.00     151      0        70.0     68.60      71.40       0.673      0.486      0.64           2          1251       0.03     8.18       4.07       15454.6    9821.4     5633.2     0.836     c3:27.32; c2:28.77
209 H1157TS165_2       165     FTBiot0119           0.740    0.740    2        A1B1     C1        2        0.00     183      3        63.5     56.70      72.10       0.673      0.508      0.61           2          1254       0.05     8.36       3.63       14163.0    9664.1     4498.9     0.835     c3:27.72; c2:29.75
210 H1157TS350_5       350     ClusPro              0.738    0.738    2        A1B1     C1        2        0.00     143      0        70.3     71.30      69.40       0.693      0.347      0.65           2          1248       0.05     8.24       3.88       11826.5    8722.3     3104.2     0.793     c3:25.98; c2:25.68
211 H1157TS291_5       291     Kozakov-Vajda        0.738    0.738    2        A1B1     C1        2        0.00     143      0        70.3     71.30      69.40       0.693      0.347      0.65           2          1248       0.05     8.24       3.88       11826.5    8722.3     3104.2     0.793     c3:25.98; c2:25.68
212 H1157TS399_5       399     BeijingAIProtein     0.738    0.799    2        A1B1     C1        2        0.00     179      0        66.2     62.30      70.70       0.707      0.369      0.58           2          1267       0.07     8.41       2.99       7684.9     6630.3     1054.6     0.791     c3:23.66; c2:23.47
213 H1157TS054_5       054     UltraFold            0.738    0.799    2        A1B1     C1        2        0.00     179      0        66.2     62.30      70.70       0.707      0.369      0.58           2          1267       0.07     8.41       2.99       7684.9     6630.3     1054.6     0.791     c3:23.66; c2:23.47
214 H1157TS125_5       125s    UltraFold_Server     0.738    0.799    2        A1B1     C1        2        0.00     179      0        66.2     62.30      70.70       0.707      0.369      0.58           2          1267       0.07     8.41       2.99       7684.9     6630.3     1054.6     0.791     c3:23.66; c2:23.47
215 H1157TS187_1       187     TRFold               0.737    0.737    2        A1B1     C1        2        0.00     147      0        69.8     69.60      70.10       0.696      0.359      0.63           2          1251       0.04     8.32       4.26       13519.6    9437.6     4082.1     0.793     c3:25.53; c2:24.32
216 H1157TS423_1       423     trComplex            0.737    0.737    2        A1B1     C1        2        0.00     147      0        69.8     69.60      70.10       0.696      0.359      0.63           2          1251       0.04     8.32       4.26       13519.6    9437.6     4082.1     0.793     c3:25.53; c2:24.32
217 H1157TS131_2       131s    Kiharalab_Server     0.736    0.736    2        A1B1     C1        2        0.00     144      0        71.0     72.00      70.10       0.699      0.350      0.64           2          1250       0.05     8.17       3.94       13635.1    9606.6     4028.5     0.794     c3:25.40; c2:24.23
218 H1157TS133_1       133s    ShanghaiTech-TS-SER  0.733    0.733    2        A1B1     C1        2        0.00     144      0        71.0     72.00      70.10       0.694      0.357      0.66           2          1250       0.04     8.23       3.90       12848.1    8969.2     3879.0     0.793     c3:25.55; c2:24.48
219 H1157TS227_1       227     GinobiFold           0.733    0.733    2        A1B1     C1        2        0.00     144      0        71.0     72.00      70.10       0.694      0.357      0.66           2          1250       0.04     8.23       3.90       12848.1    8969.2     3879.0     0.793     c3:25.55; c2:24.48
220 H1157TS320_5       320     Elofsson             0.731    0.731    2        A1B1     C1        2        0.00     146      0        71.0     71.20      70.70       0.676      0.511      0.67           2          1254       0.03     8.31       3.81       15601.9    9776.2     5825.8     0.834     c3:28.70; c2:30.78
221 H1157TS150_4       150     Grudinin             0.731    0.731    2        A1B1     C1        2        0.00     146      0        71.0     71.20      70.70       0.676      0.511      0.67           2          1254       0.03     8.31       3.81       15599.5    9784.9     5814.6     0.834     c3:28.70; c2:30.78
222 H1157TS098_5       098s    GuijunLab-Assembly   0.731    0.731    2        A1B1     C1        2        0.00     146      0        70.7     70.70      70.70       0.676      0.511      0.67           2          1254       0.06     8.31       3.81       15571.6    9771.0     5800.5     0.834     c3:28.70; c2:30.78
223 H1157TS314_5       314     Pierce               0.731    0.731    2        A1B1     C1        2        0.00     146      0        71.0     71.20      70.70       0.676      0.511      0.67           2          1254       0.03     8.31       3.81       15601.9    9776.2     5825.8     0.834     c3:28.70; c2:30.78
224 H1157TS390_5       390s    NBIS-AF2-multimer    0.731    0.731    2        A1B1     C1        2        0.00     146      0        71.0     71.20      70.70       0.676      0.511      0.67           2          1254       0.03     8.31       3.81       15601.9    9776.2     5825.8     0.834     c3:28.70; c2:30.78
225 H1157TS188_5       188s    GuijunLab-DeepDA     0.731    0.731    2        A1B1     C1        2        0.00     146      0        70.7     70.70      70.70       0.676      0.511      0.67           2          1254       0.06     8.31       3.81       15571.6    9771.0     5800.5     0.834     c3:28.70; c2:30.78
226 H1157TS205_4       205     Zou                  0.728    0.728    2        A1B1     C1        2        0.00     164      0        67.7     63.30      72.80       0.647      0.428      0.68           2          1253       0.03     8.33       3.31       8190.1     6184.9     2005.2     0.787     c3:23.46; c2:23.09
227 H1157TS257_4       257     WL_team              0.722    0.722    2        A1B1     C1        2        0.00     175      0        63.6     58.60      69.40       0.640      0.338      0.61           2          1245       0.02     8.20       4.28       11909.0    9291.5     2617.6     0.768     c3:24.33; c2:22.54
228 H1157TS165_3       165     FTBiot0119           0.714    0.714    2        A1B1     C1        2        0.00     211      6        54.9     46.10      68.00       0.672      0.504      0.58           2          1255       0.04     8.32       3.57       13257.2    9069.8     4187.4     0.844     c3:27.09; c2:28.85
229 H1157TS257_2       257     WL_team              0.711    0.711    2        A1B1     C1        2        0.00     162      0        61.8     60.40      63.30       0.623      0.355      0.63           2          1250       0.06     8.45       4.28       11327.0    8395.8     2931.2     0.750     c3:24.44; c2:23.98
230 H1157TS205_2       205     Zou                  0.706    0.706    2        A1B1     C1        2        0.00     189      1        64.5     57.80      72.80       0.643      0.412      0.66           2          1253       0.04     8.37       3.27       6816.7     5674.3     1142.4     0.780     c3:23.45; c2:22.95
231 H1157TS257_1       257     WL_team              0.695    0.695    2        A1B1     C1        2        0.00     179      0        61.2     58.80      63.90       0.624      0.378      0.59           2          1249       0.06     8.55       4.64       11825.7    9189.1     2636.6     0.749     c3:23.85; c2:24.35
232 H1157TS257_3       257     WL_team              0.692    0.692    2        A1B1     C1        2        0.00     189      0        61.6     55.80      68.70       0.634      0.341      0.61           2          1249       0.02     8.44       4.20       11257.2    8818.4     2438.8     0.764     c3:24.00; c2:22.79
233 H1157TS165_5       165     FTBiot0119           0.690    0.690    2        A1B1     C1        2        0.00     165      5        58.8     56.60      61.20       0.664      0.502      0.59           2          1254       0.04     8.30       3.80       15478.2    9789.8     5688.4     0.824     c3:28.72; c2:30.57
234 H1157TS444_4       444     CoDock               0.686    0.789    2        A1B1     C1        2        0.00     189      0        65.6     59.80      72.80       0.695      0.372      0.63           2          1259       0.06     8.24       3.35       7583.9     7196.8     387.1      0.795     c3:23.79; c2:23.66
235 H1157TS147_5       147     SHT                  0.678    0.731    2        A1B1     C1        2        0.00     185      0        65.8     62.00      70.10       0.635      0.508      0.58           2          1252       0.04     8.29       3.97       2836.8     5690.8     -2854.0    0.799     c3:24.27; c2:26.62
236 H1157TS147_2       147     SHT                  0.678    0.748    2        A1B1     C1        2        0.00     191      0        65.0     60.60      70.10       0.634      0.434      0.57           2          1259       0.07     8.46       3.48       3603.0     5640.9     -2038.0    0.805     c3:26.44; c2:29.47
237 H1157TS225_2       225     ShanghaiTech         0.678    0.758    2        A1B1     C1        2        0.00     211      0        59.7     51.20      71.40       0.695      0.380      0.59           2          1263       0.06     8.35       3.19       2902.0     3716.9     -814.9     0.789     c3:23.00; c2:22.61
238 H1157TS225_4       225     ShanghaiTech         0.669    0.780    2        A1B1     C1        2        0.00     207      2        63.5     56.30      72.80       0.694      0.384      0.64           2          1266       0.05     8.25       3.05       2862.4     3990.9     -1128.5    0.794     c3:22.86; c2:22.38
239 H1157TS245_1       245s    FoldEver             0.668    0.795    2        A1B1     C1        2        0.00     193      1        63.8     58.10      70.70       0.706      0.366      0.55           2          1266       0.07     8.39       2.95       6792.6     6358.8     433.9      0.792     c3:23.75; c2:23.53
240 H1157TS385_1       385     FoldEver-Hybrid      0.668    0.795    2        A1B1     C1        2        0.00     193      1        63.8     58.10      70.70       0.706      0.366      0.55           2          1266       0.07     8.39       2.95       6792.6     6358.8     433.9      0.792     c3:23.75; c2:23.53
241 H1157TS444_2       444     CoDock               0.661    0.747    2        A1B1     C1        2        0.00     182      0        65.8     60.60      72.10       0.688      0.369      0.60           2          1271       0.07     8.39       3.38       6857.9     6610.1     247.8      0.789     c3:23.81; c2:23.77
242 H1157TS073_5       073s    DFolding-refine      0.658    0.658    2        A1B1     C1        2        0.00     140      1        58.8     64.00      54.40       0.631      0.282      0.56           2          1250       0.05     9.18       4.76       5859.3     1839.1     4020.2     0.736     c3:24.18; c2:23.12
243 H1157TS314_4       314     Pierce               0.647    0.647    2        A1B1     C1        2        0.00     199      1        61.8     54.10      72.10       0.677      0.303      0.51           2          1228       0.03     8.14       3.69       15539.3    10124.8    5414.4     0.756     c3:34.80; c2:30.58
244 H1157TS493_4       493     Shen-CAPRI           0.646    0.646    2        A1B1     C1        2        0.00     195      0        61.2     53.90      70.70       0.675      0.297      0.51           2          1228       0.03     8.13       3.78       14639.4    10012.3    4627.1     0.756     c3:34.57; c2:30.11
245 H1157TS097_4       097     Graphen_Medical      0.630    0.786    2        A1B1     C1        2        0.00     219      0        58.2     49.10      71.40       0.702      0.387      0.55           2          1268       0.06     8.36       2.82       3875.2     4566.9     -691.7     0.793     c3:23.17; c2:22.86
246 H1157TS073_3       073s    DFolding-refine      0.615    0.675    2        A1B1     C1        2        0.00     193      0        58.4     50.80      68.70       0.644      0.357      0.54           2          1248       0.05     8.39       3.83       6458.2     1981.1     4477.1     0.768     c3:24.45; c2:25.33
247 H1157TS097_1       097     Graphen_Medical      0.613    0.761    2        A1B1     C1        2        0.00     227      1        56.1     46.30      71.40       0.677      0.378      0.56           2          1271       0.06     8.41       3.03       1233.5     1292.3     -58.9      0.793     c3:23.29; c2:22.97
248 H1157TS288_5       288s    DFolding-server      0.598    0.598    2        A1B1     C1        2        0.00     99       0        58.5     72.70      49.00       0.687      0.274      0.46           2          1252       0.10     9.12       4.95       14785.3    10405.0    4380.2     0.753     c3:25.97; c2:24.39
249 H1157TS074_5       074     DFolding             0.598    0.598    2        A1B1     C1        2        0.00     99       0        58.5     72.70      49.00       0.687      0.274      0.46           2          1252       0.10     9.12       4.95       14785.3    10405.0    4380.2     0.753     c3:25.97; c2:24.39
250 H1157TS147_4       147     SHT                  0.569    0.756    2        A1B1     C1        2        0.00     262      0        51.1     40.00      70.70       0.637      0.421      0.49           2          1252       0.07     8.33       3.31       1164.3     4621.2     -3456.8    0.801     c3:25.72; c2:28.63
251 H1157TS444_1       444     CoDock               0.523    0.793    2        A1B1     C1        2        0.00     269      0        54.4     43.60      72.10       0.690      0.372      0.52           2          1259       0.06     8.23       3.25       6829.4     7071.3     -241.9     0.794     c3:23.70; c2:23.54
252 H1157TS444_3       444     CoDock               0.522    0.745    2        A1B1     C1        2        0.00     274      0        53.4     41.80      74.10       0.683      0.377      0.49           2          1271       0.07     8.40       3.39       6171.2     6475.2     -304.0     0.788     c3:23.69; c2:23.62
253 H1157TS444_5       444     CoDock               0.505    0.741    2        A1B1     C1        2        0.00     253      0        51.0     40.30      69.40       0.684      0.359      0.49           2          1271       0.07     8.41       3.42       6597.5     6650.6     -53.1      0.788     c3:23.71; c2:23.64
254 H1157TS097_2       097     Graphen_Medical      0.485    0.794    2        A1B1     C1        2        0.00     302      2        51.6     40.20      72.10       0.708      0.387      0.46           2          1264       0.06     8.32       2.95       6483.9     5988.8     495.1      0.796     c3:23.92; c2:24.17
255 H1157TS097_5       097     Graphen_Medical      0.481    0.792    2        A1B1     C1        2        0.00     312      0        47.5     35.70      70.70       0.697      0.400      0.47           2          1287       0.06     8.44       2.65       2986.7     3969.7     -983.0     0.794     c3:23.52; c2:23.57
256 H1157TS278_5       278     PEZYFoldings         0.438    0.613    2        A1B1     C1        2        0.00     332      0        49.3     36.60      75.50       0.687      0.325      0.46           2          1239       0.02     8.20       4.19       -2564.3    1327.9     -3892.2    0.783     c3:22.88; c2:20.19
257 H1157TS147_1       147     SHT                  0.390    0.435    2        A1B1     C1        2        0.00     144      1        36.4     39.10      34.00       0.586      0.143      0.39           1          464        0.00     7.75       10.65      5670.4     5909.6     -239.1     0.548     c3:27.25; c2:26.73
258 H1157TS278_2       278     PEZYFoldings         0.367    0.367    2        A1B1     C1        2        0.00     179      2        40.6     38.70      42.90       0.676      0.160      0.40           1          778        0.00     9.80       10.38      12554.9    8667.1     3887.8     0.628     c3:26.67; c2:25.06
259 H1157TS312_3       312     Fernandez-Recio      0.129    0.145    2        A1B1     C1        2        0.00     59       1        9.2      18.80      6.10        0.630      0.108      0.22           1          452        0.00     7.48       8.88       -6763.6    406.6      -7170.2    0.552     c3:23.20; c2:21.34
260 H1157TS234_2       234     Panlab               0.079    0.080    2        A1B1     C1        2        0.00     42       0        4.3      10.30      2.70        0.583      0.039      0.08           1          464        0.00     7.21       18.20      9856.2     440.9      9415.4     0.572     c3:26.46; c2:23.30
261 H1157TS312_1       312     Fernandez-Recio      0.073    0.081    2        A1B1     C1        2        0.00     74       0        3.7      5.60       2.70        0.627      0.108      0.34           1          452        0.00     9.11       11.04      -7215.7    172.0      -7387.7    0.566     c3:23.80; c2:22.48
262 H1157TS234_4       234     Panlab               0.071    0.071    2        A1B1     C1        2        0.00     33       0        3.6      13.60      2.00        0.585      0.022      0.08           1          464        0.00     7.21       25.59      10225.9    587.4      9638.5     0.551     c3:24.45; c2:24.74
263 H1157TS234_1       234     Panlab               0.052    0.053    2        A1B1     C1        2        0.00     8        0        0.0      0.00       0.00        0.585      0.024      0.04           1          464        0.00     7.21       22.28      10750.6    796.5      9954.0     0.564     c3:24.44; c2:23.54
264 H1157TS234_5       234     Panlab               0.049    0.049    2        A1B1     C1        2        0.00     54       2        2.2      5.30       1.40        0.584      0.013      0.13           1          464        0.00     7.21       34.05      9885.1     548.9      9336.3     0.532     c3:24.23; c2:25.38
265 H1157TS234_3       234     Panlab               0.044    0.044    2        A1B1     C1        2        0.00     16       1        2.6      22.20      1.40        0.585      0.023      0.04           1          464        0.00     7.21       24.09      10665.8    776.5      9889.3     0.548     c3:24.73; c2:23.36
266 H1157TS091_5       091     UNRES                0.031    0.033    2        A1B1     C1        2        0.00     85       0        0.0      0.00       0.00        0.580      0.023      0.15           1          355        0.00     9.89       14.66      219.3      3395.0     -3175.7    0.564     c3:21.10; c2:21.63
267 H1157TS091_1       091     UNRES                0.028    0.029    2        A1B1     C1        2        0.00     101      0        0.0      0.00       0.00        0.572      0.024      0.16           1          354        0.00     9.94       13.98      -40.0      3610.7     -3650.8    0.570     c3:21.16; c2:21.19
268 H1157TS091_4       091     UNRES                0.023    0.024    2        A1B1     C1        2        0.00     89       0        0.0      0.00       0.00        0.576      0.021      0.17           1          353        0.00     9.92       14.64      -1072.9    3106.9     -4179.8    0.556     c3:20.88; c2:21.28
269 H1157TS091_3       091     UNRES                0.023    0.024    2        A1B1     C1        2        0.00     89       0        0.0      0.00       0.00        0.576      0.021      0.17           1          353        0.00     9.92       14.64      -1072.9    3106.9     -4179.8    0.556     c3:20.88; c2:21.28
270 H1157TS312_5       312     Fernandez-Recio      0.014    0.017    2        A1B1     C1        2        0.00     47       1        0.0      0.00       0.00        0.627      0.086      0.18           1          452        0.00     7.48       10.64      -5798.6    866.4      -6665.0    0.539     c3:23.37; c2:22.43
271 H1157TS447_1       447     DELCLAB              0.009    0.010    2        A1B1     C1        2        0.00     155      1        0.0      0.00       0.00        0.374      0.022      0.15           1          335        0.00     9.80       25.97      -4384.6    -3756.8    -627.8     0.319     c3:25.29; c2:25.44
272 H1157TS447_3       447     DELCLAB              0.008    0.008    2        A1B1     C1        2        0.00     169      2        0.0      0.00       0.00        0.370      0.005      0.16           1          335        0.00     9.90       28.39      -4049.2    -4208.0    158.9      0.304     c3:20.77; c2:24.86
273 H1157TS180_4       180     McGuffin             0.000    0.000    2        A1B1     C1        2        0.00     0        0        -        -          -           0.673      0.003      -              1          464        0.00     3.34       -          17496.4    11518.1    5978.3     0.141     c3:29.77; c2:25.19
274 H1157TS368_5       368s    FALCON2              0.000    0.000    2        A1B1     C1        2        0.00     0        0        -        -          -           0.269      0.000      -              1          565        0.00     9.95       -          92041.7    36811.6    55230.1    0.326     -
275 H1157TS462_3       462s    MultiFOLD            0.000    0.000    2        A1B1     C1        2        0.00     62       0        0.0      0.00       0.00        0.669      0.002      0.00           1          464        0.00     5.99       49.07      15658.1    10912.6    4745.5     0.509     c3:28.86; c2:38.04
276 H1157TS447_2       447     DELCLAB              0.000    0.000    2        A1B1     C1        2        0.00     117      0        0.0      0.00       0.00        0.368      0.009      0.18           1          335        0.00     9.74       30.14      -3153.6    -4020.1    866.5      0.297     c3:24.79; c2:28.05
277 H1157TS462_4       462s    MultiFOLD            0.000    0.000    2        A1B1     C1        2        0.00     0        0        -        -          -           0.673      0.003      -              1          464        0.00     3.34       -          17496.4    11518.1    5978.3     0.141     c3:29.77; c2:25.19
278 H1157TS333_2       333s    FALCON0              0.000    0.000    2        A1B1     C1        2        0.00     0        0        -        -          -           0.276      0.000      -              1          219        0.00     9.93       -          89800.7    35926.6    53874.1    0.325     -
279 H1157TS180_3       180     McGuffin             0.000    0.000    2        A1B1     C1        2        0.00     62       0        0.0      0.00       0.00        0.669      0.002      0.00           1          464        0.00     5.99       49.07      15658.1    10912.6    4745.5     0.509     c3:28.86; c2:38.04
280 H1157TS441_4       441     OpenFold             0.000    0.000    2        A1B1     C1        2        0.00     10       0        0.0      0.00       0.00        0.651      0.004      0.02           1          464        0.00     9.70       30.35      17076.1    10866.2    6209.9     0.505     c3:24.53; c2:24.83
281 H1157TS462_5       462s    MultiFOLD            0.000    0.000    2        A1B1     C1        2        0.00     5        0        0.0      0.00       0.00        0.666      0.003      0.03           1          464        0.00     3.56       32.20      17031.2    11407.5    5623.7     0.510     c3:29.50; c2:25.59
282 H1157TS333_3       333s    FALCON0              0.000    0.000    2        A1B1     C1        2        0.00     0        0        -        -          -           0.275      0.000      -              1          570        0.00     9.89       -          90654.0    36864.0    53790.1    0.325     -
283 H1157TS433_1       433     OpenFold-SingleSeq   0.000    0.000    2        A1B1     C1        2        0.00     13       0        0.0      0.00       0.00        0.655      0.004      0.04           1          464        0.00     4.85       29.65      16505.0    10853.6    5651.4     0.509     c3:23.19; c2:23.65
284 H1157TS368_1       368s    FALCON2              0.000    0.000    2        A1B1     C1        2        0.00     0        0        -        -          -           0.284      0.000      -              1          568        0.00     9.95       -          91231.3    37142.9    54088.4    0.320     -
285 H1157TS368_3       368s    FALCON2              0.000    0.000    2        A1B1     C1        2        0.00     0        0        -        -          -           0.275      0.000      -              1          570        0.00     9.89       -          90654.0    36864.0    53790.1    0.325     -
286 H1157TS333_5       333s    FALCON0              0.000    0.000    2        A1B1     C1        2        0.00     0        0        -        -          -           0.269      0.000      -              1          565        0.00     9.95       -          92041.7    36811.6    55230.1    0.326     -
287 H1157TS312_4       312     Fernandez-Recio      0.000    0.000    2        A1B1     C1        2        0.00     53       1        0.0      0.00       0.00        0.626      0.007      0.12           1          451        0.00     7.54       22.18      -6054.8    594.0      -6648.8    0.452     c3:22.59; c2:22.39
288 H1157TS333_1       333s    FALCON0              0.000    0.000    2        A1B1     C1        2        0.00     0        0        -        -          -           0.284      0.000      -              1          568        0.00     9.95       -          91231.3    37142.9    54088.4    0.320     -
289 H1157TS312_2       312     Fernandez-Recio      0.000    0.000    2        A1B1     C1        2        0.00     82       0        0.0      0.00       0.00        0.618      0.004      0.12           1          451        0.00     7.54       38.54      -7546.5    -502.7     -7043.8    0.444     c3:25.42; c2:30.61
290 H1157TS278_3       278     PEZYFoldings         0.000    0.000    2        A1B1     C1        2        0.00     168      1        0.0      0.00       0.00        0.658      0.006      0.38           1          464        0.00     8.00       31.56      11965.3    8424.8     3540.6     0.515     c3:24.23; c2:26.12
291 H1157TS447_5       447     DELCLAB              0.000    0.000    2        A1B1     C1        2        0.00     169      1        0.0      0.00       0.00        0.374      0.005      0.01           1          335        0.00     9.81       36.07      -4783.6    -4002.6    -781.1     0.286     c3:24.25; c2:23.97
292 H1157TS368_2       368s    FALCON2              0.000    0.000    2        A1B1     C1        2        0.00     0        0        -        -          -           0.276      0.000      -              1          219        0.00     9.93       -          89800.7    35926.6    53874.1    0.325     -
293 H1157TS091_2       091     UNRES                0.000    0.000    2        A1B1     C1        2        0.00     5        0        0.0      0.00       0.00        0.560      0.020      0.03           1          355        0.00     9.99       18.37      1013.9     3758.5     -2744.6    0.515     c3:20.90; c2:22.09
294 H1157TS333_4       333s    FALCON0              0.000    0.000    2        A1B1     C1        2        0.00     0        0        -        -          -           0.274      0.000      -              1          329        0.00     9.86       -          92678.1    36898.4    55779.8    0.320     -
295 H1157TS433_4       433     OpenFold-SingleSeq   0.000    0.000    2        A1B1     C1        2        0.00     10       0        0.0      0.00       0.00        0.651      0.004      0.02           1          464        0.00     9.70       30.35      17076.1    10866.2    6209.9     0.505     c3:24.53; c2:24.83
296 H1157TS278_4       278     PEZYFoldings         0.000    0.000    2        A1B1     C1        2        0.00     268      3        0.0      0.00       0.00        0.656      0.005      0.32           1          464        0.00     9.89       30.20      7962.8     6533.0     1429.8     0.511     c3:24.57; c2:25.90
297 H1157TS239_2       239s    Yang-Multimer        0.000    0.000    2        A1B1     C1        2        0.00     152      0        0.0      0.00       0.00        0.635      0.007      0.49           1          450        0.00     8.73       29.74      1360.2     1222.2     138.0      0.510     c3:23.89; c2:25.75
298 H1157TS205_5       205     Zou                  0.000    0.000    2        A1B1     C1        2        0.00     69       0        0.0      0.00       0.00        0.663      0.002      0.00           1          464        0.00     7.08       47.09      17430.4    10581.8    6848.6     0.507     c3:27.20; c2:35.37
299 H1157TS441_1       441     OpenFold             0.000    0.000    2        A1B1     C1        2        0.00     13       0        0.0      0.00       0.00        0.655      0.004      0.04           1          464        0.00     4.85       29.65      16505.0    10853.6    5651.4     0.509     c3:23.19; c2:23.65
300 H1157TS180_5       180     McGuffin             0.000    0.000    2        A1B1     C1        2        0.00     5        0        0.0      0.00       0.00        0.666      0.003      0.03           1          464        0.00     3.56       32.20      17031.2    11407.5    5623.7     0.510     c3:29.50; c2:25.59
301 H1157TS433_2       433     OpenFold-SingleSeq   0.000    0.000    2        A1B1     C1        2        0.00     7        0        0.0      0.00       0.00        0.659      0.004      0.03           1          464        0.00     5.12       30.46      16858.1    10917.2    5940.9     0.505     c3:23.36; c2:23.75
302 H1157TS368_4       368s    FALCON2              0.000    0.000    2        A1B1     C1        2        0.00     0        0        -        -          -           0.274      0.000      -              1          329        0.00     9.86       -          92678.1    36898.4    55779.8    0.320     -
303 H1157TS441_2       441     OpenFold             0.000    0.000    2        A1B1     C1        2        0.00     7        0        0.0      0.00       0.00        0.659      0.004      0.03           1          464        0.00     5.12       30.46      16858.1    10917.2    5940.9     0.505     c3:23.36; c2:23.75
304 H1157TS447_4       447     DELCLAB              0.000    0.000    2        A1B1     C1        2        0.00     100      0        0.0      0.00       0.00        0.370      0.003      0.12           1          335        0.00     9.87       31.68      -3022.4    -3935.6    913.2      0.298     c3:20.88; c2:24.23