    Model              Gr.Code Group                QSglob   QSbest   Mol.Size Stoich.  Symm.     SymmSize SymmRMSD No.Conts No.Clash F1       Prec.Iface Recal.Iface lDDToligo  DockQ_Avg  Jaccard.Coeff. Align.Size Align.Len  Orient   LocalRMSD  Iface.RMSD SA.total   SA.polar  SA.apolar  TMscore    SymmGr.RMSD
1   H1167v1TS398_2     398     ChaePred             0.140    0.144    -        -        C1        2        0.00     62       1        10.3     7.30       17.10       0.844      0.098      0.32           1          124        0.00     0.63       6.20       -847.3     -187.9     -659.4     0.794     c3:15.26; c2:17.59
2   H1167v1TS165_3     165     FTBiot0119           0.140    0.145    -        -        C1        2        0.00     68       2        3.1      2.20       5.70        0.787      0.083      0.38           1          124        0.00     0.85       6.15       -1626.2    -669.1     -957.0     0.587     c3:14.73; c2:13.71
3   H1167v1TS494_5     494     Venclovas            0.102    0.102    -        -        C1        2        0.00     24       0        9.7      11.10      8.60        0.721      0.061      0.36           1          416        0.00     9.06       9.47       609.5      963.4      -353.9     0.539     c3:14.84; c2:15.64
4   H1167v1TS278_2     278     PEZYFoldings         0.100    0.106    -        -        C1        2        0.00     39       1        2.6      2.30       2.90        0.742      0.085      0.27           1          416        0.00     1.42       7.49       117.4      193.9      -76.5      0.823     c3:14.36; c2:13.65
5   H1167v1TS225_3     225     ShanghaiTech         0.082    0.094    -        -        C1        2        0.00     70       0        3.2      2.20       5.70        0.832      0.062      0.35           1          124        0.00     0.96       7.75       -635.1     -408.5     -226.6     0.600     c3:14.68; c2:13.72
6   H1167v1TS147_1     147     SHT                  0.074    0.085    -        -        C1        2        0.00     66       0        4.7      3.20       8.60        0.744      0.070      0.28           1          416        0.00     1.70       7.35       -2476.2    -2323.9    -152.3     0.783     c3:14.85; c2:17.18
7   H1167v1TS225_5     225     ShanghaiTech         0.073    0.093    -        -        C1        2        0.00     67       2        12.0     9.20       17.10       0.844      0.093      0.35           1          124        0.00     0.96       8.70       -612.9     -134.1     -478.8     0.592     c3:14.73; c2:13.78
8   H1167v1TS225_1     225     ShanghaiTech         0.069    0.083    -        -        C1        2        0.00     72       0        10.0     7.10       17.10       0.841      0.095      0.34           1          124        0.00     0.94       8.42       -731.0     -286.0     -444.9     0.610     c3:14.82; c2:13.79
9   H1167v1TS225_2     225     ShanghaiTech         0.064    0.075    -        -        C1        2        0.00     71       2        11.0     8.10       17.10       0.831      0.096      0.36           1          124        0.00     0.97       8.73       -512.2     -200.9     -311.4     0.594     c3:14.81; c2:13.83
10  H1167v1TS187_5     187     TRFold               0.060    0.062    -        -        C1        2        0.00     21       1        0.0      0.00       0.00        0.840      0.013      0.16           1          124        0.00     0.98       11.31      746.0      617.8      128.2      0.670     c3:14.56; c2:15.41
11  H1167v1TS462_2     462s    MultiFOLD            0.060    0.060    -        -        C1        2        0.00     12       0        0.0      0.00       0.00        0.839      0.031      0.21           1          124        0.00     0.69       11.34      542.4      669.1      -126.7     0.542     c3:14.04; c2:13.50
12  H1167v1TS225_4     225     ShanghaiTech         0.059    0.071    -        -        C1        2        0.00     55       2        4.0      3.10       5.70        0.841      0.055      0.29           1          124        0.00     0.96       9.72       -304.7     -98.8      -205.9     0.599     c3:14.76; c2:14.10
13  H1167v1TS462_1     462s    MultiFOLD            0.057    0.057    -        -        C1        2        0.00     7        0        0.0      0.00       0.00        0.843      0.061      0.19           1          124        0.00     0.65       7.62       732.5      775.9      -43.3      0.595     c3:14.80; c2:13.31
14  H1167v1TS205_5     205     Zou                  0.055    0.055    -        -        C1        2        0.00     50       0        4.3      3.40       5.70        0.834      0.044      0.21           1          124        0.00     0.61       7.60       -779.0     -223.5     -555.5     0.516     c3:14.41; c2:16.50
15  H1167v1TS398_4     398     ChaePred             0.054    0.068    -        -        C1        2        0.00     73       2        6.2      4.30       11.40       0.838      0.073      0.31           1          124        0.00     0.63       9.13       -691.9     -120.7     -571.2     0.794     c3:15.61; c2:14.48
16  H1167v1TS185_1     185     BAKER                0.052    0.052    -        -        C1        2        0.00     29       0        0.0      0.00       0.00        0.849      0.042      0.20           1          124        0.00     0.85       12.47      534.7      1219.4     -684.7     0.811     c3:14.68; c2:14.46
17  H1167v1TS035_4     035s    Manifold-E           0.049    0.049    -        -        C1        2        0.00     31       0        0.0      0.00       0.00        0.864      0.104      0.31           1          124        0.00     0.66       6.50       826.4      1173.6     -347.2     0.839     c3:14.73; c2:14.35
18  H1167v1TS248_4     248     Manifold             0.049    0.049    -        -        C1        2        0.00     31       0        0.0      0.00       0.00        0.864      0.104      0.31           1          124        0.00     0.66       6.50       826.4      1173.6     -347.2     0.839     c3:14.73; c2:14.35
19  H1167v1TS185_3     185     BAKER                0.049    0.049    -        -        C1        2        0.00     25       0        0.0      0.00       0.00        0.850      0.046      0.23           1          124        0.00     0.83       12.16      409.7      997.2      -587.5     0.813     c3:14.98; c2:14.35
20  H1167v1TS185_2     185     BAKER                0.048    0.048    -        -        C1        2        0.00     34       0        0.0      0.00       0.00        0.851      0.042      0.21           1          124        0.00     0.83       12.29      533.0      1165.6     -632.6     0.811     c3:14.73; c2:14.44
21  H1167v1TS444_4     444     CoDock               0.036    0.036    -        -        C1        2        0.00     38       0        0.0      0.00       0.00        0.835      0.045      0.24           1          124        0.00     0.72       13.11      47.6       644.9      -597.3     0.800     c3:14.65; c2:14.83
22  H1167v1TS447_5     447     DELCLAB              0.036    0.043    -        -        C1        2        0.00     69       0        0.0      0.00       0.00        0.781      0.039      0.17           1          124        0.00     1.01       12.53      -2076.8    -1695.5    -381.3     0.602     c3:15.35; c2:14.19
23  H1167v1TS073_1     073s    DFolding-refine      0.034    0.034    -        -        C1        2        0.00     26       0        0.0      0.00       0.00        0.776      0.043      0.28           1          124        0.00     1.19       13.77      -314.3     -1372.4    1058.2     0.791     c3:14.16; c2:15.36
24  H1167v1TS461_3     461     colabfold_human      0.033    0.033    -        -        C1        2        0.00     9        0        0.0      0.00       0.00        0.841      0.028      0.15           1          124        0.00     0.64       13.22      913.0      949.3      -36.3      0.536     c3:13.52; c2:13.85
25  H1167v1TS446_3     446s    ColabFold            0.033    0.033    -        -        C1        2        0.00     9        0        0.0      0.00       0.00        0.841      0.028      0.15           1          124        0.00     0.64       13.22      913.0      949.3      -36.3      0.536     c3:13.52; c2:13.85
26  H1167v1TS073_3     073s    DFolding-refine      0.032    0.032    -        -        C1        2        0.00     20       0        0.0      0.00       0.00        0.755      0.022      0.23           1          124        0.00     1.45       13.64      -646.0     -1140.8    494.7      0.518     c3:13.49; c2:14.47
27  H1167v1TS257_1     257     WL_team              0.032    0.032    -        -        C1        2        0.00     16       0        0.0      0.00       0.00        0.754      0.041      0.12           1          124        0.00     1.72       15.19      2692.7     1534.7     1157.9     0.789     c3:15.93; c2:14.81
28  H1167v1TS444_1     444     CoDock               0.030    0.030    -        -        C1        2        0.00     61       0        0.0      0.00       0.00        0.829      0.044      0.23           1          124        0.00     0.78       12.51      -327.8     517.7      -845.5     0.796     c3:14.61; c2:14.90
29  H1167v1TS398_5     398     ChaePred             0.030    0.030    -        -        C1        2        0.00     83       6        0.0      0.00       0.00        0.834      0.040      0.22           1          124        0.00     0.63       12.65      -740.1     -52.7      -687.4     0.797     c3:14.17; c2:15.50
30  H1167v1TS278_4     278     PEZYFoldings         0.030    0.030    -        -        C1        2        0.00     42       1        0.0      0.00       0.00        0.709      0.035      0.13           1          416        0.00     9.36       8.67       -114.8     139.8      -254.6     0.506     c3:16.12; c2:16.63
31  H1167v1TS092_1     092     Agemo_mix            0.030    0.030    -        -        C1        2        0.00     27       1        0.0      0.00       0.00        0.827      0.025      0.23           1          124        0.00     0.77       13.41      -291.9     340.8      -632.6     0.524     c3:13.30; c2:14.19
32  H1167v1TS288_3     288s    DFolding-server      0.029    0.029    -        -        C1        2        0.00     33       0        0.0      0.00       0.00        0.840      0.025      0.23           1          124        0.00     0.66       13.31      -79.2      256.8      -336.0     0.525     c3:13.37; c2:14.34
33  H1167v1TS003_5     003     MULTICOM_human       0.029    0.029    -        -        C1        2        0.00     31       0        0.0      0.00       0.00        0.835      0.024      0.23           1          124        0.00     0.68       13.48      -275.3     257.4      -532.6     0.521     c3:13.37; c2:14.49
34  H1167v1TS227_3     227     GinobiFold           0.029    0.029    -        -        C1        2        0.00     27       0        0.0      0.00       0.00        0.835      0.025      0.23           1          124        0.00     0.61       13.45      -282.4     161.0      -443.4     0.521     c3:13.32; c2:14.39
35  H1167v1TS086_3     086s    MULTICOM_qa          0.029    0.029    -        -        C1        2        0.00     31       0        0.0      0.00       0.00        0.835      0.024      0.23           1          124        0.00     0.68       13.48      -275.3     257.4      -532.6     0.521     c3:13.37; c2:14.49
36  H1167v1TS158_2     158s    MULTICOM_deep        0.029    0.029    -        -        C1        2        0.00     31       0        0.0      0.00       0.00        0.835      0.024      0.23           1          124        0.00     0.68       13.48      -275.3     257.4      -532.6     0.521     c3:13.37; c2:14.49
37  H1167v1TS444_5     444     CoDock               0.029    0.031    -        -        C1        2        0.00     50       0        2.2      1.80       2.90        0.815      0.052      0.18           1          124        0.00     0.82       12.79      -84.8      547.6      -632.4     0.610     c3:15.37; c2:14.27
38  H1167v1TS367_2     367     MULTICOM             0.029    0.029    -        -        C1        2        0.00     31       0        0.0      0.00       0.00        0.835      0.024      0.23           1          124        0.00     0.68       13.48      -275.3     257.4      -532.6     0.521     c3:13.37; c2:14.49
39  H1167v1TS180_4     180     McGuffin             0.029    0.029    -        -        C1        2        0.00     24       0        0.0      0.00       0.00        0.832      0.027      0.22           1          124        0.00     0.66       13.83      24.3       396.0      -371.7     0.529     c3:13.38; c2:14.29
40  H1167v1TS444_3     444     CoDock               0.029    0.029    -        -        C1        2        0.00     46       1        0.0      0.00       0.00        0.814      0.028      0.25           1          124        0.00     0.72       13.09      34.9       696.3      -661.4     0.527     c3:13.69; c2:14.09
41  H1167v1TS133_3     133s    ShanghaiTech-TS-SER  0.029    0.029    -        -        C1        2        0.00     27       0        0.0      0.00       0.00        0.835      0.025      0.23           1          124        0.00     0.61       13.45      -282.4     161.0      -443.4     0.521     c3:13.32; c2:14.39
42  H1167v1TS348_4     348     Takeda-Shitaka_Lab   0.029    0.029    -        -        C1        2        0.00     32       0        0.0      0.00       0.00        0.850      0.044      0.22           1          124        0.00     0.62       13.45      -172.1     137.8      -309.8     0.803     c3:14.30; c2:15.15
43  H1167v1TS185_4     185     BAKER                0.028    0.028    -        -        C1        2        0.00     32       0        0.0      0.00       0.00        0.846      0.039      0.21           1          124        0.00     0.85       13.38      517.5      1032.8     -515.3     0.762     c3:14.02; c2:15.11
44  H1167v1TS180_1     180     McGuffin             0.028    0.028    -        -        C1        2        0.00     23       0        0.0      0.00       0.00        0.833      0.026      0.23           1          124        0.00     0.65       13.62      -64.4      340.9      -405.3     0.527     c3:13.36; c2:14.42
45  H1167v1TS494_3     494     Venclovas            0.028    0.028    -        -        C1        2        0.00     41       0        0.0      0.00       0.00        0.831      0.029      0.24           1          124        0.00     0.69       8.29       -621.7     154.5      -776.2     0.516     c3:15.12; c2:16.16
46  H1167v1TS071_5     071s    RaptorX-Multimer     0.028    0.028    -        -        C1        2        0.00     25       1        0.0      0.00       0.00        0.821      0.025      0.22           1          124        0.00     1.37       13.66      -111.7     421.1      -532.8     0.523     c3:13.47; c2:14.46
47  H1167v1TS227_2     227     GinobiFold           0.028    0.028    -        -        C1        2        0.00     34       0        0.0      0.00       0.00        0.834      0.025      0.22           1          124        0.00     0.60       13.38      -392.7     105.8      -498.5     0.523     c3:13.33; c2:14.46
48  H1167v1TS180_2     180     McGuffin             0.028    0.028    -        -        C1        2        0.00     25       0        0.0      0.00       0.00        0.833      0.025      0.21           1          124        0.00     0.65       13.71      -180.1     291.5      -471.5     0.526     c3:13.36; c2:14.42
49  H1167v1TS133_2     133s    ShanghaiTech-TS-SER  0.028    0.028    -        -        C1        2        0.00     34       0        0.0      0.00       0.00        0.834      0.025      0.22           1          124        0.00     0.60       13.38      -392.7     105.8      -498.5     0.523     c3:13.33; c2:14.46
50  H1167v1TS037_3     037     Wallner              0.028    0.028    -        -        C1        2        0.00     37       0        0.0      0.00       0.00        0.825      0.028      0.22           1          124        0.00     0.96       13.69      -201.9     299.0      -500.9     0.529     c3:13.47; c2:13.98
51  H1167v1TS073_5     073s    DFolding-refine      0.027    0.027    -        -        C1        2        0.00     21       0        0.0      0.00       0.00        0.763      0.032      0.26           1          124        0.00     1.28       13.72      -118.5     -1078.5    959.9      0.607     c3:13.86; c2:15.33
52  H1167v1TS288_1     288s    DFolding-server      0.027    0.027    -        -        C1        2        0.00     25       0        0.0      0.00       0.00        0.852      0.044      0.24           1          124        0.00     0.77       13.67      92.3       194.6      -102.2     0.806     c3:14.26; c2:14.95
53  H1167v1TS071_1     071s    RaptorX-Multimer     0.027    0.027    -        -        C1        2        0.00     24       1        0.0      0.00       0.00        0.820      0.026      0.21           1          124        0.00     1.15       13.68      -226.2     447.8      -674.0     0.524     c3:13.32; c2:14.12
54  H1167v1TS239_1     239s    Yang-Multimer        0.027    0.027    -        -        C1        2        0.00     27       0        0.0      0.00       0.00        0.820      0.044      0.21           1          124        0.00     0.69       13.49      -52.7      -729.2     676.6      0.807     c3:14.29; c2:15.00
55  H1167v1TS446_1     446s    ColabFold            0.027    0.027    -        -        C1        2        0.00     26       0        0.0      0.00       0.00        0.836      0.025      0.23           1          124        0.00     0.62       13.54      33.7       438.6      -404.9     0.525     c3:13.35; c2:14.31
56  H1167v1TS461_1     461     colabfold_human      0.027    0.027    -        -        C1        2        0.00     26       0        0.0      0.00       0.00        0.836      0.025      0.23           1          124        0.00     0.62       13.54      33.7       438.6      -404.9     0.525     c3:13.35; c2:14.31
57  H1167v1TS180_5     180     McGuffin             0.027    0.027    -        -        C1        2        0.00     28       0        0.0      0.00       0.00        0.836      0.036      0.23           1          124        0.00     0.62       13.55      245.9      418.9      -173.0     0.627     c3:13.93; c2:14.62
58  H1167v1TS180_3     180     McGuffin             0.027    0.027    -        -        C1        2        0.00     17       0        0.0      0.00       0.00        0.833      0.025      0.23           1          124        0.00     0.63       14.00      148.3      487.4      -339.2     0.527     c3:13.39; c2:14.37
59  H1167v1TS439_1     439     Yang                 0.027    0.027    -        -        C1        2        0.00     27       0        0.0      0.00       0.00        0.820      0.044      0.21           1          124        0.00     0.69       13.49      -52.7      -729.2     676.6      0.807     c3:14.29; c2:15.00
60  H1167v1TS158_3     158s    MULTICOM_deep        0.026    0.026    -        -        C1        2        0.00     30       0        0.0      0.00       0.00        0.835      0.024      0.23           1          124        0.00     0.68       13.49      -236.5     260.4      -496.9     0.521     c3:13.37; c2:14.49
61  H1167v1TS239_2     239s    Yang-Multimer        0.026    0.026    -        -        C1        2        0.00     14       0        0.0      0.00       0.00        0.824      0.044      0.22           1          124        0.00     0.70       13.95      165.2      -720.0     885.1      0.803     c3:14.38; c2:14.98
62  H1167v1TS367_3     367     MULTICOM             0.026    0.026    -        -        C1        2        0.00     30       0        0.0      0.00       0.00        0.835      0.024      0.23           1          124        0.00     0.68       13.49      -236.5     260.4      -496.9     0.521     c3:13.37; c2:14.49
63  H1167v1TS439_2     439     Yang                 0.026    0.026    -        -        C1        2        0.00     14       0        0.0      0.00       0.00        0.824      0.044      0.22           1          124        0.00     0.70       13.95      165.2      -720.0     885.1      0.803     c3:14.38; c2:14.98
64  H1167v1TS239_3     239s    Yang-Multimer        0.026    0.026    -        -        C1        2        0.00     31       1        0.0      0.00       0.00        0.812      0.026      0.23           1          124        0.00     0.67       13.41      -324.5     -764.5     439.9      0.528     c3:13.40; c2:14.40
65  H1167v1TS423_2     423     trComplex            0.026    0.026    -        -        C1        2        0.00     30       0        0.0      0.00       0.00        0.840      0.025      0.22           1          124        0.00     0.66       13.44      -68.6      278.7      -347.3     0.526     c3:13.36; c2:14.36
66  H1167v1TS367_5     367     MULTICOM             0.026    0.026    -        -        C1        2        0.00     27       0        0.0      0.00       0.00        0.853      0.046      0.23           1          124        0.00     0.62       13.43      -81.3      265.0      -346.3     0.797     c3:14.38; c2:15.00
67  H1167v1TS158_1     158s    MULTICOM_deep        0.026    0.026    -        -        C1        2        0.00     30       0        0.0      0.00       0.00        0.835      0.025      0.23           1          124        0.00     0.68       13.47      -272.9     254.3      -527.2     0.521     c3:13.37; c2:14.48
68  H1167v1TS158_5     158s    MULTICOM_deep        0.026    0.026    -        -        C1        2        0.00     28       0        0.0      0.00       0.00        0.851      0.045      0.23           1          124        0.00     0.65       13.41      -220.1     183.9      -404.1     0.803     c3:14.31; c2:15.01
69  H1167v1TS150_3     150     Grudinin             0.026    0.026    -        -        C1        2        0.00     27       0        0.0      0.00       0.00        0.838      0.033      0.23           1          124        0.00     0.61       13.51      157.3      380.3      -223.0     0.589     c3:13.77; c2:14.70
70  H1167v1TS003_2     003     MULTICOM_human       0.026    0.026    -        -        C1        2        0.00     27       0        0.0      0.00       0.00        0.853      0.046      0.23           1          124        0.00     0.62       13.43      -81.3      265.0      -346.3     0.797     c3:14.38; c2:15.00
71  H1167v1TS011_3     011s    GinobiFold-SER       0.026    0.026    -        -        C1        2        0.00     30       0        0.0      0.00       0.00        0.834      0.025      0.22           1          124        0.00     0.59       13.47      -145.3     269.2      -414.5     0.524     c3:13.35; c2:14.46
72  H1167v1TS003_3     003     MULTICOM_human       0.026    0.026    -        -        C1        2        0.00     30       0        0.0      0.00       0.00        0.835      0.025      0.23           1          124        0.00     0.68       13.47      -272.9     254.3      -527.2     0.521     c3:13.37; c2:14.48
73  H1167v1TS003_4     003     MULTICOM_human       0.026    0.026    -        -        C1        2        0.00     27       0        0.0      0.00       0.00        0.852      0.045      0.23           1          124        0.00     0.63       13.43      -92.9      231.1      -324.0     0.801     c3:14.36; c2:15.03
74  H1167v1TS011_4     011s    GinobiFold-SER       0.026    0.026    -        -        C1        2        0.00     28       0        0.0      0.00       0.00        0.836      0.025      0.23           1          124        0.00     0.60       13.55      -118.7     329.3      -448.0     0.527     c3:13.35; c2:14.40
75  H1167v1TS434_3     434     Coqualia             0.026    0.026    -        -        C1        2        0.00     30       0        0.0      0.00       0.00        0.834      0.025      0.22           1          124        0.00     0.59       13.47      -145.3     269.2      -414.5     0.524     c3:13.35; c2:14.46
76  H1167v1TS298_4     298s    MUFold               0.026    0.026    -        -        C1        2        0.00     30       0        0.0      0.00       0.00        0.835      0.025      0.21           1          124        0.00     0.68       13.55      -161.6     295.3      -456.9     0.523     c3:13.39; c2:14.57
77  H1167v1TS187_4     187     TRFold               0.026    0.026    -        -        C1        2        0.00     25       0        0.0      0.00       0.00        0.844      0.034      0.23           1          124        0.00     0.62       13.63      429.7      479.8      -50.2      0.606     c3:13.82; c2:14.69
78  H1167v1TS434_5     434     Coqualia             0.026    0.026    -        -        C1        2        0.00     32       0        0.0      0.00       0.00        0.836      0.032      0.22           1          124        0.00     0.59       13.40      226.2      401.3      -175.1     0.581     c3:13.72; c2:14.65
79  H1167v1TS086_4     086s    MULTICOM_qa          0.026    0.026    -        -        C1        2        0.00     28       0        0.0      0.00       0.00        0.851      0.045      0.23           1          124        0.00     0.65       13.41      -220.1     183.9      -404.1     0.803     c3:14.31; c2:15.01
80  H1167v1TS434_4     434     Coqualia             0.026    0.026    -        -        C1        2        0.00     28       0        0.0      0.00       0.00        0.836      0.025      0.23           1          124        0.00     0.60       13.55      -118.7     329.3      -448.0     0.527     c3:13.35; c2:14.40
81  H1167v1TS011_5     011s    GinobiFold-SER       0.026    0.026    -        -        C1        2        0.00     32       0        0.0      0.00       0.00        0.836      0.032      0.22           1          124        0.00     0.59       13.40      226.2      401.3      -175.1     0.581     c3:13.72; c2:14.65
82  H1167v1TS054_4     054     UltraFold            0.026    0.026    -        -        C1        2        0.00     49       2        4.0      3.10       5.70        0.837      0.056      0.23           1          124        0.00     0.77       13.25      -83.7      133.2      -216.8     0.608     c3:14.37; c2:14.82
83  H1167v1TS071_2     071s    RaptorX-Multimer     0.026    0.026    -        -        C1        2        0.00     26       1        0.0      0.00       0.00        0.827      0.026      0.23           1          124        0.00     0.81       13.65      -161.5     389.5      -551.0     0.525     c3:13.32; c2:14.23
84  H1167v1TS071_4     071s    RaptorX-Multimer     0.026    0.026    -        -        C1        2        0.00     26       1        0.0      0.00       0.00        0.822      0.034      0.21           1          124        0.00     1.36       13.62      242.4      532.9      -290.4     0.611     c3:13.78; c2:14.72
85  H1167v1TS205_2     205     Zou                  0.026    0.026    -        -        C1        2        0.00     30       0        0.0      0.00       0.00        0.836      0.032      0.23           1          124        0.00     0.62       13.52      109.0      168.3      -59.3      0.591     c3:13.76; c2:14.86
86  H1167v1TS278_5     278     PEZYFoldings         0.026    0.026    -        -        C1        2        0.00     16       0        0.0      0.00       0.00        0.837      0.030      0.22           1          124        0.00     0.62       13.91      498.6      431.2      67.4       0.585     c3:13.74; c2:14.87
87  H1167v1TS291_1     291     Kozakov-Vajda        0.026    0.026    -        -        C1        2        0.00     28       0        0.0      0.00       0.00        0.825      0.026      0.23           1          124        0.00     0.63       13.51      -843.3     75.8       -919.0     0.530     c3:13.41; c2:14.37
88  H1167v1TS187_2     187     TRFold               0.026    0.026    -        -        C1        2        0.00     30       0        0.0      0.00       0.00        0.840      0.025      0.22           1          124        0.00     0.66       13.44      -68.6      278.7      -347.3     0.526     c3:13.36; c2:14.36
89  H1167v1TS348_5     348     Takeda-Shitaka_Lab   0.026    0.026    -        -        C1        2        0.00     24       0        0.0      0.00       0.00        0.836      0.026      0.19           1          124        0.00     0.68       13.57      -109.1     243.1      -352.2     0.524     c3:13.38; c2:14.44
90  H1167v1TS367_1     367     MULTICOM             0.026    0.026    -        -        C1        2        0.00     30       0        0.0      0.00       0.00        0.835      0.025      0.23           1          124        0.00     0.68       13.47      -272.9     254.3      -527.2     0.521     c3:13.37; c2:14.48
91  H1167v1TS399_4     399     BeijingAIProtein     0.026    0.026    -        -        C1        2        0.00     49       2        4.0      3.10       5.70        0.837      0.056      0.23           1          124        0.00     0.77       13.25      -83.7      133.2      -216.8     0.608     c3:14.37; c2:14.82
92  H1167v1TS423_4     423     trComplex            0.026    0.026    -        -        C1        2        0.00     25       0        0.0      0.00       0.00        0.844      0.034      0.23           1          124        0.00     0.62       13.63      429.7      479.8      -50.2      0.606     c3:13.82; c2:14.69
93  H1167v1TS423_5     423     trComplex            0.026    0.026    -        -        C1        2        0.00     27       0        0.0      0.00       0.00        0.839      0.027      0.23           1          124        0.00     0.65       13.57      167.1      419.2      -252.1     0.530     c3:13.45; c2:14.39
94  H1167v1TS439_3     439     Yang                 0.026    0.026    -        -        C1        2        0.00     31       1        0.0      0.00       0.00        0.812      0.026      0.23           1          124        0.00     0.67       13.41      -324.5     -764.5     439.9      0.528     c3:13.40; c2:14.40
95  H1167v1TS350_1     350     ClusPro              0.026    0.026    -        -        C1        2        0.00     28       0        0.0      0.00       0.00        0.825      0.026      0.23           1          124        0.00     0.63       13.51      -843.3     75.8       -919.0     0.530     c3:13.41; c2:14.37
96  H1167v1TS288_5     288s    DFolding-server      0.026    0.026    -        -        C1        2        0.00     28       0        0.0      0.00       0.00        0.839      0.029      0.23           1          124        0.00     0.66       13.59      289.4      446.4      -157.0     0.547     c3:13.57; c2:14.46
97  H1167v1TS086_2     086s    MULTICOM_qa          0.026    0.026    -        -        C1        2        0.00     30       0        0.0      0.00       0.00        0.835      0.025      0.23           1          124        0.00     0.68       13.47      -272.9     254.3      -527.2     0.521     c3:13.37; c2:14.48
98  H1167v1TS125_4     125s    UltraFold_Server     0.026    0.026    -        -        C1        2        0.00     49       2        4.0      3.10       5.70        0.837      0.056      0.23           1          124        0.00     0.77       13.25      -83.7      133.2      -216.8     0.608     c3:14.37; c2:14.82
99  H1167v1TS374_2     374     Zheng                0.026    0.026    -        -        C1        2        0.00     27       0        0.0      0.00       0.00        0.855      0.047      0.16           1          124        0.00     0.68       13.54      -193.8     190.3      -384.2     0.805     c3:14.59; c2:14.75
100 H1167v1TS320_2     320     Elofsson             0.025    0.025    -        -        C1        2        0.00     31       0        0.0      0.00       0.00        0.852      0.045      0.22           1          124        0.00     0.64       13.32      -191.6     144.7      -336.4     0.794     c3:14.36; c2:15.06
101 H1167v1TS227_1     227     GinobiFold           0.025    0.025    -        -        C1        2        0.00     30       0        0.0      0.00       0.00        0.833      0.025      0.23           1          124        0.00     0.60       13.43      -215.5     166.3      -381.7     0.519     c3:13.35; c2:14.44
102 H1167v1TS348_3     348     Takeda-Shitaka_Lab   0.025    0.025    -        -        C1        2        0.00     27       0        0.0      0.00       0.00        0.835      0.026      0.21           1          124        0.00     0.68       13.53      -241.3     141.1      -382.4     0.524     c3:13.38; c2:14.46
103 H1167v1TS086_5     086s    MULTICOM_qa          0.025    0.025    -        -        C1        2        0.00     30       0        0.0      0.00       0.00        0.852      0.045      0.23           1          124        0.00     0.63       13.38      -144.2     174.3      -318.6     0.799     c3:14.37; c2:15.07
104 H1167v1TS390_4     390s    NBIS-AF2-multimer    0.025    0.025    -        -        C1        2        0.00     28       0        0.0      0.00       0.00        0.835      0.025      0.18           1          124        0.00     0.67       13.54      -191.8     244.9      -436.7     0.522     c3:13.39; c2:14.53
105 H1167v1TS434_1     434     Coqualia             0.025    0.025    -        -        C1        2        0.00     31       0        0.0      0.00       0.00        0.835      0.025      0.22           1          124        0.00     0.61       13.38      -268.0     165.2      -433.2     0.523     c3:13.33; c2:14.40
106 H1167v1TS125_2     125s    UltraFold_Server     0.025    0.025    -        -        C1        2        0.00     28       0        0.0      0.00       0.00        0.835      0.026      0.23           1          124        0.00     0.63       13.47      -132.0     313.7      -445.6     0.526     c3:13.41; c2:14.45
107 H1167v1TS003_1     003     MULTICOM_human       0.025    0.025    -        -        C1        2        0.00     27       0        0.0      0.00       0.00        0.852      0.045      0.23           1          124        0.00     0.63       13.43      -78.7      227.4      -306.1     0.801     c3:14.36; c2:15.03
108 H1167v1TS133_4     133s    ShanghaiTech-TS-SER  0.025    0.025    -        -        C1        2        0.00     30       0        0.0      0.00       0.00        0.834      0.025      0.23           1          124        0.00     0.60       13.45      -102.1     352.2      -454.3     0.524     c3:13.34; c2:14.47
109 H1167v1TS298_2     298s    MUFold               0.025    0.025    -        -        C1        2        0.00     31       0        0.0      0.00       0.00        0.837      0.026      0.23           1          124        0.00     0.62       13.46      -187.4     282.9      -470.3     0.526     c3:13.41; c2:14.50
110 H1167v1TS125_5     125s    UltraFold_Server     0.025    0.025    -        -        C1        2        0.00     29       0        0.0      0.00       0.00        0.836      0.026      0.23           1          124        0.00     0.62       13.44      -162.5     330.1      -492.6     0.528     c3:13.41; c2:14.44
111 H1167v1TS423_3     423     trComplex            0.025    0.025    -        -        C1        2        0.00     15       0        0.0      0.00       0.00        0.855      0.045      0.23           1          124        0.00     0.62       13.91      380.7      459.4      -78.7      0.806     c3:14.40; c2:14.97
112 H1167v1TS390_5     390s    NBIS-AF2-multimer    0.025    0.025    -        -        C1        2        0.00     27       0        0.0      0.00       0.00        0.835      0.026      0.21           1          124        0.00     0.68       13.53      -221.5     244.6      -466.1     0.524     c3:13.38; c2:14.46
113 H1167v1TS360_2     360     MUFold_H             0.025    0.025    -        -        C1        2        0.00     26       0        0.0      0.00       0.00        0.833      0.026      0.23           1          124        0.00     0.64       13.62      -18.5      377.0      -395.6     0.524     c3:13.43; c2:14.46
114 H1167v1TS360_1     360     MUFold_H             0.025    0.025    -        -        C1        2        0.00     26       0        0.0      0.00       0.00        0.835      0.026      0.23           1          124        0.00     0.61       13.51      -116.9     280.5      -397.3     0.529     c3:13.44; c2:14.42
115 H1167v1TS390_2     390s    NBIS-AF2-multimer    0.025    0.025    -        -        C1        2        0.00     31       0        0.0      0.00       0.00        0.852      0.045      0.22           1          124        0.00     0.64       13.32      -191.6     144.7      -336.4     0.794     c3:14.36; c2:15.06
116 H1167v1TS360_4     360     MUFold_H             0.025    0.025    -        -        C1        2        0.00     26       0        0.0      0.00       0.00        0.834      0.026      0.23           1          124        0.00     0.63       13.69      -16.5      399.0      -415.5     0.523     c3:13.44; c2:14.45
117 H1167v1TS360_3     360     MUFold_H             0.025    0.025    -        -        C1        2        0.00     29       0        0.0      0.00       0.00        0.835      0.025      0.23           1          124        0.00     0.60       13.55      -98.7      339.9      -438.6     0.526     c3:13.40; c2:14.53
118 H1167v1TS348_2     348     Takeda-Shitaka_Lab   0.025    0.025    -        -        C1        2        0.00     26       0        0.0      0.00       0.00        0.853      0.046      0.23           1          124        0.00     0.61       13.46      -150.0     102.1      -252.1     0.799     c3:14.38; c2:15.04
119 H1167v1TS239_4     239s    Yang-Multimer        0.025    0.025    -        -        C1        2        0.00     27       1        0.0      0.00       0.00        0.806      0.025      0.24           1          124        0.00     0.65       13.42      -276.3     -752.5     476.2      0.525     c3:13.36; c2:14.45
120 H1167v1TS320_3     320     Elofsson             0.025    0.025    -        -        C1        2        0.00     29       0        0.0      0.00       0.00        0.835      0.026      0.23           1          124        0.00     0.62       13.41      -108.5     353.9      -462.4     0.526     c3:13.40; c2:14.46
121 H1167v1TS011_1     011s    GinobiFold-SER       0.025    0.025    -        -        C1        2        0.00     31       0        0.0      0.00       0.00        0.835      0.025      0.22           1          124        0.00     0.61       13.38      -268.0     165.2      -433.2     0.523     c3:13.33; c2:14.40
122 H1167v1TS320_5     320     Elofsson             0.025    0.025    -        -        C1        2        0.00     27       0        0.0      0.00       0.00        0.835      0.026      0.21           1          124        0.00     0.68       13.53      -221.5     244.6      -466.1     0.524     c3:13.38; c2:14.46
123 H1167v1TS133_1     133s    ShanghaiTech-TS-SER  0.025    0.025    -        -        C1        2        0.00     30       0        0.0      0.00       0.00        0.833      0.025      0.23           1          124        0.00     0.60       13.43      -215.5     166.3      -381.7     0.519     c3:13.35; c2:14.44
124 H1167v1TS086_1     086s    MULTICOM_qa          0.025    0.025    -        -        C1        2        0.00     27       0        0.0      0.00       0.00        0.852      0.045      0.23           1          124        0.00     0.63       13.43      -78.7      227.4      -306.1     0.801     c3:14.36; c2:15.03
125 H1167v1TS054_5     054     UltraFold            0.025    0.025    -        -        C1        2        0.00     29       0        0.0      0.00       0.00        0.836      0.026      0.23           1          124        0.00     0.62       13.44      -162.5     330.1      -492.6     0.528     c3:13.41; c2:14.44
126 H1167v1TS187_3     187     TRFold               0.025    0.025    -        -        C1        2        0.00     15       0        0.0      0.00       0.00        0.855      0.045      0.23           1          124        0.00     0.62       13.91      380.7      459.4      -78.7      0.806     c3:14.40; c2:14.97
127 H1167v1TS320_4     320     Elofsson             0.025    0.025    -        -        C1        2        0.00     28       0        0.0      0.00       0.00        0.835      0.025      0.18           1          124        0.00     0.67       13.54      -191.8     244.9      -436.7     0.522     c3:13.39; c2:14.53
128 H1167v1TS390_3     390s    NBIS-AF2-multimer    0.025    0.025    -        -        C1        2        0.00     29       0        0.0      0.00       0.00        0.835      0.026      0.23           1          124        0.00     0.62       13.41      -108.5     353.9      -462.4     0.526     c3:13.40; c2:14.46
129 H1167v1TS071_3     071s    RaptorX-Multimer     0.025    0.025    -        -        C1        2        0.00     24       1        0.0      0.00       0.00        0.821      0.026      0.23           1          124        0.00     1.30       13.41      -14.9      490.3      -505.3     0.525     c3:13.53; c2:14.45
130 H1167v1TS360_5     360     MUFold_H             0.025    0.025    -        -        C1        2        0.00     24       0        0.0      0.00       0.00        0.835      0.026      0.23           1          124        0.00     0.63       13.65      -23.6      355.2      -378.8     0.524     c3:13.45; c2:14.42
131 H1167v1TS158_4     158s    MULTICOM_deep        0.025    0.025    -        -        C1        2        0.00     27       0        0.0      0.00       0.00        0.852      0.045      0.23           1          124        0.00     0.63       13.43      -78.7      227.4      -306.1     0.801     c3:14.36; c2:15.03
132 H1167v1TS399_5     399     BeijingAIProtein     0.025    0.025    -        -        C1        2        0.00     29       0        0.0      0.00       0.00        0.836      0.026      0.23           1          124        0.00     0.62       13.44      -162.5     330.1      -492.6     0.528     c3:13.41; c2:14.44
133 H1167v1TS367_4     367     MULTICOM             0.025    0.025    -        -        C1        2        0.00     27       0        0.0      0.00       0.00        0.852      0.045      0.23           1          124        0.00     0.63       13.43      -78.7      227.4      -306.1     0.801     c3:14.36; c2:15.03
134 H1167v1TS227_4     227     GinobiFold           0.025    0.025    -        -        C1        2        0.00     30       0        0.0      0.00       0.00        0.834      0.025      0.23           1          124        0.00     0.60       13.45      -102.1     352.2      -454.3     0.524     c3:13.34; c2:14.47
135 H1167v1TS461_2     461     colabfold_human      0.025    0.025    -        -        C1        2        0.00     21       0        0.0      0.00       0.00        0.836      0.025      0.24           1          124        0.00     0.64       13.54      230.0      560.5      -330.5     0.527     c3:13.36; c2:14.39
136 H1167v1TS399_2     399     BeijingAIProtein     0.025    0.025    -        -        C1        2        0.00     28       0        0.0      0.00       0.00        0.835      0.026      0.23           1          124        0.00     0.63       13.47      -132.0     313.7      -445.6     0.526     c3:13.41; c2:14.45
137 H1167v1TS150_4     150     Grudinin             0.025    0.025    -        -        C1        2        0.00     18       0        0.0      0.00       0.00        0.852      0.046      0.23           1          124        0.00     0.63       13.81      115.8      295.9      -180.1     0.803     c3:14.47; c2:14.88
138 H1167v1TS054_2     054     UltraFold            0.025    0.025    -        -        C1        2        0.00     28       0        0.0      0.00       0.00        0.835      0.026      0.23           1          124        0.00     0.63       13.47      -132.0     313.7      -445.6     0.526     c3:13.41; c2:14.45
139 H1167v1TS446_2     446s    ColabFold            0.025    0.025    -        -        C1        2        0.00     21       0        0.0      0.00       0.00        0.836      0.025      0.24           1          124        0.00     0.64       13.54      230.0      560.5      -330.5     0.527     c3:13.36; c2:14.39
140 H1167v1TS374_4     374     Zheng                0.025    0.025    -        -        C1        2        0.00     31       0        0.0      0.00       0.00        0.853      0.045      0.22           1          124        0.00     0.62       13.33      -117.8     228.4      -346.2     0.804     c3:14.32; c2:15.05
141 H1167v1TS150_2     150     Grudinin             0.025    0.025    -        -        C1        2        0.00     29       0        0.0      0.00       0.00        0.835      0.026      0.23           1          124        0.00     0.62       13.41      -101.9     352.7      -454.6     0.526     c3:13.40; c2:14.46
142 H1167v1TS439_4     439     Yang                 0.025    0.025    -        -        C1        2        0.00     27       1        0.0      0.00       0.00        0.806      0.025      0.24           1          124        0.00     0.65       13.42      -276.3     -752.5     476.2      0.525     c3:13.36; c2:14.45
143 H1167v1TS298_3     298s    MUFold               0.025    0.025    -        -        C1        2        0.00     28       0        0.0      0.00       0.00        0.835      0.025      0.23           1          124        0.00     0.68       13.52      -259.4     258.8      -518.1     0.523     c3:13.39; c2:14.55
144 H1167v1TS423_1     423     trComplex            0.024    0.024    -        -        C1        2        0.00     23       0        0.0      0.00       0.00        0.843      0.026      0.23           1          124        0.00     0.60       13.63      74.9       338.4      -263.6     0.531     c3:13.37; c2:14.28
145 H1167v1TS054_3     054     UltraFold            0.024    0.025    -        -        C1        2        0.00     53       2        2.0      1.60       2.90        0.836      0.049      0.19           1          124        0.00     0.79       12.83      -212.2     115.7      -327.9     0.602     c3:14.78; c2:14.43
146 H1167v1TS011_2     011s    GinobiFold-SER       0.024    0.024    -        -        C1        2        0.00     28       0        0.0      0.00       0.00        0.834      0.025      0.23           1          124        0.00     0.61       13.45      -199.5     160.3      -359.8     0.522     c3:13.34; c2:14.47
147 H1167v1TS119_3     119     Kiharalab            0.024    0.024    -        -        C1        2        0.00     29       0        0.0      0.00       0.00        0.853      0.046      0.21           1          124        0.00     0.71       13.49      -205.2     197.9      -403.1     0.799     c3:14.48; c2:14.97
148 H1167v1TS150_1     150     Grudinin             0.024    0.024    -        -        C1        2        0.00     30       0        0.0      0.00       0.00        0.853      0.045      0.23           1          124        0.00     0.63       13.35      -100.7     254.4      -355.1     0.802     c3:14.35; c2:15.07
149 H1167v1TS462_3     462s    MultiFOLD            0.024    0.024    -        -        C1        2        0.00     10       0        0.0      0.00       0.00        0.839      0.027      0.19           1          124        0.00     0.66       13.15      606.7      711.6      -104.9     0.537     c3:13.25; c2:14.33
150 H1167v1TS131_5     131s    Kiharalab_Server     0.024    0.024    -        -        C1        2        0.00     28       0        0.0      0.00       0.00        0.855      0.044      0.23           1          124        0.00     0.63       13.50      -24.7      268.0      -292.7     0.804     c3:14.33; c2:15.15
151 H1167v1TS205_1     205     Zou                  0.024    0.024    -        -        C1        2        0.00     34       0        0.0      0.00       0.00        0.847      0.046      0.22           1          124        0.00     0.62       13.18      -243.2     -68.7      -174.6     0.796     c3:14.41; c2:15.04
152 H1167v1TS298_1     298s    MUFold               0.024    0.024    -        -        C1        2        0.00     29       0        0.0      0.00       0.00        0.834      0.025      0.23           1          124        0.00     0.60       13.47      -184.6     269.3      -453.9     0.526     c3:13.40; c2:14.58
153 H1167v1TS298_5     298s    MUFold               0.024    0.024    -        -        C1        2        0.00     24       0        0.0      0.00       0.00        0.836      0.026      0.23           1          124        0.00     0.68       13.59      -264.0     221.5      -485.5     0.524     c3:13.40; c2:14.58
154 H1167v1TS187_1     187     TRFold               0.024    0.024    -        -        C1        2        0.00     23       0        0.0      0.00       0.00        0.843      0.026      0.23           1          124        0.00     0.60       13.63      74.9       338.4      -263.6     0.531     c3:13.37; c2:14.28
155 H1167v1TS320_1     320     Elofsson             0.024    0.024    -        -        C1        2        0.00     30       0        0.0      0.00       0.00        0.853      0.045      0.23           1          124        0.00     0.63       13.35      -100.7     254.4      -355.1     0.802     c3:14.35; c2:15.07
156 H1167v1TS288_2     288s    DFolding-server      0.024    0.024    -        -        C1        2        0.00     23       0        0.0      0.00       0.00        0.838      0.025      0.24           1          124        0.00     0.75       13.74      22.0       289.9      -267.9     0.529     c3:13.26; c2:14.33
157 H1167v1TS477_1     477     DMP                  0.024    0.024    -        -        C1        2        0.00     25       1        0.0      0.00       0.00        0.833      0.026      0.23           1          124        0.00     0.75       13.69      1.2        543.5      -542.4     0.531     c3:13.31; c2:14.29
158 H1167v1TS461_4     461     colabfold_human      0.024    0.024    -        -        C1        2        0.00     23       0        0.0      0.00       0.00        0.832      0.026      0.23           1          124        0.00     0.63       13.64      253.8      510.0      -256.2     0.525     c3:13.39; c2:14.38
159 H1167v1TS314_1     314     Pierce               0.024    0.024    -        -        C1        2        0.00     30       0        0.0      0.00       0.00        0.853      0.045      0.23           1          124        0.00     0.63       13.35      -100.7     254.4      -355.1     0.802     c3:14.35; c2:15.07
160 H1167v1TS390_1     390s    NBIS-AF2-multimer    0.024    0.024    -        -        C1        2        0.00     30       0        0.0      0.00       0.00        0.853      0.045      0.23           1          124        0.00     0.63       13.35      -100.7     254.4      -355.1     0.802     c3:14.35; c2:15.07
161 H1167v1TS446_4     446s    ColabFold            0.024    0.024    -        -        C1        2        0.00     23       0        0.0      0.00       0.00        0.832      0.026      0.23           1          124        0.00     0.63       13.64      253.8      510.0      -256.2     0.525     c3:13.39; c2:14.38
162 H1167v1TS131_3     131s    Kiharalab_Server     0.024    0.024    -        -        C1        2        0.00     27       0        0.0      0.00       0.00        0.853      0.046      0.23           1          124        0.00     0.64       13.47      103.2      401.8      -298.6     0.805     c3:14.42; c2:15.03
163 H1167v1TS119_5     119     Kiharalab            0.024    0.024    -        -        C1        2        0.00     27       0        0.0      0.00       0.00        0.853      0.046      0.23           1          124        0.00     0.64       13.47      112.1      405.9      -293.8     0.805     c3:14.42; c2:15.03
164 H1167v1TS399_3     399     BeijingAIProtein     0.024    0.025    -        -        C1        2        0.00     53       2        2.0      1.60       2.90        0.836      0.049      0.19           1          124        0.00     0.79       12.83      -212.2     115.7      -327.9     0.602     c3:14.78; c2:14.43
165 H1167v1TS131_4     131s    Kiharalab_Server     0.024    0.024    -        -        C1        2        0.00     28       0        0.0      0.00       0.00        0.856      0.045      0.23           1          124        0.00     0.64       13.53      6.9        251.4      -244.5     0.805     c3:14.36; c2:15.07
166 H1167v1TS125_3     125s    UltraFold_Server     0.024    0.025    -        -        C1        2        0.00     53       2        2.0      1.60       2.90        0.836      0.049      0.19           1          124        0.00     0.79       12.83      -212.2     115.7      -327.9     0.602     c3:14.78; c2:14.43
167 H1167v1TS131_2     131s    Kiharalab_Server     0.024    0.024    -        -        C1        2        0.00     29       0        0.0      0.00       0.00        0.853      0.046      0.21           1          124        0.00     0.71       13.49      -197.4     196.1      -393.4     0.799     c3:14.48; c2:14.97
168 H1167v1TS434_2     434     Coqualia             0.024    0.024    -        -        C1        2        0.00     28       0        0.0      0.00       0.00        0.834      0.025      0.23           1          124        0.00     0.61       13.45      -199.5     160.3      -359.8     0.522     c3:13.34; c2:14.47
169 H1167v1TS119_1     119     Kiharalab            0.024    0.024    -        -        C1        2        0.00     33       0        0.0      0.00       0.00        0.856      0.046      0.22           1          124        0.00     0.63       13.32      -118.8     215.2      -333.9     0.806     c3:14.39; c2:15.03
170 H1167v1TS374_5     374     Zheng                0.024    0.024    -        -        C1        2        0.00     30       1        0.0      0.00       0.00        0.838      0.028      0.22           1          124        0.00     0.64       13.32      -220.4     209.4      -429.8     0.534     c3:13.43; c2:14.41
171 H1167v1TS131_1     131s    Kiharalab_Server     0.024    0.024    -        -        C1        2        0.00     33       0        0.0      0.00       0.00        0.856      0.046      0.22           1          124        0.00     0.63       13.32      -122.4     211.3      -333.7     0.806     c3:14.39; c2:15.03
172 H1167v1TS239_5     239s    Yang-Multimer        0.023    0.023    -        -        C1        2        0.00     21       0        0.0      0.00       0.00        0.809      0.024      0.20           1          124        0.00     0.77       13.60      -156.9     -728.9     572.0      0.521     c3:13.37; c2:14.45
173 H1167v1TS073_4     073s    DFolding-refine      0.023    0.023    -        -        C1        2        0.00     21       0        0.0      0.00       0.00        0.749      0.035      0.20           1          124        0.00     1.77       13.65      -190.1     -1336.6    1146.5     0.628     c3:13.85; c2:15.47
174 H1167v1TS439_5     439     Yang                 0.023    0.023    -        -        C1        2        0.00     21       0        0.0      0.00       0.00        0.809      0.024      0.20           1          124        0.00     0.77       13.60      -156.9     -728.9     572.0      0.521     c3:13.37; c2:14.45
175 H1167v1TS312_3     312     Fernandez-Recio      0.023    0.023    -        -        C1        2        0.00     36       0        0.0      0.00       0.00        0.826      0.044      0.24           1          124        0.00     0.63       13.48      199.7      523.1      -323.4     0.780     c3:14.32; c2:15.01
176 H1167v1TS374_1     374     Zheng                0.023    0.023    -        -        C1        2        0.00     29       0        0.0      0.00       0.00        0.854      0.048      0.26           1          124        0.00     0.64       13.41      -92.7      231.5      -324.2     0.808     c3:14.51; c2:14.84
177 H1167v1TS205_4     205     Zou                  0.022    0.022    -        -        C1        2        0.00     32       0        0.0      0.00       0.00        0.830      0.026      0.24           1          124        0.00     0.63       13.06      -449.1     -7.5       -441.6     0.523     c3:13.36; c2:14.68
178 H1167v1TS348_1     348     Takeda-Shitaka_Lab   0.022    0.022    -        -        C1        2        0.00     26       0        0.0      0.00       0.00        0.833      0.025      0.24           1          124        0.00     0.60       13.56      -130.9     172.4      -303.3     0.526     c3:13.40; c2:14.59
179 H1167v1TS312_1     312     Fernandez-Recio      0.022    0.022    -        -        C1        2        0.00     39       0        0.0      0.00       0.00        0.826      0.045      0.24           1          124        0.00     0.63       13.31      628.6      696.8      -68.1      0.783     c3:14.34; c2:15.04
180 H1167v1TS312_5     312     Fernandez-Recio      0.022    0.022    -        -        C1        2        0.00     42       0        0.0      0.00       0.00        0.825      0.044      0.24           1          124        0.00     0.63       13.36      603.0      699.0      -96.0      0.783     c3:14.32; c2:15.02
181 H1167v1TS227_5     227     GinobiFold           0.021    0.021    -        -        C1        2        0.00     28       0        0.0      0.00       0.00        0.834      0.025      0.26           1          124        0.00     0.59       13.53      -143.1     216.8      -359.9     0.522     c3:13.34; c2:14.59
182 H1167v1TS494_2     494     Venclovas            0.021    0.021    -        -        C1        2        0.00     65       0        0.0      0.00       0.00        0.843      0.037      0.19           1          124        0.00     0.62       8.46       -960.7     -16.8      -943.9     0.769     c3:16.34; c2:17.99
183 H1167v1TS073_2     073s    DFolding-refine      0.021    0.021    -        -        C1        2        0.00     21       0        0.0      0.00       0.00        0.740      0.027      0.24           1          124        0.00     1.61       13.43      -321.8     -1130.5    808.8      0.519     c3:13.66; c2:14.87
184 H1167v1TS133_5     133s    ShanghaiTech-TS-SER  0.021    0.021    -        -        C1        2        0.00     28       0        0.0      0.00       0.00        0.834      0.025      0.26           1          124        0.00     0.59       13.53      -143.1     216.8      -359.9     0.522     c3:13.34; c2:14.59
185 H1167v1TS150_5     150     Grudinin             0.021    0.021    -        -        C1        2        0.00     22       0        0.0      0.00       0.00        0.847      0.043      0.23           1          124        0.00     0.65       13.69      284.4      450.8      -166.4     0.776     c3:14.19; c2:15.07
186 H1167v1TS374_3     374     Zheng                0.021    0.021    -        -        C1        2        0.00     27       0        0.0      0.00       0.00        0.853      0.045      0.23           1          124        0.00     0.63       13.72      65.7       360.7      -294.9     0.803     c3:14.41; c2:15.15
187 H1167v1TS288_4     288s    DFolding-server      0.020    0.020    -        -        C1        2        0.00     16       0        0.0      0.00       0.00        0.836      0.030      0.20           1          124        0.00     0.78       14.17      728.1      592.3      135.8      0.607     c3:13.71; c2:15.13
188 H1167v1TS037_4     037     Wallner              0.019    0.020    -        -        C1        2        0.00     39       2        0.0      0.00       0.00        0.838      0.037      0.22           1          124        0.00     0.89       8.56       -251.7     126.0      -377.8     0.556     c3:14.22; c2:13.43
189 H1167v1TS119_4     119     Kiharalab            0.018    0.018    -        -        C1        2        0.00     21       0        0.0      0.00       0.00        0.852      0.041      0.23           1          124        0.00     0.67       14.13      -44.9      211.3      -256.1     0.805     c3:14.23; c2:15.64
190 H1167v1TS447_2     447     DELCLAB              0.018    0.018    -        -        C1        2        0.00     58       0        0.0      0.00       0.00        0.783      0.037      0.12           1          124        0.00     1.12       13.67      -1843.5    -1493.2    -350.4     0.600     c3:14.22; c2:14.87
191 H1167v1TS205_3     205     Zou                  0.018    0.018    -        -        C1        2        0.00     48       0        0.0      0.00       0.00        0.830      0.025      0.22           1          124        0.00     0.63       13.13      -504.2     -45.7      -458.5     0.521     c3:13.39; c2:14.88
192 H1167v1TS314_5     314     Pierce               0.018    0.018    -        -        C1        2        0.00     47       0        0.0      0.00       0.00        0.842      0.040      0.25           1          124        0.00     0.93       13.58      -82.5      558.7      -641.1     0.796     c3:14.33; c2:15.92
193 H1167v1TS447_1     447     DELCLAB              0.018    0.018    -        -        C1        2        0.00     46       0        0.0      0.00       0.00        0.782      0.035      0.20           1          124        0.00     1.08       13.53      -1634.6    -1462.5    -172.1     0.598     c3:14.19; c2:14.91
194 H1167v1TS444_2     444     CoDock               0.018    0.019    -        -        C1        2        0.00     56       0        2.0      1.60       2.90        0.808      0.052      0.21           1          124        0.00     0.94       12.43      -458.2     329.0      -787.2     0.611     c3:15.47; c2:14.39
195 H1167v1TS037_5     037     Wallner              0.017    0.017    -        -        C1        2        0.00     25       0        0.0      0.00       0.00        0.809      0.041      0.25           1          124        0.00     0.77       13.73      536.3      462.8      73.4       0.586     c3:14.45; c2:15.02
196 H1167v1TS493_2     493     Shen-CAPRI           0.016    0.016    -        -        C1        2        0.00     45       0        0.0      0.00       0.00        0.813      0.044      0.23           1          124        0.00     1.51       12.62      -1172.0    -733.0     -439.0     0.759     c3:14.42; c2:15.55
197 H1167v1TS185_5     185     BAKER                0.016    0.016    -        -        C1        2        0.00     12       0        0.0      0.00       0.00        0.845      0.036      0.16           1          124        0.00     0.94       13.71      783.9      1079.2     -295.3     0.769     c3:15.33; c2:16.78
198 H1167v1TS493_4     493     Shen-CAPRI           0.016    0.017    -        -        C1        2        0.00     67       0        0.0      0.00       0.00        0.810      0.080      0.28           1          124        0.00     1.77       8.64       -1913.0    -973.5     -939.5     0.787     c3:16.13; c2:17.55
199 H1167v1TS125_1     125s    UltraFold_Server     0.015    0.015    -        -        C1        2        0.00     49       0        2.0      1.50       2.90        0.831      0.046      0.21           1          124        0.00     0.79       13.27      -198.6     -149.2     -49.3      0.600     c3:14.32; c2:14.78
200 H1167v1TS314_3     314     Pierce               0.015    0.015    -        -        C1        2        0.00     63       0        0.0      0.00       0.00        0.837      0.040      0.21           1          124        0.00     0.94       9.21       100.2      652.9      -552.6     0.607     c3:15.18; c2:17.48
201 H1167v1TS147_5     147     SHT                  0.015    0.015    -        -        C1        2        0.00     82       0        0.0      0.00       0.00        0.737      0.042      0.21           1          124        0.00     1.28       8.75       -2230.6    -2325.9    95.3       0.774     c3:15.16; c2:17.48
202 H1167v1TS054_1     054     UltraFold            0.015    0.015    -        -        C1        2        0.00     49       0        2.0      1.50       2.90        0.831      0.046      0.21           1          124        0.00     0.79       13.27      -198.6     -149.2     -49.3      0.600     c3:14.32; c2:14.78
203 H1167v1TS399_1     399     BeijingAIProtein     0.015    0.015    -        -        C1        2        0.00     49       0        2.0      1.50       2.90        0.831      0.046      0.21           1          124        0.00     0.79       13.27      -198.6     -149.2     -49.3      0.600     c3:14.32; c2:14.78
204 H1167v1TS398_1     398     ChaePred             0.014    0.014    -        -        C1        2        0.00     81       3        0.0      0.00       0.00        0.838      0.040      0.17           1          124        0.00     0.63       9.33       -1213.5    -324.2     -889.3     0.777     c3:16.41; c2:17.42
205 H1167v1TS461_5     461     colabfold_human      0.012    0.012    -        -        C1        2        0.00     19       0        0.0      0.00       0.00        0.847      0.042      0.15           1          124        0.00     0.62       11.27      1133.8     935.0      198.8      0.608     c3:14.97; c2:13.72
206 H1167v1TS446_5     446s    ColabFold            0.012    0.012    -        -        C1        2        0.00     19       0        0.0      0.00       0.00        0.847      0.042      0.15           1          124        0.00     0.62       11.27      1133.8     935.0      198.8      0.608     c3:14.97; c2:13.72
207 H1167v1TS350_2     350     ClusPro              0.011    0.011    -        -        C1        2        0.00     42       0        0.0      0.00       0.00        0.823      0.032      0.21           1          124        0.00     0.80       8.59       -1633.3    -494.1     -1139.2    0.537     c3:15.15; c2:16.59
208 H1167v1TS291_2     291     Kozakov-Vajda        0.011    0.011    -        -        C1        2        0.00     42       0        0.0      0.00       0.00        0.823      0.032      0.21           1          124        0.00     0.80       8.59       -1633.3    -494.1     -1139.2    0.537     c3:15.15; c2:16.59
209 H1167v1TS291_4     291     Kozakov-Vajda        0.010    0.010    -        -        C1        2        0.00     38       0        0.0      0.00       0.00        0.819      0.033      0.17           1          124        0.00     0.84       8.98       -1376.9    -374.2     -1002.7    0.544     c3:14.85; c2:16.70
210 H1167v1TS165_5     165     FTBiot0119           0.010    0.010    -        -        C1        2        0.00     96       5        0.0      0.00       0.00        0.768      0.054      0.18           1          124        0.00     0.95       9.89       -1841.2    -816.2     -1024.9    0.501     c3:15.52; c2:16.76
211 H1167v1TS350_4     350     ClusPro              0.010    0.010    -        -        C1        2        0.00     38       0        0.0      0.00       0.00        0.819      0.033      0.17           1          124        0.00     0.84       8.98       -1376.9    -374.2     -1002.7    0.544     c3:14.85; c2:16.70
212 H1167v1TS147_3     147     SHT                  0.010    0.010    -        -        C1        2        0.00     78       0        0.0      0.00       0.00        0.727      0.047      0.20           1          124        0.00     1.60       9.36       -2063.3    -2153.3    90.0       0.772     c3:15.86; c2:17.12
213 H1167v1TS314_4     314     Pierce               0.010    0.010    -        -        C1        2        0.00     37       1        0.0      0.00       0.00        0.834      0.034      0.27           1          124        0.00     0.95       13.20      810.2      1018.7     -208.5     0.620     c3:15.32; c2:14.87
214 H1167v1TS278_3     278     PEZYFoldings         0.009    0.009    -        -        C1        2        0.00     47       0        2.3      1.90       2.90        0.830      0.065      0.26           1          124        0.00     1.12       11.03      85.4       432.0      -346.6     0.801     c3:15.83; c2:14.49
215 H1167v1TS147_2     147     SHT                  0.008    0.008    -        -        C1        2        0.00     66       0        0.0      0.00       0.00        0.743      0.042      0.19           1          124        0.00     1.52       9.14       -2320.4    -2119.1    -201.3     0.779     c3:15.19; c2:17.48
216 H1167v1TS312_4     312     Fernandez-Recio      0.008    0.008    -        -        C1        2        0.00     43       1        0.0      0.00       0.00        0.826      0.051      0.22           1          124        0.00     0.63       10.05      137.7      512.6      -374.9     0.779     c3:14.05; c2:15.46
217 H1167v1TS493_3     493     Shen-CAPRI           0.007    0.009    -        -        C1        2        0.00     70       0        0.0      0.00       0.00        0.794      0.026      0.21           1          124        0.00     1.65       10.93      -2485.3    -1440.1    -1045.2    0.705     c3:15.96; c2:17.13
218 H1167v1TS147_4     147     SHT                  0.007    0.007    -        -        C1        2        0.00     78       0        0.0      0.00       0.00        0.730      0.037      0.23           1          124        0.00     1.67       9.22       -2408.4    -2369.1    -39.3      0.769     c3:15.35; c2:17.49
219 H1167v1TS312_2     312     Fernandez-Recio      0.007    0.007    -        -        C1        2        0.00     52       1        0.0      0.00       0.00        0.819      0.047      0.21           1          124        0.00     0.64       10.37      470.0      697.6      -227.6     0.777     c3:14.06; c2:15.87
220 H1167v1TS165_4     165     FTBiot0119           0.007    0.007    -        -        C1        2        0.00     84       5        0.0      0.00       0.00        0.753      0.061      0.17           1          124        0.00     0.95       10.78      -1754.5    -999.8     -754.8     0.523     c3:15.93; c2:17.07
221 H1167v1TS314_2     314     Pierce               0.007    0.007    -        -        C1        2        0.00     57       0        0.0      0.00       0.00        0.843      0.069      0.21           1          124        0.00     0.93       11.00      -233.2     539.5      -772.7     0.812     c3:15.44; c2:14.60
222 H1167v1TS119_2     119     Kiharalab            0.006    0.006    -        -        C1        2        0.00     21       0        0.0      0.00       0.00        0.834      0.029      0.27           1          124        0.00     0.66       14.15      185.3      390.4      -205.1     0.550     c3:13.67; c2:15.14
223 H1167v1TS091_1     091     UNRES                0.006    0.006    -        -        C1        2        0.00     55       0        0.0      0.00       0.00        0.682      0.051      0.13           1          124        0.00     0.72       15.03      2841.2     1315.8     1525.5     0.607     c3:15.18; c2:14.68
224 H1167v1TS385_1     385     FoldEver-Hybrid      0.005    0.005    -        -        C1        2        0.00     46       0        0.0      0.00       0.00        0.825      0.041      0.24           1          124        0.00     0.90       13.22      -269.9     -126.4     -143.6     0.611     c3:15.35; c2:14.87
225 H1167v1TS447_4     447     DELCLAB              0.005    0.005    -        -        C1        2        0.00     63       0        0.0      0.00       0.00        0.783      0.040      0.15           1          124        0.00     1.03       13.21      -1954.8    -1474.8    -480.0     0.596     c3:14.64; c2:14.65
226 H1167v1TS245_1     245s    FoldEver             0.005    0.005    -        -        C1        2        0.00     46       0        0.0      0.00       0.00        0.825      0.041      0.24           1          124        0.00     0.90       13.22      -269.9     -126.4     -143.6     0.611     c3:15.35; c2:14.87
227 H1167v1TS462_5     462s    MultiFOLD            0.005    0.005    -        -        C1        2        0.00     8        0        0.0      0.00       0.00        0.842      0.050      0.13           1          124        0.00     0.65       11.81      914.2      804.9      109.3      0.620     c3:14.63; c2:13.82
228 H1167v1TS493_1     493     Shen-CAPRI           0.004    0.004    -        -        C1        2        0.00     74       0        0.0      0.00       0.00        0.811      0.055      0.19           1          416        0.00     1.56       10.56      -1869.8    -923.7     -946.1     0.801     c3:16.38; c2:17.92
229 H1167v1TS350_3     350     ClusPro              0.004    0.004    -        -        C1        2        0.00     32       0        0.0      0.00       0.00        0.817      0.030      0.15           1          124        0.00     0.77       12.63      -1245.2    -285.8     -959.4     0.538     c3:14.47; c2:15.81
230 H1167v1TS035_5     035s    Manifold-E           0.004    0.004    -        -        C1        2        0.00     28       0        0.0      0.00       0.00        0.849      0.039      0.27           1          124        0.00     0.70       13.49      752.1      1099.0     -346.9     0.804     c3:14.25; c2:16.55
231 H1167v1TS447_3     447     DELCLAB              0.004    0.004    -        -        C1        2        0.00     61       0        0.0      0.00       0.00        0.782      0.041      0.18           1          124        0.00     1.05       13.24      -2024.5    -1511.3    -513.2     0.600     c3:14.65; c2:14.64
232 H1167v1TS248_5     248     Manifold             0.004    0.004    -        -        C1        2        0.00     28       0        0.0      0.00       0.00        0.849      0.039      0.27           1          124        0.00     0.70       13.49      752.1      1099.0     -346.9     0.804     c3:14.25; c2:16.55
233 H1167v1TS291_3     291     Kozakov-Vajda        0.004    0.004    -        -        C1        2        0.00     32       0        0.0      0.00       0.00        0.817      0.030      0.15           1          124        0.00     0.77       12.63      -1245.2    -285.8     -959.4     0.538     c3:14.47; c2:15.81
234 H1167v1TS165_1     165     FTBiot0119           0.003    0.003    -        -        C1        2        0.00     77       3        0.0      0.00       0.00        0.772      0.055      0.17           1          124        0.00     0.80       10.76      -1624.7    -548.0     -1076.6    0.495     c3:15.15; c2:16.45
235 H1167v1TS091_5     091     UNRES                0.002    0.002    -        -        C1        2        0.00     66       0        0.0      0.00       0.00        0.679      0.035      0.12           1          124        0.00     0.90       15.40      2326.2     1413.3     912.9      0.594     c3:14.28; c2:15.95
236 H1167v1TS091_3     091     UNRES                0.002    0.002    -        -        C1        2        0.00     69       0        0.0      0.00       0.00        0.694      0.040      0.23           1          124        0.00     0.74       13.53      673.9      819.9      -146.0     0.635     c3:14.22; c2:15.80
237 H1167v1TS091_4     091     UNRES                0.002    0.002    -        -        C1        2        0.00     61       0        0.0      0.00       0.00        0.698      0.037      0.10           1          124        0.00     0.69       16.13      3464.4     2048.9     1415.5     0.562     c3:14.80; c2:16.66
238 H1167v1TS165_2     165     FTBiot0119           0.001    0.001    -        -        C1        2        0.00     68       0        0.0      0.00       0.00        0.788      0.046      0.19           1          124        0.00     0.67       8.75       -1372.0    -433.6     -938.4     0.528     c3:15.04; c2:16.33
239 H1167v1TS257_5     257     WL_team              0.001    0.001    -        -        C1        2        0.00     15       0        0.0      0.00       0.00        0.733      0.023      0.03           1          416        0.00     1.97       15.71      2430.1     1687.2     742.9      0.754     c3:16.99; c2:16.14
240 H1167v1TS278_1     278     PEZYFoldings         0.001    0.001    -        -        C1        2        0.00     49       0        0.0      0.00       0.00        0.832      0.028      0.25           1          124        0.00     0.83       11.30      -212.2     344.8      -557.0     0.524     c3:14.73; c2:13.82
241 H1167v1TS257_4     257     WL_team              0.000    0.000    -        -        C1        2        0.00     14       0        0.0      0.00       0.00        0.735      0.041      0.11           1          124        0.00     1.58       16.68      2613.7     1723.7     890.0      0.736     c3:15.98; c2:14.65
242 H1167v1TS368_5     368s    FALCON2              0.000    0.000    -        -        C1        2        0.00     0        0        -        -          -           0.369      0.001      -              1          213        0.00     8.67       -          16317.7    5209.4     11108.3    0.289     c3:41.20; c2:41.62
243 H1167v1TS169_2     169     GuijunLab-Human      0.000    0.000    -        -        C1        2        0.00     79       7        0.0      0.00       0.00        0.691      0.003      0.00           1          124        0.00     0.90       34.47      515.0      801.3      -286.4     0.565     c3:15.31; c2:13.64
244 H1167v1TS091_2     091     UNRES                0.000    0.000    -        -        C1        2        0.00     41       0        0.0      0.00       0.00        0.689      0.042      0.12           1          124        0.00     0.77       15.07      2612.7     1437.7     1175.0     0.598     c3:15.66; c2:15.62
245 H1167v1TS333_2     333s    FALCON0              0.000    0.000    -        -        C1        2        0.00     61       1        0.0      0.00       0.00        0.388      0.002      0.04           1          213        0.00     7.36       56.09      7714.6     2374.6     5339.9     0.356     c3:31.54; c2:33.17
246 H1167v1TS257_2     257     WL_team              0.000    0.000    -        -        C1        2        0.00     6        0        0.0      0.00       0.00        0.747      0.042      0.06           1          124        0.00     1.52       16.19      2494.4     1466.7     1027.6     0.772     c3:15.93; c2:14.52
247 H1167v1TS248_3     248     Manifold             0.000    0.000    -        -        C1        2        0.00     26       0        0.0      0.00       0.00        0.848      0.042      0.29           1          124        0.00     0.96       13.55      1008.5     1145.7     -137.2     0.805     c3:14.78; c2:16.23
248 H1167v1TS234_2     234     Panlab               0.000    0.000    -        -        C1        2        0.00     34       0        0.0      0.00       0.00        0.607      0.027      0.07           1          124        0.00     1.82       16.14      1886.2     -1763.8    3650.1     0.424     c3:18.95; c2:18.64
249 H1167v1TS169_3     169     GuijunLab-Human      0.000    0.000    -        -        C1        2        0.00     79       7        0.0      0.00       0.00        0.691      0.003      0.00           1          124        0.00     0.90       34.47      515.0      801.3      -286.4     0.565     c3:15.31; c2:13.64
250 H1167v1TS215_1     215s    XRC_VU               0.000    0.000    -        -        C1        2        0.00     2        0        0.0      0.00       0.00        0.835      0.009      0.03           1          124        0.00     0.90       16.16      1678.9     1253.3     425.6      0.759     c3:14.52; c2:15.42
251 H1167v1TS067_2     067     ESM-single-sequence  0.000    0.000    -        -        C1        2        0.00     10       0        0.0      0.00       0.00        0.703      0.005      0.00           1          416        0.00     1.19       14.27      771.9      328.1      443.7      0.758     c3:19.50; c2:18.41
252 H1167v1TS234_1     234     Panlab               0.000    0.000    -        -        C1        2        0.00     29       1        0.0      0.00       0.00        0.610      0.016      0.15           1          124        0.00     1.82       15.17      1974.9     -1678.8    3653.7     0.415     c3:18.62; c2:18.66
253 H1167v1TS248_1     248     Manifold             0.000    0.000    -        -        C1        2        0.00     31       0        0.0      0.00       0.00        0.767      0.031      0.25           1          124        0.00     1.59       13.98      1363.3     1373.7     -10.3      0.685     c3:13.97; c2:16.03
254 H1167v1TS169_5     169     GuijunLab-Human      0.000    0.000    -        -        C1        2        0.00     79       7        0.0      0.00       0.00        0.691      0.003      0.00           1          124        0.00     0.90       34.47      515.0      801.3      -286.4     0.565     c3:15.31; c2:13.64
255 H1167v1TS441_3     441     OpenFold             0.000    0.000    -        -        C1        2        0.00     7        0        0.0      0.00       0.00        0.799      0.038      0.09           1          124        0.00     1.55       14.65      787.8      895.5      -107.7     0.519     c3:14.88; c2:14.09
256 H1167v1TS441_1     441     OpenFold             0.000    0.000    -        -        C1        2        0.00     6        0        0.0      0.00       0.00        0.798      0.037      0.12           1          124        0.00     1.57       15.45      718.7      875.2      -156.5     0.520     c3:15.50; c2:14.12
257 H1167v1TS433_1     433     OpenFold-SingleSeq   0.000    0.000    -        -        C1        2        0.00     6        0        0.0      0.00       0.00        0.798      0.037      0.12           1          124        0.00     1.57       15.45      718.7      875.2      -156.5     0.520     c3:15.50; c2:14.12
258 H1167v1TS398_3     398     ChaePred             0.000    0.000    -        -        C1        2        0.00     71       4        0.0      0.00       0.00        0.835      0.041      0.21           1          124        0.00     0.63       13.01      -672.5     -142.7     -529.7     0.793     c3:14.99; c2:16.27
259 H1167v1TS291_5     291     Kozakov-Vajda        0.000    0.000    -        -        C1        2        0.00     48       0        0.0      0.00       0.00        0.822      0.044      0.25           1          124        0.00     0.77       13.67      -1654.3    -643.9     -1010.4    0.553     c3:15.43; c2:14.74
260 H1167v1TS441_4     441     OpenFold             0.000    0.000    -        -        C1        2        0.00     10       0        0.0      0.00       0.00        0.809      0.034      0.17           1          124        0.00     1.50       14.81      765.5      869.4      -104.0     0.538     c3:15.08; c2:14.23
261 H1167v1TS433_3     433     OpenFold-SingleSeq   0.000    0.000    -        -        C1        2        0.00     7        0        0.0      0.00       0.00        0.799      0.038      0.09           1          124        0.00     1.55       14.65      787.8      895.5      -107.7     0.519     c3:14.88; c2:14.09
262 H1167v1TS368_4     368s    FALCON2              0.000    0.000    -        -        C1        2        0.00     0        0        -        -          -           0.375      0.002      -              1          213        0.00     8.50       -          15945.0    5532.8     10412.3    0.305     c3:39.14; c2:43.18
263 H1167v1TS493_5     493     Shen-CAPRI           0.000    0.000    -        -        C1        2        0.00     61       0        0.0      0.00       0.00        0.801      0.037      0.14           1          124        0.00     1.31       14.88      -1894.3    -1172.6    -721.8     0.761     c3:16.63; c2:16.89
264 H1167v1TS350_5     350     ClusPro              0.000    0.000    -        -        C1        2        0.00     48       0        0.0      0.00       0.00        0.822      0.044      0.25           1          124        0.00     0.77       13.67      -1654.3    -643.9     -1010.4    0.553     c3:15.43; c2:14.74
265 H1167v1TS098_4     098s    GuijunLab-Assembly   0.000    0.000    -        -        C1        2        0.00     79       7        0.0      0.00       0.00        0.691      0.003      0.00           1          124        0.00     0.90       34.47      515.0      801.3      -286.4     0.565     c3:15.31; c2:13.64
266 H1167v1TS333_5     333s    FALCON0              0.000    0.000    -        -        C1        2        0.00     0        0        -        -          -           0.369      0.001      -              1          213        0.00     8.67       -          16317.7    5209.4     11108.3    0.289     c3:41.20; c2:41.62
267 H1167v1TS188_1     188s    GuijunLab-DeepDA     0.000    0.000    -        -        C1        2        0.00     6        0        0.0      0.00       0.00        0.706      0.033      0.09           1          124        0.00     0.94       13.33      1541.5     985.1      556.4      0.592     c3:16.47; c2:18.13
268 H1167v1TS234_3     234     Panlab               0.000    0.000    -        -        C1        2        0.00     33       0        0.0      0.00       0.00        0.609      0.008      0.15           1          124        0.00     1.82       16.05      1853.5     -1743.2    3596.7     0.408     c3:19.64; c2:21.06
269 H1167v1TS234_4     234     Panlab               0.000    0.000    -        -        C1        2        0.00     17       0        0.0      0.00       0.00        0.609      0.031      0.14           1          124        0.00     1.82       14.47      2306.2     -1585.8    3892.0     0.451     c3:17.01; c2:17.86
270 H1167v1TS215_3     215s    XRC_VU               0.000    0.000    -        -        C1        2        0.00     10       0        0.0      0.00       0.00        0.837      0.010      0.00           1          124        0.00     0.85       16.80      1102.6     850.3      252.3      0.754     c3:14.45; c2:14.76
271 H1167v1TS441_5     441     OpenFold             0.000    0.000    -        -        C1        2        0.00     16       0        0.0      0.00       0.00        0.809      0.037      0.16           1          124        0.00     1.41       14.81      770.6      870.2      -99.6      0.537     c3:15.59; c2:14.22
272 H1167v1TS188_4     188s    GuijunLab-DeepDA     0.000    0.000    -        -        C1        2        0.00     19       0        0.0      0.00       0.00        0.737      0.032      0.16           1          124        0.00     0.97       13.55      1213.9     897.9      316.0      0.554     c3:16.39; c2:18.10
273 H1167v1TS368_2     368s    FALCON2              0.000    0.000    -        -        C1        2        0.00     61       1        0.0      0.00       0.00        0.388      0.002      0.04           1          213        0.00     7.36       56.09      7714.6     2374.6     5339.9     0.356     c3:31.54; c2:33.17
274 H1167v1TS098_5     098s    GuijunLab-Assembly   0.000    0.000    -        -        C1        2        0.00     79       7        0.0      0.00       0.00        0.691      0.003      0.00           1          124        0.00     0.90       34.47      515.0      801.3      -286.4     0.565     c3:15.31; c2:13.64
275 H1167v1TS067_1     067     ESM-single-sequence  0.000    0.000    -        -        C1        2        0.00     7        0        0.0      0.00       0.00        0.702      0.005      0.00           1          416        0.00     1.38       15.74      112.9      208.6      -95.8      0.752     c3:18.00; c2:17.60
276 H1167v1TS098_3     098s    GuijunLab-Assembly   0.000    0.000    -        -        C1        2        0.00     79       7        0.0      0.00       0.00        0.691      0.003      0.00           1          124        0.00     0.90       34.47      515.0      801.3      -286.4     0.565     c3:15.31; c2:13.64
277 H1167v1TS037_1     037     Wallner              0.000    0.000    -        -        C1        2        0.00     42       0        0.0      0.00       0.00        0.838      0.035      0.24           1          124        0.00     0.77       13.21      -83.3      206.5      -289.9     0.600     c3:14.43; c2:15.74
278 H1167v1TS433_4     433     OpenFold-SingleSeq   0.000    0.000    -        -        C1        2        0.00     10       0        0.0      0.00       0.00        0.809      0.034      0.17           1          124        0.00     1.50       14.81      765.5      869.4      -104.0     0.538     c3:15.08; c2:14.23
279 H1167v1TS433_5     433     OpenFold-SingleSeq   0.000    0.000    -        -        C1        2        0.00     16       0        0.0      0.00       0.00        0.809      0.037      0.16           1          124        0.00     1.41       14.81      770.6      870.2      -99.6      0.537     c3:15.59; c2:14.22
280 H1167v1TS188_2     188s    GuijunLab-DeepDA     0.000    0.000    -        -        C1        2        0.00     6        0        0.0      0.00       0.00        0.705      0.033      0.06           1          124        0.00     0.90       13.61      1624.9     1176.1     448.8      0.592     c3:16.46; c2:18.14
281 H1167v1TS098_2     098s    GuijunLab-Assembly   0.000    0.000    -        -        C1        2        0.00     79       7        0.0      0.00       0.00        0.691      0.003      0.00           1          124        0.00     0.90       34.47      515.0      801.3      -286.4     0.565     c3:15.31; c2:13.64
282 H1167v1TS433_2     433     OpenFold-SingleSeq   0.000    0.000    -        -        C1        2        0.00     14       0        0.0      0.00       0.00        0.814      0.036      0.22           1          124        0.00     0.97       14.92      646.5      826.9      -180.4     0.549     c3:14.76; c2:15.46
283 H1167v1TS035_1     035s    Manifold-E           0.000    0.000    -        -        C1        2        0.00     31       0        0.0      0.00       0.00        0.767      0.031      0.25           1          124        0.00     1.59       13.98      1363.3     1373.7     -10.3      0.685     c3:13.97; c2:16.03
284 H1167v1TS462_4     462s    MultiFOLD            0.000    0.000    -        -        C1        2        0.00     9        0        0.0      0.00       0.00        0.838      0.035      0.15           1          124        0.00     0.67       12.49      578.8      714.9      -136.2     0.529     c3:14.38; c2:13.62
285 H1167v1TS333_4     333s    FALCON0              0.000    0.000    -        -        C1        2        0.00     0        0        -        -          -           0.375      0.002      -              1          213        0.00     8.50       -          15945.0    5532.8     10412.3    0.305     c3:39.14; c2:43.18
286 H1167v1TS037_2     037     Wallner              0.000    0.000    -        -        C1        2        0.00     39       0        0.0      0.00       0.00        0.851      0.044      0.26           1          124        0.00     0.77       13.33      -295.7     98.4       -394.2     0.802     c3:14.61; c2:15.83
287 H1167v1TS035_2     035s    Manifold-E           0.000    0.000    -        -        C1        2        0.00     26       0        0.0      0.00       0.00        0.839      0.042      0.29           1          416        0.00     1.08       13.35      695.5      985.8      -290.3     0.805     c3:14.51; c2:16.30
288 H1167v1TS169_4     169     GuijunLab-Human      0.000    0.000    -        -        C1        2        0.00     79       7        0.0      0.00       0.00        0.691      0.003      0.00           1          124        0.00     0.90       34.47      515.0      801.3      -286.4     0.565     c3:15.31; c2:13.64
289 H1167v1TS098_1     098s    GuijunLab-Assembly   0.000    0.000    -        -        C1        2        0.00     6        0        0.0      0.00       0.00        0.702      0.033      0.03           1          124        0.00     0.90       13.70      1390.3     1186.2     204.1      0.595     c3:16.46; c2:18.15
290 H1167v1TS257_3     257     WL_team              0.000    0.000    -        -        C1        2        0.00     11       0        0.0      0.00       0.00        0.742      0.042      0.13           1          124        0.00     1.68       15.41      2491.5     1615.3     876.3      0.779     c3:15.78; c2:14.65
291 H1167v1TS234_5     234     Panlab               0.000    0.000    -        -        C1        2        0.00     27       2        0.0      0.00       0.00        0.606      0.010      0.11           1          124        0.00     1.82       15.59      2199.2     -1665.5    3864.7     0.420     c3:18.91; c2:19.72
292 H1167v1TS248_2     248     Manifold             0.000    0.000    -        -        C1        2        0.00     26       0        0.0      0.00       0.00        0.839      0.042      0.29           1          416        0.00     1.08       13.35      695.5      985.8      -290.3     0.805     c3:14.51; c2:16.30
293 H1167v1TS215_5     215s    XRC_VU               0.000    0.000    -        -        C1        2        0.00     0        0        -        -          -           0.816      0.010      -              1          124        0.00     1.51       -          1743.1     1331.9     411.2      0.716     c3:14.79; c2:14.47
294 H1167v1TS494_1     494     Venclovas            0.000    0.000    -        -        C1        2        0.00     63       1        0.0      0.00       0.00        0.830      0.029      0.24           1          124        0.00     0.62       8.91       -878.0     200.4      -1078.4    0.511     c3:14.31; c2:15.36
295 H1167v1TS215_4     215s    XRC_VU               0.000    0.000    -        -        C1        2        0.00     11       0        0.0      0.00       0.00        0.809      0.011      0.02           1          124        0.00     1.30       15.32      1165.6     1046.5     119.1      0.569     c3:14.63; c2:14.51
296 H1167v1TS188_3     188s    GuijunLab-DeepDA     0.000    0.000    -        -        C1        2        0.00     6        0        0.0      0.00       0.00        0.702      0.033      0.03           1          124        0.00     0.90       13.70      1390.3     1186.2     204.1      0.595     c3:16.46; c2:18.15
297 H1167v1TS441_2     441     OpenFold             0.000    0.000    -        -        C1        2        0.00     14       0        0.0      0.00       0.00        0.814      0.036      0.22           1          124        0.00     0.97       14.92      646.5      826.9      -180.4     0.549     c3:14.76; c2:15.46
298 H1167v1TS215_2     215s    XRC_VU               0.000    0.000    -        -        C1        2        0.00     42       0        0.0      0.00       0.00        0.834      0.010      0.04           1          124        0.00     0.96       16.92      567.3      716.3      -149.0     0.747     c3:14.58; c2:14.39
299 H1167v1TS494_4     494     Venclovas            0.000    0.000    -        -        C1        2        0.00     28       0        0.0      0.00       0.00        0.712      0.040      0.18           1          124        0.00     1.92       14.21      839.4      794.3      45.0       0.596     c3:14.86; c2:15.13
300 H1167v1TS169_1     169     GuijunLab-Human      0.000    0.000    -        -        C1        2        0.00     6        0        0.0      0.00       0.00        0.702      0.033      0.03           1          124        0.00     0.90       13.70      1390.3     1186.2     204.1      0.595     c3:16.46; c2:18.15
301 H1167v1TS188_5     188s    GuijunLab-DeepDA     0.000    0.000    -        -        C1        2        0.00     11       0        0.0      0.00       0.00        0.732      0.033      0.13           1          124        0.00     0.90       12.53      1496.0     1254.9     241.1      0.672     c3:16.49; c2:18.23
302 H1167v1TS035_3     035s    Manifold-E           0.000    0.000    -        -        C1        2        0.00     26       0        0.0      0.00       0.00        0.848      0.042      0.29           1          124        0.00     0.96       13.55      1008.5     1145.7     -137.2     0.805     c3:14.78; c2:16.23
303 H1167v1TS368_1     368s    FALCON2              -        -        -        -        C1        2        0.00     0        0        -        -          -           -          -          -              1          126        0.00     9.69       -          5263.8     -4691.1    9769.8     0.228     c3:24.18; c2:23.85
304 H1167v1TS333_3     333s    FALCON0              -        -        -        -        C1        2        0.00     0        0        -        -          -           -          -          -              1          126        0.00     9.69       -          5263.8     -4691.1    9769.8     0.228     c3:24.18; c2:23.85
305 H1167v1TS368_3     368s    FALCON2              -        -        -        -        C1        2        0.00     0        0        -        -          -           -          -          -              1          126        0.00     9.69       -          5263.8     -4691.1    9769.8     0.228     c3:24.18; c2:23.85
306 H1167v1TS333_1     333s    FALCON0              -        -        -        -        C1        2        0.00     0        0        -        -          -           -          -          -              1          126        0.00     9.69       -          5263.8     -4691.1    9769.8     0.228     c3:24.18; c2:23.85