    Model              Gr.Code Group                QSglob   QSbest   Mol.Size Stoich.  Symm.     SymmSize SymmRMSD No.Conts No.Clash F1       Prec.Iface Recal.Iface lDDToligo  DockQ_Avg  Jaccard.Coeff. Align.Size Align.Len  Orient   LocalRMSD  Iface.RMSD SA.total   SA.polar  SA.apolar  TMscore    SymmGr.RMSD
1   H1168TS288_2       288s    DFolding-server      0.948    0.958    3        A1B1C1   C1        3        0.00     183      0        88.9     88.15      90.33       0.925      0.747      0.86           3          564        0.12     2.54       0.55       319.6      172.6      147.1      0.924     c3:33.40; c2:3.93
2   H1168TS494_1       494     Venclovas            0.947    0.950    3        A1B1C1   C2        2        3.19     186      0        87.9     88.29      88.18       0.894      0.643      0.87           3          564        0.19     4.14       0.65       747.8      712.5      35.2       0.856     c3:33.34; c2:3.23
3   H1168TS360_3       360     MUFold_H             0.944    0.951    3        A1B1C1   C1        3        0.00     188      0        86.3     87.47      86.01       0.919      0.753      0.83           3          564        0.11     2.24       0.56       123.0      117.7      5.3        0.938     c3:33.30; c2:4.39
4   H1168TS439_4       439     Yang                 0.937    0.944    3        A1B1C1   C1        3        0.00     194      0        87.5     89.13      86.55       0.890      0.723      0.87           3          564        0.13     2.47       0.70       -123.3     -1341.1    1217.8     0.929     c3:33.21; c2:4.28
5   H1168TS239_4       239s    Yang-Multimer        0.937    0.944    3        A1B1C1   C1        3        0.00     194      0        87.5     89.13      86.55       0.890      0.723      0.87           3          564        0.13     2.47       0.70       -123.3     -1341.1    1217.8     0.929     c3:33.21; c2:4.28
6   H1168TS360_1       360     MUFold_H             0.934    0.937    3        A1B1C1   C1        3        0.00     186      0        84.2     87.59      83.33       0.912      0.699      0.81           3          564        0.11     2.39       0.63       460.7      313.9      146.8      0.928     c3:33.65; c2:4.21
7   H1168TS348_5       348     Takeda-Shitaka_Lab   0.932    0.937    3        A1B1C1   C1        3        0.00     180      0        82.0     87.09      79.56       0.909      0.681      0.83           3          564        0.11     2.48       0.79       360.5      176.2      184.3      0.926     c3:33.49; c2:4.22
8   H1168TS360_2       360     MUFold_H             0.929    0.932    3        A1B1C1   C1        3        0.00     190      1        84.8     89.51      82.78       0.910      0.680      0.83           3          564        0.12     2.60       0.66       533.3      362.6      170.7      0.916     c3:33.69; c2:4.07
9   H1168TS360_5       360     MUFold_H             0.924    0.928    3        A1B1C1   C1        3        0.00     189      1        84.2     87.64      83.32       0.910      0.668      0.82           3          564        0.13     2.67       0.69       462.8      277.1      185.7      0.914     c3:33.73; c2:3.98
10  H1168TS348_4       348     Takeda-Shitaka_Lab   0.923    0.927    3        A1B1C1   C1        3        0.00     189      1        84.7     88.58      83.32       0.909      0.645      0.83           3          564        0.15     2.95       0.78       433.1      169.8      263.3      0.897     c3:33.70; c2:3.88
11  H1168TS073_2       073s    DFolding-refine      0.922    0.922    3        A1B1C1   C1        3        0.00     188      0        82.5     81.74      83.36       0.824      0.760      0.84           3          564        0.05     2.43       0.57       -262.0     -1787.9    1525.9     0.941     c3:33.39; c2:5.54
12  H1168TS374_4       374     Zheng                0.915    0.921    3        A1B1C1   C1        3        0.00     183      0        82.0     83.41      81.21       0.903      0.643      0.82           3          564        0.17     3.46       0.69       352.7      212.4      140.3      0.869     c3:33.37; c2:3.45
13  H1168TS385_1       385     FoldEver-Hybrid      0.915    0.919    3        A1B1C1   C1        3        0.00     179      0        82.7     84.23      82.76       0.902      0.661      0.81           3          564        0.16     3.22       0.65       359.2      266.8      92.4       0.886     c3:33.32; c2:3.50
14  H1168TS245_1       245s    FoldEver             0.915    0.919    3        A1B1C1   C1        3        0.00     179      0        82.7     84.23      82.76       0.902      0.661      0.81           3          564        0.16     3.22       0.65       359.2      266.8      92.4       0.886     c3:33.32; c2:3.50
15  H1168TS150_2       150     Grudinin             0.912    0.916    3        A1B1C1   C1        3        0.00     197      0        82.8     82.51      83.33       0.909      0.685      0.83           3          564        0.13     2.68       0.91       130.6      169.1      -38.5      0.916     c3:33.29; c2:4.17
16  H1168TS119_2       119     Kiharalab            0.912    0.916    3        A1B1C1   C1        3        0.00     197      0        82.8     82.51      83.33       0.909      0.685      0.83           3          564        0.13     2.68       0.91       127.1      173.0      -45.9      0.916     c3:33.29; c2:4.17
17  H1168TS225_3       225     ShanghaiTech         0.911    0.914    3        A1B1C1   C1        3        0.00     184      0        82.1     79.96      84.39       0.898      0.648      0.83           3          564        0.17     3.77       0.88       284.7      275.5      9.2        0.854     c3:33.44; c2:3.13
18  H1168TS119_5       119     Kiharalab            0.911    0.916    3        A1B1C1   C1        3        0.00     190      0        82.7     82.22      83.86       0.917      0.792      0.82           3          564        0.03     1.28       0.65       -125.9     126.4      -252.4     0.979     c3:33.21; c2:5.61
19  H1168TS071_2       071s    RaptorX-Multimer     0.909    0.912    3        A1B1C1   C1        3        0.00     190      0        83.3     82.80      84.38       0.898      0.721      0.83           3          564        0.10     2.17       0.97       82.8       334.8      -252.1     0.942     c3:33.36; c2:4.66
20  H1168TS439_1       439     Yang                 0.909    0.912    3        A1B1C1   C1        3        0.00     193      0        81.5     83.32      81.15       0.881      0.714      0.84           3          564        0.10     2.21       0.74       -131.9     -1333.9    1202.0     0.940     c3:33.30; c2:4.23
21  H1168TS239_1       239s    Yang-Multimer        0.909    0.912    3        A1B1C1   C1        3        0.00     193      0        81.5     83.32      81.15       0.881      0.714      0.84           3          564        0.10     2.21       0.74       -131.9     -1333.9    1202.0     0.940     c3:33.30; c2:4.23
22  H1168TS225_5       225     ShanghaiTech         0.906    0.910    3        A1B1C1   C2        2        3.07     185      0        82.7     81.05      84.39       0.897      0.656      0.83           3          564        0.16     3.53       0.95       169.9      178.1      -8.1       0.868     c3:33.44; c2:3.18
23  H1168TS086_4       086s    MULTICOM_qa          0.906    0.909    3        A1B1C1   C1        3        0.00     186      0        83.5     83.87      83.86       0.907      0.720      0.84           3          564        0.11     2.27       0.74       163.2      209.2      -46.0      0.936     c3:33.29; c2:4.11
24  H1168TS003_5       003     MULTICOM_human       0.906    0.909    3        A1B1C1   C1        3        0.00     186      0        83.5     83.87      83.86       0.907      0.720      0.84           3          564        0.11     2.27       0.74       163.2      209.2      -46.0      0.936     c3:33.29; c2:4.11
25  H1168TS239_3       239s    Yang-Multimer        0.906    0.909    3        A1B1C1   C1        3        0.00     195      0        82.5     83.99      82.30       0.885      0.778      0.84           3          564        0.05     1.36       0.75       -296.5     -1401.7    1105.2     0.976     c3:33.24; c2:5.26
26  H1168TS439_3       439     Yang                 0.906    0.909    3        A1B1C1   C1        3        0.00     195      0        82.5     83.99      82.30       0.885      0.778      0.84           3          564        0.05     1.36       0.75       -296.5     -1401.7    1105.2     0.976     c3:33.24; c2:5.26
27  H1168TS446_3       446s    ColabFold            0.905    0.907    3        A1B1C1   C1        3        0.00     185      0        84.0     82.89      85.47       0.901      0.621      0.84           3          564        0.19     4.00       0.91       277.5      245.3      32.2       0.839     c3:33.49; c2:3.08
28  H1168TS461_3       461     colabfold_human      0.905    0.907    3        A1B1C1   C1        3        0.00     185      0        84.0     82.89      85.47       0.901      0.621      0.84           3          564        0.19     4.00       0.91       277.5      245.3      32.2       0.839     c3:33.49; c2:3.08
29  H1168TS439_2       439     Yang                 0.905    0.909    3        A1B1C1   C1        3        0.00     191      0        82.1     84.78      80.67       0.882      0.713      0.84           3          564        0.11     2.28       0.70       -210.7     -1338.8    1128.0     0.936     c3:33.18; c2:4.25
30  H1168TS239_2       239s    Yang-Multimer        0.905    0.909    3        A1B1C1   C1        3        0.00     191      0        82.1     84.78      80.67       0.882      0.713      0.84           3          564        0.11     2.28       0.70       -210.7     -1338.8    1128.0     0.936     c3:33.18; c2:4.25
31  H1168TS225_1       225     ShanghaiTech         0.904    0.909    3        A1B1C1   C1        3        0.00     184      0        81.0     79.47      82.83       0.904      0.707      0.81           3          564        0.12     2.36       1.00       205.2      203.4      1.8        0.932     c3:33.31; c2:4.22
32  H1168TS225_2       225     ShanghaiTech         0.904    0.908    3        A1B1C1   C1        3        0.00     187      0        81.9     80.60      83.31       0.902      0.665      0.86           3          564        0.15     3.24       0.95       311.6      315.9      -4.2       0.884     c3:33.42; c2:3.45
33  H1168TS125_5       125s    UltraFold_Server     0.904    0.908    3        A1B1C1   C1        3        0.00     184      0        82.8     84.19      82.77       0.898      0.619      0.82           3          564        0.19     4.03       0.72       442.4      215.5      227.0      0.840     c3:33.53; c2:3.04
34  H1168TS399_5       399     BeijingAIProtein     0.904    0.908    3        A1B1C1   C1        3        0.00     184      0        82.8     84.19      82.77       0.898      0.619      0.82           3          564        0.19     4.03       0.72       442.4      215.5      227.0      0.840     c3:33.53; c2:3.04
35  H1168TS054_5       054     UltraFold            0.904    0.908    3        A1B1C1   C1        3        0.00     184      0        82.8     84.19      82.77       0.898      0.619      0.82           3          564        0.19     4.03       0.72       442.4      215.5      227.0      0.840     c3:33.53; c2:3.04
36  H1168TS374_1       374     Zheng                0.903    0.908    3        A1B1C1   C1        3        0.00     185      0        82.6     82.11      83.34       0.902      0.718      0.87           3          564        0.12     2.43       0.52       469.8      318.3      151.6      0.930     c3:33.51; c2:4.35
37  H1168TS446_2       446s    ColabFold            0.903    0.905    3        A1B1C1   C1        3        0.00     182      0        82.4     81.81      83.86       0.904      0.663      0.82           3          564        0.14     2.98       0.88       201.2      277.4      -76.1      0.899     c3:33.42; c2:3.79
38  H1168TS298_1       298s    MUFold               0.903    0.906    3        A1B1C1   C1        3        0.00     184      0        82.4     81.69      83.86       0.907      0.734      0.83           3          564        0.10     2.05       0.73       183.7      241.2      -57.5      0.946     c3:33.33; c2:4.28
39  H1168TS461_2       461     colabfold_human      0.903    0.905    3        A1B1C1   C1        3        0.00     182      0        82.4     81.81      83.86       0.904      0.663      0.82           3          564        0.14     2.98       0.88       201.2      277.4      -76.1      0.899     c3:33.42; c2:3.79
40  H1168TS320_5       320     Elofsson             0.902    0.905    3        A1B1C1   C1        3        0.00     190      0        83.5     82.29      85.49       0.907      0.731      0.83           3          564        0.10     2.12       0.85       94.9       119.6      -24.7      0.944     c3:33.22; c2:4.20
41  H1168TS390_5       390s    NBIS-AF2-multimer    0.902    0.905    3        A1B1C1   C1        3        0.00     190      0        83.5     82.29      85.49       0.907      0.731      0.83           3          564        0.10     2.12       0.85       94.9       119.6      -24.7      0.944     c3:33.22; c2:4.20
42  H1168TS434_3       434     Coqualia             0.902    0.910    3        A1B1C1   C1        3        0.00     185      0        84.3     85.32      83.86       0.911      0.720      0.84           3          564        0.11     2.43       0.69       101.4      223.1      -121.7     0.932     c3:33.29; c2:4.18
43  H1168TS390_1       390s    NBIS-AF2-multimer    0.902    0.906    3        A1B1C1   C1        3        0.00     190      0        83.5     81.23      86.55       0.907      0.745      0.83           3          564        0.10     2.05       0.80       47.1       89.2       -42.0      0.948     c3:33.22; c2:4.28
44  H1168TS320_1       320     Elofsson             0.902    0.906    3        A1B1C1   C1        3        0.00     190      0        83.5     81.23      86.55       0.907      0.745      0.83           3          564        0.10     2.05       0.80       47.1       89.2       -42.0      0.948     c3:33.22; c2:4.28
45  H1168TS348_2       348     Takeda-Shitaka_Lab   0.902    0.906    3        A1B1C1   C1        3        0.00     190      0        83.5     81.23      86.55       0.907      0.745      0.83           3          564        0.10     2.05       0.80       25.3       -18.2      43.6       0.948     c3:33.22; c2:4.28
46  H1168TS298_3       298s    MUFold               0.902    0.906    3        A1B1C1   C1        3        0.00     187      0        83.4     81.78      85.48       0.907      0.726      0.83           3          564        0.11     2.26       0.84       73.4       106.7      -33.4      0.938     c3:33.25; c2:4.12
47  H1168TS119_3       119     Kiharalab            0.902    0.909    3        A1B1C1   C1        3        0.00     192      0        82.9     82.36      83.85       0.913      0.769      0.83           3          564        0.08     1.73       0.67       -106.1     2.4        -108.5     0.963     c3:33.14; c2:4.66
48  H1168TS314_1       314     Pierce               0.902    0.906    3        A1B1C1   C1        3        0.00     190      0        83.5     81.23      86.55       0.907      0.745      0.83           3          564        0.10     2.05       0.80       47.1       89.2       -42.0      0.948     c3:33.22; c2:4.28
49  H1168TS150_1       150     Grudinin             0.902    0.906    3        A1B1C1   C1        3        0.00     190      0        83.5     81.23      86.55       0.907      0.745      0.83           3          564        0.10     2.05       0.80       47.1       89.2       -42.0      0.948     c3:33.22; c2:4.28
50  H1168TS320_3       320     Elofsson             0.902    0.906    3        A1B1C1   C1        3        0.00     189      0        82.0     81.46      83.32       0.909      0.718      0.81           3          564        0.11     2.39       0.64       119.3      161.0      -41.8      0.931     c3:33.20; c2:4.09
51  H1168TS390_3       390s    NBIS-AF2-multimer    0.902    0.906    3        A1B1C1   C1        3        0.00     189      0        82.0     81.46      83.32       0.909      0.718      0.81           3          564        0.11     2.39       0.64       119.3      161.0      -41.8      0.931     c3:33.20; c2:4.09
52  H1168TS011_3       011s    GinobiFold-SER       0.902    0.910    3        A1B1C1   C1        3        0.00     185      0        84.3     85.32      83.86       0.911      0.720      0.84           3          564        0.11     2.43       0.69       101.4      223.1      -121.7     0.932     c3:33.29; c2:4.18
53  H1168TS131_2       131s    Kiharalab_Server     0.902    0.909    3        A1B1C1   C1        3        0.00     192      0        82.9     82.36      83.85       0.913      0.769      0.83           3          564        0.08     1.73       0.67       -91.5      2.9        -94.3      0.963     c3:33.14; c2:4.66
54  H1168TS131_3       131s    Kiharalab_Server     0.901    0.908    3        A1B1C1   C1        3        0.00     194      0        82.3     81.84      83.31       0.913      0.756      0.82           3          564        0.08     1.87       0.66       -86.9      36.1       -123.0     0.957     c3:33.16; c2:4.53
55  H1168TS278_1       278     PEZYFoldings         0.901    0.902    3        A1B1C1   C1        3        0.00     189      1        83.1     83.24      83.35       0.903      0.710      0.83           3          564        0.12     2.41       0.80       145.2      348.1      -202.9     0.930     c3:33.12; c2:4.04
56  H1168TS461_4       461     colabfold_human      0.901    0.903    3        A1B1C1   C1        3        0.00     182      0        83.1     82.43      84.93       0.903      0.652      0.83           3          564        0.16     3.31       0.84       204.3      232.0      -27.7      0.880     c3:33.39; c2:3.49
57  H1168TS314_2       314     Pierce               0.901    0.904    3        A1B1C1   C1        3        0.00     187      0        81.9     82.43      82.23       0.908      0.723      0.81           3          564        0.10     2.21       0.68       106.2      109.1      -2.9       0.940     c3:33.22; c2:4.12
58  H1168TS131_1       131s    Kiharalab_Server     0.901    0.908    3        A1B1C1   C1        3        0.00     193      0        83.0     82.69      83.85       0.912      0.760      0.83           3          564        0.08     1.86       0.67       -61.0      -3.2       -57.8      0.958     c3:33.15; c2:4.54
59  H1168TS298_5       298s    MUFold               0.901    0.905    3        A1B1C1   C1        3        0.00     188      0        82.7     82.84      83.32       0.907      0.727      0.83           3          564        0.10     2.17       0.70       20.0       54.7       -34.6      0.942     c3:33.22; c2:4.15
60  H1168TS461_1       461     colabfold_human      0.901    0.903    3        A1B1C1   C1        3        0.00     182      0        83.3     83.21      83.90       0.906      0.658      0.81           3          564        0.15     3.17       0.84       266.9      304.7      -37.8      0.890     c3:33.32; c2:3.78
61  H1168TS119_1       119     Kiharalab            0.901    0.908    3        A1B1C1   C1        3        0.00     193      0        83.0     82.69      83.85       0.912      0.760      0.83           3          564        0.08     1.86       0.67       -67.8      -7.5       -60.3      0.958     c3:33.15; c2:4.54
62  H1168TS446_4       446s    ColabFold            0.901    0.903    3        A1B1C1   C1        3        0.00     182      0        83.1     82.43      84.93       0.903      0.652      0.83           3          564        0.16     3.31       0.84       204.3      232.0      -27.7      0.880     c3:33.39; c2:3.49
63  H1168TS298_4       298s    MUFold               0.901    0.904    3        A1B1C1   C1        3        0.00     187      0        82.0     81.87      83.33       0.907      0.704      0.81           3          564        0.12     2.34       0.84       54.2       114.0      -59.8      0.934     c3:33.25; c2:4.08
64  H1168TS348_1       348     Takeda-Shitaka_Lab   0.901    0.904    3        A1B1C1   C1        3        0.00     188      0        80.8     80.49      82.24       0.906      0.701      0.80           3          564        0.11     2.31       0.83       266.3      141.1      125.2      0.933     c3:33.37; c2:4.03
65  H1168TS446_1       446s    ColabFold            0.901    0.903    3        A1B1C1   C1        3        0.00     182      0        83.3     83.21      83.90       0.906      0.658      0.81           3          564        0.15     3.17       0.84       266.9      304.7      -37.8      0.890     c3:33.32; c2:3.78
66  H1168TS423_3       423     trComplex            0.900    0.910    3        A1B1C1   C1        3        0.00     184      0        81.3     80.49      82.82       0.906      0.698      0.82           3          564        0.11     2.43       0.87       131.4      101.1      30.3       0.930     c3:33.36; c2:4.03
67  H1168TS298_2       298s    MUFold               0.900    0.905    3        A1B1C1   C1        3        0.00     195      0        83.0     82.67      83.86       0.908      0.703      0.83           3          564        0.12     2.43       0.86       74.9       147.5      -72.6      0.929     c3:33.27; c2:4.24
68  H1168TS360_4       360     MUFold_H             0.900    0.905    3        A1B1C1   C1        3        0.00     195      0        83.0     82.67      83.86       0.908      0.703      0.83           3          564        0.12     2.43       0.86       74.9       147.5      -72.6      0.929     c3:33.27; c2:4.24
69  H1168TS434_5       434     Coqualia             0.900    0.907    3        A1B1C1   C1        3        0.00     188      0        84.1     83.45      84.92       0.910      0.698      0.85           3          564        0.13     2.72       0.78       124.5      210.4      -85.9      0.915     c3:33.33; c2:3.97
70  H1168TS131_4       131s    Kiharalab_Server     0.900    0.907    3        A1B1C1   C1        3        0.00     195      0        83.5     83.74      83.86       0.913      0.771      0.84           3          564        0.07     1.67       0.68       -35.1      19.1       -54.1      0.966     c3:33.15; c2:4.72
71  H1168TS320_2       320     Elofsson             0.900    0.906    3        A1B1C1   C1        3        0.00     190      0        83.7     84.28      83.86       0.909      0.708      0.83           3          564        0.12     2.59       0.66       126.3      214.7      -88.4      0.921     c3:33.22; c2:3.95
72  H1168TS011_5       011s    GinobiFold-SER       0.900    0.907    3        A1B1C1   C1        3        0.00     188      0        84.1     83.45      84.92       0.910      0.698      0.85           3          564        0.13     2.72       0.78       124.5      210.4      -85.9      0.915     c3:33.33; c2:3.97
73  H1168TS390_2       390s    NBIS-AF2-multimer    0.900    0.906    3        A1B1C1   C1        3        0.00     190      0        83.7     84.28      83.86       0.909      0.708      0.83           3          564        0.12     2.59       0.66       126.3      214.7      -88.4      0.921     c3:33.22; c2:3.95
74  H1168TS133_3       133s    ShanghaiTech-TS-SER  0.899    0.906    3        A1B1C1   C1        3        0.00     187      0        84.1     84.85      83.86       0.910      0.712      0.83           3          564        0.11     2.45       0.73       178.1      249.6      -71.5      0.930     c3:33.36; c2:4.14
75  H1168TS374_5       374     Zheng                0.899    0.902    3        A1B1C1   C1        3        0.00     194      1        82.0     82.22      82.78       0.907      0.714      0.80           3          564        0.11     2.16       0.83       66.7       111.8      -45.1      0.943     c3:33.20; c2:4.16
76  H1168TS227_3       227     GinobiFold           0.899    0.906    3        A1B1C1   C1        3        0.00     187      0        84.1     84.85      83.86       0.910      0.712      0.83           3          564        0.11     2.45       0.73       178.1      249.6      -71.5      0.930     c3:33.36; c2:4.14
77  H1168TS423_2       423     trComplex            0.899    0.910    3        A1B1C1   C1        3        0.00     184      0        82.9     83.27      83.35       0.909      0.712      0.82           3          564        0.11     2.37       0.82       3.1        55.5       -52.4      0.933     c3:33.38; c2:4.20
78  H1168TS187_2       187     TRFold               0.899    0.910    3        A1B1C1   C1        3        0.00     184      0        82.9     83.27      83.35       0.909      0.712      0.82           3          564        0.11     2.37       0.82       3.1        55.5       -52.4      0.933     c3:33.38; c2:4.20
79  H1168TS071_3       071s    RaptorX-Multimer     0.898    0.901    3        A1B1C1   C1        3        0.00     189      0        81.3     79.93      83.37       0.898      0.716      0.81           3          564        0.10     2.05       1.04       92.1       343.2      -251.2     0.951     c3:33.33; c2:4.85
80  H1168TS133_5       133s    ShanghaiTech-TS-SER  0.898    0.906    3        A1B1C1   C1        3        0.00     192      0        84.2     84.61      84.38       0.911      0.727      0.84           3          564        0.11     2.37       0.66       90.9       195.2      -104.3     0.935     c3:33.27; c2:4.18
81  H1168TS133_4       133s    ShanghaiTech-TS-SER  0.898    0.906    3        A1B1C1   C1        3        0.00     181      0        81.7     81.53      82.29       0.905      0.707      0.81           3          564        0.11     2.37       0.78       49.9       190.4      -140.5     0.933     c3:33.39; c2:4.10
82  H1168TS462_3       462s    MultiFOLD            0.898    0.904    3        A1B1C1   C1        3        0.00     185      0        82.6     81.12      84.38       0.902      0.662      0.83           3          564        0.15     2.96       0.97       -140.6     -22.6      -118.0     0.900     c3:33.35; c2:3.98
83  H1168TS092_1       092     Agemo_mix            0.898    0.902    3        A1B1C1   C1        3        0.00     189      0        81.3     80.72      82.82       0.900      0.689      0.82           3          564        0.11     2.43       1.00       92.9       288.1      -195.2     0.930     c3:33.31; c2:4.36
84  H1168TS011_4       011s    GinobiFold-SER       0.898    0.905    3        A1B1C1   C1        3        0.00     193      0        83.2     83.39      83.32       0.906      0.659      0.84           3          564        0.15     3.04       0.92       213.5      200.4      13.1       0.895     c3:33.44; c2:3.61
85  H1168TS227_4       227     GinobiFold           0.898    0.906    3        A1B1C1   C1        3        0.00     181      0        81.7     81.53      82.29       0.905      0.707      0.81           3          564        0.11     2.37       0.78       49.9       190.4      -140.5     0.933     c3:33.39; c2:4.10
86  H1168TS180_5       180     McGuffin             0.898    0.903    3        A1B1C1   C1        3        0.00     184      0        82.8     82.66      83.36       0.904      0.653      0.84           3          564        0.15     3.13       0.91       73.9       85.2       -11.3      0.889     c3:33.39; c2:3.79
87  H1168TS227_5       227     GinobiFold           0.898    0.906    3        A1B1C1   C1        3        0.00     192      0        84.2     84.61      84.38       0.911      0.727      0.84           3          564        0.11     2.37       0.66       90.9       195.2      -104.3     0.935     c3:33.27; c2:4.18
88  H1168TS434_4       434     Coqualia             0.898    0.905    3        A1B1C1   C1        3        0.00     193      0        83.2     83.39      83.32       0.906      0.659      0.84           3          564        0.15     3.04       0.92       213.5      200.4      13.1       0.895     c3:33.44; c2:3.61
89  H1168TS367_4       367     MULTICOM             0.897    0.902    3        A1B1C1   C1        3        0.00     188      0        82.3     80.72      84.40       0.908      0.702      0.82           3          564        0.12     2.58       0.79       79.2       163.2      -84.0      0.922     c3:33.23; c2:3.99
90  H1168TS158_2       158s    MULTICOM_deep        0.897    0.902    3        A1B1C1   C1        3        0.00     188      0        82.3     80.72      84.40       0.908      0.702      0.82           3          564        0.12     2.58       0.79       79.2       163.2      -84.0      0.922     c3:33.23; c2:3.99
91  H1168TS367_3       367     MULTICOM             0.897    0.902    3        A1B1C1   C1        3        0.00     190      0        82.8     82.08      83.86       0.907      0.695      0.83           3          564        0.13     2.67       0.78       216.2      260.7      -44.5      0.917     c3:33.22; c2:3.93
92  H1168TS320_4       320     Elofsson             0.897    0.901    3        A1B1C1   C1        3        0.00     189      0        80.8     81.15      81.70       0.906      0.694      0.79           3          564        0.11     2.26       0.96       230.2      243.3      -13.1      0.937     c3:33.49; c2:4.26
93  H1168TS003_3       003     MULTICOM_human       0.897    0.903    3        A1B1C1   C1        3        0.00     189      0        83.1     83.32      83.86       0.909      0.710      0.82           3          564        0.11     2.44       0.70       158.0      172.1      -14.1      0.929     c3:33.22; c2:4.07
94  H1168TS390_4       390s    NBIS-AF2-multimer    0.897    0.901    3        A1B1C1   C1        3        0.00     189      0        80.8     81.15      81.70       0.906      0.694      0.79           3          564        0.11     2.26       0.96       230.2      243.3      -13.1      0.937     c3:33.49; c2:4.26
95  H1168TS462_2       462s    MultiFOLD            0.897    0.901    3        A1B1C1   C1        3        0.00     181      0        82.0     82.22      82.30       0.888      0.622      0.83           3          564        0.16     3.72       1.07       -42.8      72.1       -114.9     0.887     c3:33.23; c2:3.81
96  H1168TS434_1       434     Coqualia             0.897    0.905    3        A1B1C1   C1        3        0.00     188      0        83.8     83.41      84.40       0.910      0.708      0.85           3          564        0.12     2.52       0.76       202.2      270.7      -68.5      0.926     c3:33.35; c2:4.11
97  H1168TS003_2       003     MULTICOM_human       0.897    0.902    3        A1B1C1   C1        3        0.00     188      0        82.3     80.72      84.40       0.908      0.702      0.82           3          564        0.12     2.58       0.79       79.2       163.2      -84.0      0.922     c3:33.23; c2:3.99
98  H1168TS086_3       086s    MULTICOM_qa          0.897    0.903    3        A1B1C1   C1        3        0.00     189      0        83.1     83.32      83.86       0.909      0.710      0.82           3          564        0.11     2.44       0.70       158.0      172.1      -14.1      0.929     c3:33.22; c2:4.07
99  H1168TS086_5       086s    MULTICOM_qa          0.897    0.902    3        A1B1C1   C1        3        0.00     188      0        82.3     80.72      84.40       0.908      0.702      0.82           3          564        0.12     2.58       0.79       79.2       163.2      -84.0      0.922     c3:33.23; c2:3.99
100 H1168TS011_1       011s    GinobiFold-SER       0.897    0.905    3        A1B1C1   C1        3        0.00     188      0        83.8     83.41      84.40       0.910      0.708      0.85           3          564        0.12     2.52       0.76       202.2      270.7      -68.5      0.926     c3:33.35; c2:4.11
101 H1168TS003_4       003     MULTICOM_human       0.897    0.902    3        A1B1C1   C1        3        0.00     190      0        82.8     82.08      83.86       0.907      0.695      0.83           3          564        0.13     2.67       0.78       216.2      260.7      -44.5      0.917     c3:33.22; c2:3.93
102 H1168TS225_4       225     ShanghaiTech         0.897    0.901    3        A1B1C1   C1        3        0.00     189      0        81.4     78.63      84.39       0.897      0.614      0.85           2          436        0.06     3.29       0.90       339.0      267.3      71.7       0.833     c3:33.47; c2:3.07
103 H1168TS158_4       158s    MULTICOM_deep        0.897    0.902    3        A1B1C1   C1        3        0.00     190      0        82.8     82.08      83.86       0.907      0.695      0.83           3          564        0.13     2.67       0.78       216.2      260.7      -44.5      0.917     c3:33.22; c2:3.93
104 H1168TS158_3       158s    MULTICOM_deep        0.897    0.903    3        A1B1C1   C1        3        0.00     189      0        83.1     83.32      83.86       0.909      0.710      0.82           3          564        0.11     2.44       0.70       158.0      172.1      -14.1      0.929     c3:33.22; c2:4.07
105 H1168TS003_1       003     MULTICOM_human       0.896    0.902    3        A1B1C1   C1        3        0.00     187      0        83.1     83.93      83.32       0.908      0.705      0.83           3          564        0.11     2.47       0.69       180.9      195.2      -14.3      0.927     c3:33.23; c2:4.05
106 H1168TS086_1       086s    MULTICOM_qa          0.896    0.902    3        A1B1C1   C1        3        0.00     187      0        83.1     83.93      83.32       0.908      0.705      0.83           3          564        0.11     2.47       0.69       180.9      195.2      -14.3      0.927     c3:33.23; c2:4.05
107 H1168TS133_1       133s    ShanghaiTech-TS-SER  0.896    0.903    3        A1B1C1   C1        3        0.00     184      0        82.0     82.17      82.29       0.906      0.714      0.81           3          564        0.11     2.38       0.68       120.9      245.8      -124.9     0.933     c3:33.36; c2:4.06
108 H1168TS054_4       054     UltraFold            0.896    0.901    3        A1B1C1   C1        3        0.00     185      0        82.4     82.14      83.32       0.905      0.689      0.82           3          564        0.13     2.65       0.84       223.1      203.9      19.2       0.916     c3:33.27; c2:3.86
109 H1168TS180_3       180     McGuffin             0.896    0.903    3        A1B1C1   C1        3        0.00     188      0        82.8     81.60      84.38       0.903      0.654      0.84           3          564        0.15     3.10       0.90       -80.9      34.7       -115.7     0.891     c3:33.37; c2:3.83
110 H1168TS158_1       158s    MULTICOM_deep        0.896    0.902    3        A1B1C1   C1        3        0.00     187      0        83.1     83.93      83.32       0.908      0.705      0.83           3          564        0.11     2.47       0.69       180.9      195.2      -14.3      0.927     c3:33.23; c2:4.05
111 H1168TS125_4       125s    UltraFold_Server     0.896    0.901    3        A1B1C1   C1        3        0.00     185      0        82.4     82.14      83.32       0.905      0.689      0.82           3          564        0.13     2.65       0.84       223.1      203.9      19.2       0.916     c3:33.27; c2:3.86
112 H1168TS462_4       462s    MultiFOLD            0.896    0.901    3        A1B1C1   C1        3        0.00     183      0        82.3     82.15      82.83       0.891      0.637      0.85           3          564        0.15     3.57       1.07       -139.2     32.7       -171.9     0.896     c3:33.22; c2:3.96
113 H1168TS399_4       399     BeijingAIProtein     0.896    0.901    3        A1B1C1   C1        3        0.00     185      0        82.4     82.14      83.32       0.905      0.689      0.82           3          564        0.13     2.65       0.84       223.1      203.9      19.2       0.916     c3:33.27; c2:3.86
114 H1168TS227_1       227     GinobiFold           0.896    0.903    3        A1B1C1   C1        3        0.00     184      0        82.0     82.17      82.29       0.906      0.714      0.81           3          564        0.11     2.38       0.68       120.9      245.8      -124.9     0.933     c3:33.36; c2:4.06
115 H1168TS462_1       462s    MultiFOLD            0.896    0.902    3        A1B1C1   C1        3        0.00     184      0        83.1     82.21      84.40       0.902      0.663      0.86           3          564        0.14     2.92       0.96       65.8       112.8      -47.0      0.901     c3:33.46; c2:3.92
116 H1168TS180_2       180     McGuffin             0.896    0.901    3        A1B1C1   C1        3        0.00     186      0        84.4     84.76      84.38       0.904      0.664      0.86           3          564        0.14     3.03       0.86       94.1       122.2      -28.1      0.895     c3:33.44; c2:3.82
117 H1168TS071_5       071s    RaptorX-Multimer     0.896    0.899    3        A1B1C1   C1        3        0.00     194      0        81.0     79.70      82.76       0.888      0.674      0.80           3          564        0.11     3.00       1.07       23.9       320.1      -296.2     0.941     c3:33.19; c2:4.82
118 H1168TS125_3       125s    UltraFold_Server     0.895    0.900    3        A1B1C1   C1        3        0.00     187      0        82.5     81.42      83.86       0.908      0.715      0.83           3          564        0.11     2.31       0.85       165.5      216.2      -50.7      0.935     c3:33.25; c2:4.19
119 H1168TS054_3       054     UltraFold            0.895    0.900    3        A1B1C1   C1        3        0.00     187      0        82.5     81.42      83.86       0.908      0.715      0.83           3          564        0.11     2.31       0.85       165.5      216.2      -50.7      0.935     c3:33.25; c2:4.19
120 H1168TS367_1       367     MULTICOM             0.895    0.901    3        A1B1C1   C1        3        0.00     188      0        82.5     82.06      83.90       0.907      0.689      0.81           3          564        0.13     2.79       0.75       126.8      183.9      -57.1      0.908     c3:33.23; c2:3.82
121 H1168TS071_4       071s    RaptorX-Multimer     0.895    0.898    3        A1B1C1   C1        3        0.00     193      0        81.9     80.84      83.35       0.898      0.703      0.82           3          564        0.11     2.23       1.10       242.4      431.8      -189.5     0.941     c3:33.31; c2:4.59
122 H1168TS180_4       180     McGuffin             0.895    0.900    3        A1B1C1   C1        3        0.00     180      0        83.5     84.54      82.83       0.903      0.655      0.85           3          564        0.15     3.04       0.89       136.7      127.4      9.3        0.895     c3:33.40; c2:3.83
123 H1168TS399_3       399     BeijingAIProtein     0.895    0.900    3        A1B1C1   C1        3        0.00     187      0        82.5     81.42      83.86       0.908      0.715      0.83           3          564        0.11     2.31       0.85       165.5      216.2      -50.7      0.935     c3:33.25; c2:4.19
124 H1168TS374_3       374     Zheng                0.895    0.901    3        A1B1C1   C1        3        0.00     179      0        80.9     79.39      82.81       0.898      0.613      0.82           3          564        0.20     3.93       0.86       345.7      168.5      177.2      0.844     c3:33.44; c2:3.21
125 H1168TS367_5       367     MULTICOM             0.895    0.902    3        A1B1C1   C1        3        0.00     188      0        83.8     83.49      84.92       0.907      0.686      0.84           3          564        0.14     2.87       0.78       137.0      225.6      -88.6      0.904     c3:33.23; c2:3.77
126 H1168TS288_1       288s    DFolding-server      0.895    0.898    3        A1B1C1   C2        2        3.28     185      0        83.8     83.53      84.44       0.902      0.619      0.85           3          564        0.19     3.88       1.06       258.5      75.6       182.9      0.848     c3:33.35; c2:3.20
127 H1168TS399_2       399     BeijingAIProtein     0.894    0.898    3        A1B1C1   C1        3        0.00     188      0        81.2     80.43      82.78       0.906      0.693      0.80           3          564        0.12     2.39       0.92       131.2      114.9      16.4       0.931     c3:33.27; c2:4.15
128 H1168TS180_1       180     McGuffin             0.894    0.899    3        A1B1C1   C1        3        0.00     184      0        82.4     82.28      82.81       0.902      0.642      0.83           3          564        0.16     3.25       0.93       91.8       117.5      -25.7      0.882     c3:33.40; c2:3.73
129 H1168TS125_2       125s    UltraFold_Server     0.894    0.898    3        A1B1C1   C1        3        0.00     188      0        81.2     80.43      82.78       0.906      0.693      0.80           3          564        0.12     2.39       0.92       131.2      114.9      16.4       0.931     c3:33.27; c2:4.15
130 H1168TS367_2       367     MULTICOM             0.894    0.901    3        A1B1C1   C1        3        0.00     187      0        82.6     80.89      84.92       0.907      0.689      0.82           3          564        0.14     2.81       0.79       115.2      226.6      -111.4     0.907     c3:33.23; c2:3.80
131 H1168TS054_2       054     UltraFold            0.894    0.898    3        A1B1C1   C1        3        0.00     188      0        81.2     80.43      82.78       0.906      0.693      0.80           3          564        0.12     2.39       0.92       131.2      114.9      16.4       0.931     c3:33.27; c2:4.15
132 H1168TS477_1       477     DMP                  0.894    0.898    3        A1B1C1   C1        3        0.00     192      0        81.6     81.22      82.82       0.897      0.667      0.81           3          564        0.12     2.56       1.15       56.4       217.0      -160.6     0.925     c3:33.39; c2:4.46
133 H1168TS423_1       423     trComplex            0.893    0.904    3        A1B1C1   C1        3        0.00     186      0        82.9     81.86      84.38       0.908      0.678      0.85           3          564        0.13     2.90       0.85       170.7      145.5      25.2       0.904     c3:33.34; c2:3.90
134 H1168TS187_1       187     TRFold               0.893    0.904    3        A1B1C1   C1        3        0.00     186      0        82.9     81.86      84.38       0.908      0.678      0.85           3          564        0.13     2.90       0.85       170.7      145.5      25.2       0.904     c3:33.34; c2:3.90
135 H1168TS291_1       291     Kozakov-Vajda        0.893    0.899    3        A1B1C1   C1        3        0.00     192      0        80.3     79.37      82.24       0.889      0.683      0.79           2          404        0.08     7.28       0.89       -793.5     -294.7     -498.8     0.923     c3:33.27; c2:3.98
136 H1168TS350_1       350     ClusPro              0.893    0.899    3        A1B1C1   C1        3        0.00     192      0        80.3     79.37      82.24       0.889      0.683      0.79           2          404        0.08     7.28       0.89       -793.5     -294.7     -498.8     0.923     c3:33.27; c2:3.98
137 H1168TS462_5       462s    MultiFOLD            0.893    0.898    3        A1B1C1   C1        3        0.00     181      0        82.7     82.96      82.83       0.888      0.633      0.85           3          564        0.15     3.56       1.11       67.4       144.0      -76.6      0.897     c3:33.22; c2:3.93
138 H1168TS125_1       125s    UltraFold_Server     0.892    0.896    3        A1B1C1   C2        2        2.88     186      0        80.9     79.26      82.82       0.894      0.600      0.84           2          436        0.07     3.76       0.99       424.5      206.7      217.9      0.814     c3:33.53; c2:2.89
139 H1168TS399_1       399     BeijingAIProtein     0.892    0.896    3        A1B1C1   C2        2        2.88     186      0        80.9     79.26      82.82       0.894      0.600      0.84           2          436        0.07     3.76       0.99       424.5      206.7      217.9      0.814     c3:33.53; c2:2.89
140 H1168TS054_1       054     UltraFold            0.892    0.896    3        A1B1C1   C2        2        2.88     186      0        80.9     79.26      82.82       0.894      0.600      0.84           2          436        0.07     3.76       0.99       424.5      206.7      217.9      0.814     c3:33.53; c2:2.89
141 H1168TS131_5       131s    Kiharalab_Server     0.892    0.899    3        A1B1C1   C1        3        0.00     189      0        82.6     82.35      83.31       0.916      0.778      0.82           3          564        0.03     1.26       0.65       -130.0     79.2       -209.2     0.980     c3:33.10; c2:5.61
142 H1168TS035_2       035s    Manifold-E           0.891    0.894    3        A1B1C1   C2        2        3.09     190      0        81.1     83.40      79.01       0.873      0.634      0.86           3          564        0.16     3.84       1.07       663.2      896.7      -233.5     0.868     c3:33.15; c2:3.24
143 H1168TS248_2       248     Manifold             0.891    0.894    3        A1B1C1   C2        2        3.09     190      0        81.1     83.40      79.01       0.873      0.634      0.86           3          564        0.16     3.84       1.07       663.2      896.7      -233.5     0.868     c3:33.15; c2:3.24
144 H1168TS374_2       374     Zheng                0.891    0.899    3        A1B1C1   C1        3        0.00     195      0        82.9     82.70      83.86       0.910      0.712      0.84           3          564        0.11     2.24       0.90       104.0      163.6      -59.5      0.939     c3:33.28; c2:4.36
145 H1168TS071_1       071s    RaptorX-Multimer     0.890    0.893    3        A1B1C1   C1        3        0.00     192      0        81.6     80.43      83.30       0.898      0.670      0.82           3          564        0.13     2.54       1.19       184.7      414.6      -229.9     0.924     c3:33.33; c2:4.36
146 H1168TS158_5       158s    MULTICOM_deep        0.889    0.901    3        A1B1C1   C1        3        0.00     183      0        82.3     81.62      83.36       0.908      0.708      0.84           3          564        0.11     2.39       0.79       188.2      261.4      -73.2      0.933     c3:33.37; c2:4.29
147 H1168TS037_1       037     Wallner              0.889    0.894    3        A1B1C1   C2        2        2.97     186      1        81.9     80.50      83.90       0.885      0.597      0.80           2          436        0.07     3.27       1.01       261.2      266.1      -4.9       0.831     c3:33.41; c2:3.15
148 H1168TS086_2       086s    MULTICOM_qa          0.889    0.901    3        A1B1C1   C1        3        0.00     183      0        82.3     81.62      83.36       0.908      0.708      0.84           3          564        0.11     2.39       0.79       188.2      261.4      -73.2      0.933     c3:33.37; c2:4.29
149 H1168TS035_3       035s    Manifold-E           0.888    0.892    3        A1B1C1   C1        3        0.00     190      0        80.3     81.87      79.59       0.892      0.631      0.82           3          564        0.15     3.21       1.00       706.0      1123.9     -417.9     0.887     c3:33.32; c2:3.54
150 H1168TS248_3       248     Manifold             0.888    0.892    3        A1B1C1   C1        3        0.00     190      0        80.3     81.87      79.59       0.892      0.631      0.82           3          564        0.15     3.21       1.00       706.0      1123.9     -417.9     0.887     c3:33.32; c2:3.54
151 H1168TS011_2       011s    GinobiFold-SER       0.887    0.893    3        A1B1C1   C1        3        0.00     192      0        80.6     78.65      82.83       0.903      0.692      0.81           3          564        0.11     2.34       1.15       49.4       161.0      -111.7     0.935     c3:33.36; c2:4.19
152 H1168TS444_2       444     CoDock               0.887    0.891    3        A1B1C1   C1        3        0.00     177      0        82.3     82.17      82.82       0.880      0.729      0.85           3          564        0.10     2.09       0.81       343.0      497.1      -154.1     0.945     c3:33.32; c2:4.33
153 H1168TS434_2       434     Coqualia             0.887    0.893    3        A1B1C1   C1        3        0.00     192      0        80.6     78.65      82.83       0.903      0.692      0.81           3          564        0.11     2.34       1.15       49.4       161.0      -111.7     0.935     c3:33.36; c2:4.19
154 H1168TS248_1       248     Manifold             0.887    0.890    3        A1B1C1   C1        3        0.00     180      0        77.6     80.12      75.81       0.875      0.635      0.81           3          564        0.09     3.03       0.68       796.8      980.4      -183.6     0.952     c3:33.11; c2:5.64
155 H1168TS314_5       314     Pierce               0.887    0.891    3        A1B1C1   C1        3        0.00     197      1        77.8     77.80      78.53       0.889      0.723      0.80           3          564        0.04     1.76       0.68       197.3      175.0      22.2       0.959     c3:33.22; c2:4.27
156 H1168TS035_1       035s    Manifold-E           0.887    0.890    3        A1B1C1   C1        3        0.00     180      0        77.6     80.12      75.81       0.875      0.635      0.81           3          564        0.09     3.03       0.68       796.8      980.4      -183.6     0.952     c3:33.11; c2:5.64
157 H1168TS423_4       423     trComplex            0.886    0.897    3        A1B1C1   C1        3        0.00     191      0        82.6     80.98      84.38       0.910      0.748      0.84           3          564        0.07     1.80       1.13       -31.1      30.9       -62.0      0.960     c3:33.25; c2:4.76
158 H1168TS187_3       187     TRFold               0.886    0.897    3        A1B1C1   C1        3        0.00     191      0        82.6     80.98      84.38       0.910      0.748      0.84           3          564        0.07     1.80       1.13       -31.1      30.9       -62.0      0.960     c3:33.25; c2:4.76
159 H1168TS239_5       239s    Yang-Multimer        0.882    0.894    3        A1B1C1   C1        3        0.00     194      0        79.2     79.01      79.61       0.876      0.689      0.84           3          564        0.10     2.28       1.18       -94.7      -1241.8    1147.1     0.937     c3:33.34; c2:4.13
160 H1168TS439_5       439     Yang                 0.882    0.894    3        A1B1C1   C1        3        0.00     194      0        79.2     79.01      79.61       0.876      0.689      0.84           3          564        0.10     2.28       1.18       -94.7      -1241.8    1147.1     0.937     c3:33.34; c2:4.13
161 H1168TS227_2       227     GinobiFold           0.881    0.889    3        A1B1C1   C1        3        0.00     190      0        80.2     78.81      81.75       0.904      0.698      0.82           3          564        0.11     2.41       1.16       97.6       214.4      -116.8     0.931     c3:33.36; c2:3.95
162 H1168TS133_2       133s    ShanghaiTech-TS-SER  0.881    0.889    3        A1B1C1   C1        3        0.00     190      0        80.2     78.81      81.75       0.904      0.698      0.82           3          564        0.11     2.41       1.16       97.6       214.4      -116.8     0.931     c3:33.36; c2:3.95
163 H1168TS494_2       494     Venclovas            0.880    0.887    3        A1B1C1   C1        3        0.00     195      0        82.3     82.83      81.74       0.895      0.696      0.84           3          559        0.10     2.89       0.49       217.0      431.0      -213.9     0.895     c3:29.36; c2:3.60
164 H1168TS312_5       312     Fernandez-Recio      0.872    0.877    3        A1B1C1   C1        3        0.00     174      0        78.5     80.42      76.90       0.884      0.705      0.80           3          564        0.12     2.61       0.66       381.4      470.0      -88.6      0.920     c3:32.78; c2:4.24
165 H1168TS150_4       150     Grudinin             0.870    0.873    3        A1B1C1   C1        3        0.00     160      1        71.7     87.53      70.41       0.894      0.509      0.71           3          564        0.13     2.95       1.33       931.3      550.9      380.4      0.896     c3:34.37; c2:4.13
166 H1168TS493_2       493     Shen-CAPRI           0.869    0.871    3        A1B1C1   C1        3        0.00     193      3        75.7     73.45      80.13       0.836      0.584      0.78           1          128        0.00     1.92       1.34       -974.0     -1050.4    76.4       0.896     c3:31.54; c2:5.84
167 H1168TS257_4       257     WL_team              0.867    0.867    3        A1B1C1   C1        3        0.00     174      0        79.5     82.50      76.88       0.784      0.730      0.81           3          564        0.01     1.78       0.63       1742.1     687.8      1054.3     0.965     c3:33.36; c2:5.52
168 H1168TS257_5       257     WL_team              0.862    0.862    3        A1B1C1   C1        3        0.00     176      0        78.1     79.88      76.34       0.787      0.660      0.80           3          564        0.09     2.89       0.79       1183.5     572.5      611.1      0.939     c3:33.25; c2:5.55
169 H1168TS444_4       444     CoDock               0.861    0.864    3        A1B1C1   C1        3        0.00     199      0        80.0     77.63      82.81       0.865      0.519      0.83           2          436        0.07     3.66       1.80       377.2      575.1      -198.0     0.770     c3:33.03; c2:2.97
170 H1168TS073_4       073s    DFolding-refine      0.860    0.860    3        A1B1C1   C1        3        0.00     154      1        72.8     78.84      69.36       0.797      0.579      0.79           3          564        0.03     2.74       1.08       57.8       -1730.9    1788.7     0.920     c3:33.75; c2:5.76
171 H1168TS091_2       091     UNRES                0.858    0.858    3        A1B1C1   C1        3        0.00     148      0        68.8     75.24      64.02       0.777      0.660      0.74           3          564        0.11     2.35       1.09       2126.7     1160.6     966.1      0.935     c3:32.35; c2:4.93
172 H1168TS257_1       257     WL_team              0.857    0.862    3        A1B1C1   C1        3        0.00     165      1        75.3     78.58      72.61       0.768      0.634      0.76           3          564        0.08     2.58       1.06       1623.2     1067.0     556.1      0.927     c3:33.65; c2:5.39
173 H1168TS312_1       312     Fernandez-Recio      0.855    0.859    3        A1B1C1   C1        3        0.00     174      0        77.6     80.32      75.28       0.880      0.682      0.78           3          564        0.11     2.34       1.15       363.9      482.7      -118.8     0.933     c3:32.95; c2:4.24
174 H1168TS494_4       494     Venclovas            0.852    0.852    3        A1B1C1   C1        3        0.00     194      1        77.5     79.42      75.85       0.866      0.685      0.81           3          564        0.02     2.21       1.06       817.8      669.6      148.2      0.959     c3:32.69; c2:5.68
175 H1168TS091_1       091     UNRES                0.852    0.852    3        A1B1C1   C1        3        0.00     165      0        67.0     72.77      62.34       0.756      0.624      0.76           3          564        0.13     2.67       1.14       1931.0     1103.9     827.1      0.918     c3:32.48; c2:5.02
176 H1168TS248_4       248     Manifold             0.851    0.860    3        A1B1C1   C1        3        0.00     164      0        72.9     78.90      68.85       0.886      0.535      0.77           3          564        0.05     3.14       1.17       595.9      915.1      -319.2     0.906     c3:33.38; c2:4.69
177 H1168TS035_4       035s    Manifold-E           0.851    0.860    3        A1B1C1   C1        3        0.00     164      0        72.9     78.90      68.85       0.886      0.535      0.77           3          564        0.05     3.14       1.17       595.9      915.1      -319.2     0.906     c3:33.38; c2:4.69
178 H1168TS091_5       091     UNRES                0.850    0.850    3        A1B1C1   C1        3        0.00     157      0        65.7     67.16      64.52       0.764      0.659      0.76           3          564        0.07     2.16       1.28       2324.4     1249.2     1075.3     0.942     c3:32.49; c2:4.97
179 H1168TS444_5       444     CoDock               0.848    0.852    3        A1B1C1   C1        3        0.00     182      0        77.6     76.89      78.48       0.850      0.535      0.81           3          564        0.12     4.51       1.50       234.5      390.5      -155.9     0.812     c3:32.97; c2:2.99
180 H1168TS312_3       312     Fernandez-Recio      0.844    0.853    3        A1B1C1   C1        3        0.00     201      1        75.2     74.20      76.38       0.875      0.697      0.77           3          564        0.11     2.37       0.78       270.8      458.4      -187.6     0.931     c3:33.14; c2:3.89
181 H1168TS091_4       091     UNRES                0.841    0.841    3        A1B1C1   C1        3        0.00     150      0        61.6     69.03      55.90       0.753      0.536      0.70           3          564        0.14     3.02       1.44       2401.6     1330.4     1071.2     0.896     c3:32.66; c2:4.97
182 H1168TS444_3       444     CoDock               0.841    0.844    3        A1B1C1   C1        3        0.00     195      0        76.7     74.07      79.58       0.864      0.644      0.81           3          564        0.03     2.50       1.41       -315.7     145.0      -460.7     0.925     c3:32.42; c2:4.32
183 H1168TS257_3       257     WL_team              0.839    0.849    3        A1B1C1   C1        3        0.00     173      1        71.4     75.93      68.80       0.773      0.640      0.76           3          564        0.03     1.99       0.98       1440.7     814.5      626.2      0.952     c3:33.52; c2:5.50
184 H1168TS444_1       444     CoDock               0.838    0.840    3        A1B1C1   C2        2        3.02     196      1        79.0     76.34      82.28       0.858      0.561      0.85           3          564        0.16     4.27       1.54       74.1       363.8      -289.7     0.820     c3:32.63; c2:2.98
185 H1168TS205_1       205     Zou                  0.836    0.840    3        A1B1C1   C1        3        0.00     183      0        73.1     73.66      73.12       0.819      0.591      0.74           3          564        0.03     3.17       1.37       856.4      166.0      690.4      0.895     c3:33.99; c2:4.53
186 H1168TS257_2       257     WL_team              0.832    0.840    3        A1B1C1   C1        3        0.00     170      0        71.9     74.09      70.42       0.761      0.580      0.78           3          564        0.11     3.11       0.80       1521.4     851.8      669.6      0.899     c3:33.85; c2:5.13
187 H1168TS288_4       288s    DFolding-server      0.825    0.834    3        A1B1C1   C1        3        0.00     159      0        73.5     87.34      72.01       0.890      0.461      0.73           3          564        0.15     3.61       1.88       823.6      210.7      613.0      0.856     c3:34.40; c2:3.39
188 H1168TS073_1       073s    DFolding-refine      0.824    0.825    3        A1B1C1   C1        3        0.00     169      0        71.8     71.86      72.56       0.792      0.686      0.76           3          564        0.04     2.00       0.93       -302.9     -1630.1    1327.2     0.954     c3:34.01; c2:6.28
189 H1168TS187_4       187     TRFold               0.809    0.817    3        A1B1C1   C1        3        0.00     149      0        71.0     86.05      69.32       0.886      0.419      0.70           3          564        0.16     3.94       2.05       1129.6     390.5      739.1      0.839     c3:34.78; c2:3.49
190 H1168TS423_5       423     trComplex            0.809    0.817    3        A1B1C1   C1        3        0.00     149      0        71.0     86.05      69.32       0.886      0.419      0.70           3          564        0.16     3.94       2.05       1129.6     390.5      739.1      0.839     c3:34.78; c2:3.49
191 H1168TS447_1       447     DELCLAB              0.805    0.811    3        A1B1C1   C1        3        0.00     225      0        70.9     64.60      79.05       0.823      0.502      0.72           2          404        0.05     6.16       2.12       -1759.6    -1905.2    145.6      0.819     c3:33.01; c2:2.90
192 H1168TS447_3       447     DELCLAB              0.722    0.728    3        A1B1C1   C2        2        2.94     191      0        60.6     56.34      66.69       0.813      0.383      0.64           2          404        0.05     6.17       2.80       -1481.3    -1882.3    401.0      0.807     c3:33.20; c2:2.89
193 H1168TS447_4       447     DELCLAB              0.715    0.721    3        A1B1C1   C1        3        0.00     205      1        62.7     62.11      66.68       0.815      0.334      0.67           2          404        0.05     6.19       2.85       -1506.3    -1791.1    284.8      0.747     c3:33.22; c2:2.94
194 H1168TS150_3       150     Grudinin             0.708    0.710    3        A1B1C1   C1        3        0.00     182      0        64.5     62.04      67.21       0.887      0.339      0.71           2          436        0.03     1.07       0.87       501.5      395.9      105.7      0.817     c3:33.98; c2:5.05
195 H1168TS288_3       288s    DFolding-server      0.705    0.708    3        A1B1C1   C1        3        0.00     146      0        64.6     64.58      65.58       0.883      0.317      0.67           2          436        0.03     1.55       1.26       1070.7     466.8      603.9      0.813     c3:34.53; c2:4.50
196 H1168TS447_2       447     DELCLAB              0.696    0.701    3        A1B1C1   C2        2        2.93     195      0        58.9     56.51      63.43       0.813      0.329      0.65           2          404        0.05     6.16       2.77       -1346.3    -1758.1    411.8      0.765     c3:33.24; c2:2.88
197 H1168TS119_4       119     Kiharalab            0.675    0.680    3        A1B1C1   C1        3        0.00     172      1        67.1     80.37      67.73       0.895      0.338      0.66           2          436        0.01     0.72       0.58       201.1      185.3      15.7       0.811     c3:34.05; c2:6.16
198 H1168TS447_5       447     DELCLAB              0.670    0.676    3        A1B1C1   C2        2        2.95     202      0        60.8     58.06      65.07       0.813      0.312      0.64           2          404        0.05     6.16       2.73       -1510.0    -1777.2    267.2      0.742     c3:32.78; c2:2.88
199 H1168TS278_4       278     PEZYFoldings         0.667    0.670    3        A1B1C1   C1        3        0.00     157      0        62.5     69.76      63.43       0.877      0.245      0.62           2          436        0.06     3.31       2.54       979.1      463.7      515.4      0.721     c3:34.65; c2:3.02
200 H1168TS215_5       215s    XRC_VU               0.666    0.672    3        A1B1C1   C1        3        0.00     144      0        56.9     56.19      57.56       0.839      0.262      0.59           2          436        0.02     1.35       1.45       2171.9     1255.1     916.8      0.756     c3:24.67; c2:5.15
201 H1168TS288_5       288s    DFolding-server      0.666    0.674    3        A1B1C1   C1        3        0.00     154      0        63.5     62.32      65.04       0.886      0.320      0.64           2          436        0.02     1.08       0.88       890.8      409.4      481.4      0.802     c3:34.64; c2:5.09
202 H1168TS348_3       348     Takeda-Shitaka_Lab   0.665    0.667    3        A1B1C1   C1        3        0.00     173      0        63.7     64.50      65.60       0.888      0.324      0.64           2          436        0.02     1.07       0.89       584.4      244.0      340.4      0.806     c3:34.18; c2:5.05
203 H1168TS187_5       187     TRFold               0.661    0.663    3        A1B1C1   C1        3        0.00     174      0        62.8     60.79      65.05       0.887      0.310      0.64           2          436        0.03     1.33       1.08       512.9      221.7      291.1      0.806     c3:33.96; c2:4.76
204 H1168TS150_5       150     Grudinin             0.659    0.661    3        A1B1C1   C1        3        0.00     174      0        63.2     61.35      65.58       0.886      0.316      0.69           2          436        0.03     1.28       1.05       442.0      278.5      163.5      0.804     c3:33.91; c2:4.83
205 H1168TS205_3       205     Zou                  0.657    0.659    3        A1B1C1   C1        3        0.00     168      0        63.1     63.78      65.05       0.882      0.323      0.62           2          436        0.02     1.13       0.94       442.2      89.8       352.5      0.804     c3:34.07; c2:5.00
206 H1168TS461_5       461     colabfold_human      0.651    0.653    3        A1B1C1   C1        3        0.00     170      0        63.9     62.22      66.13       0.877      0.252      0.70           2          436        0.06     3.50       2.63       564.0      315.6      248.4      0.718     c3:33.82; c2:2.89
207 H1168TS446_5       446s    ColabFold            0.651    0.653    3        A1B1C1   C1        3        0.00     170      0        63.9     62.22      66.13       0.877      0.252      0.70           2          436        0.06     3.50       2.63       564.0      315.6      248.4      0.718     c3:33.82; c2:2.89
208 H1168TS067_1       067     ESM-single-sequence  0.650    0.757    3        A1B1C1   C1        3        0.00     152      0        56.0     54.56      57.56       0.707      0.253      0.56           2          436        0.02     1.64       1.42       326.1      4.5        321.6      0.747     c3:25.12; c2:4.71
209 H1168TS215_4       215s    XRC_VU               0.649    0.655    3        A1B1C1   C1        3        0.00     149      0        56.4     55.37      57.56       0.824      0.217      0.57           2          436        0.04     2.92       2.41       2104.9     1180.9     924.0      0.696     c3:22.76; c2:3.42
210 H1168TS037_2       037     Wallner              0.648    0.651    3        A1B1C1   C1        3        0.00     175      0        63.0     60.12      66.15       0.883      0.298      0.65           2          436        0.04     1.71       1.35       412.8      212.6      200.2      0.792     c3:33.75; c2:4.37
211 H1168TS073_5       073s    DFolding-refine      0.645    0.654    3        A1B1C1   C1        3        0.00     136      0        56.2     66.30      56.44       0.773      0.276      0.56           2          436        0.01     1.57       1.36       950.9      -973.3     1924.2     0.789     c3:35.08; c2:5.88
212 H1168TS185_5       185     BAKER                0.644    0.648    3        A1B1C1   C1        3        0.00     171      0        62.0     61.27      62.92       0.873      0.316      0.65           2          436        0.02     1.25       1.12       1251.5     1210.3     41.1       0.809     c3:33.62; c2:4.93
213 H1168TS441_3       441     OpenFold             0.642    0.648    3        A1B1C1   C1        3        0.00     145      0        54.5     53.67      55.37       0.834      0.280      0.53           2          436        0.01     1.22       1.43       1467.1     961.0      506.1      0.786     c3:31.30; c2:5.16
214 H1168TS433_3       433     OpenFold-SingleSeq   0.642    0.648    3        A1B1C1   C1        3        0.00     145      0        54.5     53.67      55.37       0.834      0.280      0.53           2          436        0.01     1.22       1.43       1467.1     961.0      506.1      0.786     c3:31.30; c2:5.16
215 H1168TS067_2       067     ESM-single-sequence  0.640    0.744    3        A1B1C1   C1        3        0.00     153      0        55.7     53.19      58.58       0.707      0.268      0.58           2          436        0.01     1.28       1.19       1168.4     318.5      849.9      0.757     c3:27.19; c2:5.20
216 H1168TS073_3       073s    DFolding-refine      0.639    0.650    3        A1B1C1   C1        3        0.00     175      0        56.9     54.39      59.70       0.768      0.270      0.64           2          436        0.02     2.66       2.03       121.3      -1778.6    1900.0     0.752     c3:34.73; c2:3.86
217 H1168TS398_4       398     ChaePred             0.638    0.640    3        A1B1C1   C1        3        0.00     209      0        65.9     63.33      69.36       0.870      0.337      0.73           2          436        0.04     1.74       1.38       -184.4     -71.0      -113.3     0.793     c3:32.70; c2:4.28
218 H1168TS215_2       215s    XRC_VU               0.636    0.641    3        A1B1C1   C1        3        0.00     153      0        56.5     53.74      59.68       0.836      0.214      0.59           2          436        0.05     3.24       2.65       1931.3     1019.6     911.7      0.683     c3:24.39; c2:3.24
219 H1168TS350_2       350     ClusPro              0.633    0.637    3        A1B1C1   C1        3        0.00     170      0        59.8     57.21      62.95       0.847      0.325      0.64           1          128        0.00     3.97       1.21       -435.8     -318.5     -117.3     0.820     c3:33.41; c2:5.09
220 H1168TS291_2       291     Kozakov-Vajda        0.633    0.637    3        A1B1C1   C1        3        0.00     170      0        59.8     57.21      62.95       0.847      0.325      0.64           1          128        0.00     3.97       1.21       -435.8     -318.5     -117.3     0.820     c3:33.41; c2:5.09
221 H1168TS215_3       215s    XRC_VU               0.632    0.651    3        A1B1C1   C1        3        0.00     158      0        55.5     51.07      60.77       0.838      0.230      0.58           2          436        0.04     2.62       2.13       1402.2     709.0      693.2      0.709     c3:22.69; c2:3.73
222 H1168TS433_2       433     OpenFold-SingleSeq   0.632    0.639    3        A1B1C1   C1        3        0.00     143      0        55.6     54.76      56.47       0.834      0.277      0.55           2          436        0.01     1.15       1.25       1468.8     1056.9     411.8      0.770     c3:27.97; c2:5.27
223 H1168TS441_2       441     OpenFold             0.632    0.639    3        A1B1C1   C1        3        0.00     143      0        55.6     54.76      56.47       0.834      0.277      0.55           2          436        0.01     1.15       1.25       1468.8     1056.9     411.8      0.770     c3:27.97; c2:5.27
224 H1168TS035_5       035s    Manifold-E           0.630    0.635    3        A1B1C1   C1        3        0.00     164      0        60.0     60.73      59.12       0.855      0.298      0.66           2          436        0.03     1.49       1.23       1335.6     1111.9     223.8      0.796     c3:33.76; c2:4.61
225 H1168TS248_5       248     Manifold             0.630    0.635    3        A1B1C1   C1        3        0.00     164      0        60.0     60.73      59.12       0.855      0.298      0.66           2          436        0.03     1.49       1.23       1335.6     1111.9     223.8      0.796     c3:33.76; c2:4.61
226 H1168TS278_2       278     PEZYFoldings         0.626    0.626    3        A1B1C1   C1        3        0.00     202      1        65.7     64.10      67.76       0.881      0.384      0.73           2          436        0.01     0.74       0.50       -194.3     138.0      -332.3     0.823     c3:32.03; c2:5.84
227 H1168TS278_3       278     PEZYFoldings         0.607    0.608    3        A1B1C1   C1        3        0.00     210      1        62.9     62.01      63.96       0.872      0.250      0.70           2          436        0.06     3.09       2.27       -146.0     119.2      -265.2     0.751     c3:31.41; c2:2.99
228 H1168TS398_2       398     ChaePred             0.601    0.603    3        A1B1C1   C1        3        0.00     213      2        62.1     58.92      66.13       0.857      0.316      0.62           2          436        0.04     1.74       1.38       -145.3     -37.5      -107.8     0.796     c3:31.93; c2:4.28
229 H1168TS205_4       205     Zou                  0.599    0.601    3        A1B1C1   C1        3        0.00     174      0        56.3     59.62      56.45       0.789      0.266      0.58           2          436        0.02     2.19       1.82       867.2      -21.4      888.6      0.774     c3:34.30; c2:4.21
230 H1168TS205_5       205     Zou                  0.596    0.598    3        A1B1C1   C1        3        0.00     188      0        62.2     60.15      64.52       0.877      0.267      0.66           2          436        0.03     2.51       1.93       96.6       -225.4     321.9      0.755     c3:32.85; c2:3.61
231 H1168TS441_4       441     OpenFold             0.596    0.601    3        A1B1C1   C1        3        0.00     160      0        55.6     54.76      56.47       0.831      0.259      0.55           2          436        0.02     1.50       1.56       1062.0     685.9      376.1      0.751     c3:22.15; c2:4.80
232 H1168TS433_4       433     OpenFold-SingleSeq   0.596    0.601    3        A1B1C1   C1        3        0.00     160      0        55.6     54.76      56.47       0.831      0.259      0.55           2          436        0.02     1.50       1.56       1062.0     685.9      376.1      0.751     c3:22.15; c2:4.80
233 H1168TS185_2       185     BAKER                0.591    0.596    3        A1B1C1   C1        3        0.00     172      0        58.4     57.71      59.15       0.866      0.294      0.59           2          436        0.02     1.32       1.30       939.7      1082.0     -142.2     0.807     c3:33.45; c2:4.88
234 H1168TS350_5       350     ClusPro              0.587    0.590    3        A1B1C1   C1        3        0.00     180      0        58.2     54.90      61.86       0.841      0.285      0.56           2          404        0.09     7.79       1.47       -732.5     -432.6     -299.9     0.808     c3:32.28; c2:4.57
235 H1168TS291_5       291     Kozakov-Vajda        0.587    0.590    3        A1B1C1   C1        3        0.00     180      0        58.2     54.90      61.86       0.841      0.285      0.56           2          404        0.09     7.79       1.47       -732.5     -432.6     -299.9     0.808     c3:32.28; c2:4.57
236 H1168TS185_4       185     BAKER                0.582    0.587    3        A1B1C1   C1        3        0.00     175      0        59.9     58.78      61.28       0.872      0.297      0.60           2          436        0.02     1.37       1.23       526.1      872.8      -346.7     0.805     c3:33.13; c2:4.75
237 H1168TS494_5       494     Venclovas            0.571    0.572    3        A1B1C1   C1        3        0.00     187      0        60.6     59.47      61.86       0.861      0.257      0.62           2          436        0.04     2.35       1.85       -490.2     -288.4     -201.8     0.760     c3:27.54; c2:3.84
238 H1168TS441_1       441     OpenFold             0.565    0.569    3        A1B1C1   C1        3        0.00     171      0        55.9     54.83      57.01       0.826      0.263      0.57           2          436        0.02     1.43       1.49       658.9      337.3      321.6      0.754     c3:22.10; c2:4.86
239 H1168TS433_1       433     OpenFold-SingleSeq   0.565    0.569    3        A1B1C1   C1        3        0.00     171      0        55.9     54.83      57.01       0.826      0.263      0.57           2          436        0.02     1.43       1.49       658.9      337.3      321.6      0.754     c3:22.10; c2:4.86
240 H1168TS350_4       350     ClusPro              0.564    0.583    3        A1B1C1   C1        3        0.00     187      0        59.1     56.19      62.34       0.835      0.264      0.58           2          404        0.09     7.54       1.64       -1090.7    -616.2     -474.5     0.760     c3:30.27; c2:4.26
241 H1168TS291_4       291     Kozakov-Vajda        0.564    0.583    3        A1B1C1   C1        3        0.00     187      0        59.1     56.19      62.34       0.835      0.264      0.58           2          404        0.09     7.54       1.64       -1090.7    -616.2     -474.5     0.760     c3:30.27; c2:4.26
242 H1168TS165_1       165     FTBiot0119           0.563    0.564    3        A1B1C1   C1        3        0.00     250      5        56.1     53.63      59.66       0.824      0.361      0.64           2          436        0.09     1.91       1.62       -661.7     -295.3     -366.4     0.839     c3:31.86; c2:4.31
243 H1168TS091_3       091     UNRES                0.559    0.559    3        A1B1C1   C1        3        0.00     156      0        45.9     52.60      40.86       0.742      0.251      0.63           2          436        0.04     1.86       1.77       2118.1     1430.1     688.0      0.792     c3:32.85; c2:5.06
244 H1168TS185_1       185     BAKER                0.555    0.559    3        A1B1C1   C1        3        0.00     154      0        58.2     62.06      54.81       0.853      0.252      0.58           2          436        0.04     2.50       2.30       893.7      878.9      14.8       0.771     c3:32.94; c2:3.87
245 H1168TS314_3       314     Pierce               0.555    0.559    3        A1B1C1   C1        3        0.00     234      3        61.6     60.39      63.45       0.867      0.309      0.69           2          436        0.03     1.34       1.11       -184.8     316.4      -501.2     0.812     c3:31.21; c2:4.77
246 H1168TS215_1       215s    XRC_VU               0.553    0.564    3        A1B1C1   C1        3        0.00     184      0        55.7     53.19      58.58       0.852      0.261      0.60           2          436        0.02     1.42       1.61       552.3      380.2      172.0      0.755     c3:21.56; c2:5.14
247 H1168TS185_3       185     BAKER                0.550    0.555    3        A1B1C1   C1        3        0.00     171      0        59.4     60.90      58.07       0.863      0.298      0.59           2          436        0.04     1.96       1.92       912.1      859.1      53.0       0.811     c3:32.59; c2:4.29
248 H1168TS205_2       205     Zou                  0.550    0.551    3        A1B1C1   C1        3        0.00     201      0        62.1     59.88      64.49       0.876      0.304      0.63           2          436        0.03     1.79       1.43       -332.3     -314.9     -17.4      0.798     c3:32.43; c2:4.26
249 H1168TS291_3       291     Kozakov-Vajda        0.546    0.566    3        A1B1C1   C1        3        0.00     192      0        58.9     55.78      62.34       0.836      0.285      0.59           2          404        0.08     7.78       1.46       -1168.6    -543.6     -625.0     0.788     c3:31.36; c2:4.57
250 H1168TS350_3       350     ClusPro              0.546    0.566    3        A1B1C1   C1        3        0.00     192      0        58.9     55.78      62.34       0.836      0.285      0.59           2          404        0.08     7.78       1.46       -1168.6    -543.6     -625.0     0.788     c3:31.36; c2:4.57
251 H1168TS314_4       314     Pierce               0.542    0.545    3        A1B1C1   C1        3        0.00     214      0        63.0     64.31      62.37       0.871      0.312      0.63           2          436        0.03     1.35       1.12       -202.8     231.5      -434.3     0.803     c3:32.48; c2:4.76
252 H1168TS188_1       188s    GuijunLab-DeepDA     0.538    0.541    3        A1B1C1   C1        3        0.00     185      11       30.7     27.38      34.96       0.739      0.160      0.43           2          436        0.07     3.36       2.98       1584.3     882.1      702.1      0.714     c3:33.85; c2:3.62
253 H1168TS169_5       169     GuijunLab-Human      0.538    0.541    3        A1B1C1   C1        3        0.00     185      11       30.7     27.38      34.96       0.739      0.160      0.43           2          436        0.07     3.36       2.98       1584.3     882.1      702.1      0.714     c3:33.85; c2:3.62
254 H1168TS441_5       441     OpenFold             0.536    0.547    3        A1B1C1   C1        3        0.00     186      0        55.4     54.28      56.47       0.826      0.262      0.55           2          436        0.01     1.40       1.50       381.1      435.2      -54.1      0.754     c3:20.52; c2:4.97
255 H1168TS433_5       433     OpenFold-SingleSeq   0.536    0.547    3        A1B1C1   C1        3        0.00     186      0        55.4     54.28      56.47       0.826      0.262      0.55           2          436        0.01     1.40       1.50       381.1      435.2      -54.1      0.754     c3:20.52; c2:4.97
256 H1168TS169_3       169     GuijunLab-Human      0.534    0.537    3        A1B1C1   C1        3        0.00     195      11       29.6     26.42      33.87       0.734      0.158      0.42           2          436        0.08     3.39       2.99       1564.1     872.4      691.7      0.714     c3:34.13; c2:3.62
257 H1168TS188_3       188s    GuijunLab-DeepDA     0.534    0.537    3        A1B1C1   C1        3        0.00     195      11       29.6     26.42      33.87       0.734      0.158      0.42           2          436        0.08     3.39       2.99       1564.1     872.4      691.7      0.714     c3:34.13; c2:3.62
258 H1168TS098_4       098s    GuijunLab-Assembly   0.533    0.537    3        A1B1C1   C1        3        0.00     193      9        29.2     26.36      32.77       0.732      0.159      0.41           2          436        0.07     3.22       2.89       1610.2     824.7      785.5      0.723     c3:33.92; c2:3.74
259 H1168TS098_2       098s    GuijunLab-Assembly   0.533    0.537    3        A1B1C1   C1        3        0.00     193      9        29.2     26.36      32.77       0.732      0.159      0.41           2          436        0.07     3.22       2.89       1610.2     824.7      785.5      0.723     c3:33.92; c2:3.74
260 H1168TS312_4       312     Fernandez-Recio      0.531    0.532    3        A1B1C1   C1        3        0.00     152      0        52.2     62.01      45.19       0.844      0.258      0.52           2          436        0.04     2.08       1.78       1268.5     758.4      510.1      0.780     c3:32.59; c2:4.49
261 H1168TS188_2       188s    GuijunLab-DeepDA     0.531    0.534    3        A1B1C1   C1        3        0.00     198      11       29.3     26.15      33.32       0.730      0.155      0.41           2          436        0.08     3.44       3.02       1557.5     870.1      687.4      0.712     c3:33.82; c2:3.64
262 H1168TS169_4       169     GuijunLab-Human      0.531    0.534    3        A1B1C1   C1        3        0.00     198      11       29.3     26.15      33.32       0.730      0.155      0.41           2          436        0.08     3.44       3.02       1557.5     870.1      687.4      0.712     c3:33.82; c2:3.64
263 H1168TS493_4       493     Shen-CAPRI           0.524    0.526    3        A1B1C1   C1        3        0.00     192      0        58.2     55.92      60.77       0.830      0.298      0.61           1          128        0.00     2.59       0.99       -1712.8    -1636.2    -76.6      0.802     c3:31.20; c2:5.77
264 H1168TS278_5       278     PEZYFoldings         0.520    0.522    3        A1B1C1   C1        3        0.00     212      3        59.0     58.10      60.21       0.859      0.277      0.61           2          436        0.04     1.88       1.63       -45.3      -2.0       -43.3      0.777     c3:31.45; c2:4.26
265 H1168TS493_3       493     Shen-CAPRI           0.509    0.530    3        A1B1C1   C1        3        0.00     201      0        59.3     56.88      61.86       0.809      0.243      0.60           2          404        0.05     7.16       2.12       -883.3     -1077.8    194.4      0.737     c3:30.44; c2:3.75
266 H1168TS398_3       398     ChaePred             0.509    0.510    3        A1B1C1   C1        3        0.00     229      2        60.8     58.04      63.98       0.859      0.305      0.65           2          436        0.04     1.74       1.38       -373.8     -296.0     -77.8      0.814     c3:32.35; c2:4.28
267 H1168TS493_5       493     Shen-CAPRI           0.506    0.508    3        A1B1C1   C1        3        0.00     213      1        58.8     56.06      61.86       0.818      0.247      0.61           2          404        0.06     7.31       1.85       -1659.5    -1564.8    -94.7      0.744     c3:30.00; c2:3.88
268 H1168TS165_3       165     FTBiot0119           0.503    0.523    3        A1B1C1   C1        3        0.00     304      12       43.3     35.71      54.83       0.770      0.253      0.50           2          436        0.02     2.09       1.93       -1172.9    -493.2     -679.7     0.781     c3:31.00; c2:4.33
269 H1168TS398_1       398     ChaePred             0.501    0.503    3        A1B1C1   C1        3        0.00     224      0        60.8     58.04      63.98       0.856      0.293      0.64           2          436        0.04     1.74       1.38       -318.5     -285.2     -33.3      0.780     c3:32.74; c2:4.28
270 H1168TS312_2       312     Fernandez-Recio      0.498    0.500    3        A1B1C1   C1        3        0.00     172      0        56.2     58.86      53.74       0.846      0.230      0.55           2          436        0.04     2.02       1.67       510.2      627.7      -117.5     0.733     c3:22.93; c2:4.24
271 H1168TS165_4       165     FTBiot0119           0.495    0.515    3        A1B1C1   C1        3        0.00     309      12       43.3     35.71      54.83       0.746      0.254      0.49           2          436        0.02     2.09       1.93       -1492.8    -706.0     -786.8     0.785     c3:31.18; c2:4.33
272 H1168TS493_1       493     Shen-CAPRI           0.495    0.517    3        A1B1C1   C1        3        0.00     208      0        57.2     54.90      59.68       0.805      0.268      0.57           1          128        0.00     1.86       1.78       -1021.4    -1159.6    138.1      0.775     c3:31.44; c2:6.45
273 H1168TS165_5       165     FTBiot0119           0.483    0.498    3        A1B1C1   C1        3        0.00     324      15       43.3     35.71      54.83       0.755      0.245      0.50           2          436        0.02     2.09       1.93       -1566.8    -674.9     -891.9     0.768     c3:31.26; c2:4.33
274 H1168TS494_3       494     Venclovas            0.483    0.494    3        A1B1C1   C1        3        0.00     221      0        53.9     52.51      55.37       0.818      0.248      0.55           2          436        0.03     2.07       1.88       -169.0     110.9      -279.9     0.752     c3:24.24; c2:4.79
275 H1168TS147_4       147     SHT                  0.481    0.500    3        A1B1C1   C1        3        0.00     190      0        51.0     56.06      46.77       0.809      0.242      0.58           1          202        0.00     9.29       1.95       -1689.5    -2314.0    624.5      0.767     c3:31.18; c2:6.75
276 H1168TS398_5       398     ChaePred             0.473    0.475    3        A1B1C1   C1        3        0.00     232      1        60.8     58.04      63.98       0.851      0.288      0.64           2          436        0.04     1.74       1.38       -498.7     -279.0     -219.7     0.791     c3:30.84; c2:4.28
277 H1168TS147_3       147     SHT                  0.468    0.471    3        A1B1C1   C1        3        0.00     209      0        51.8     52.03      51.62       0.808      0.243      0.56           1          202        0.00     9.29       1.74       -2058.1    -2727.6    669.5      0.758     c3:28.25; c2:6.76
278 H1168TS147_2       147     SHT                  0.450    0.459    3        A1B1C1   C1        3        0.00     212      1        51.6     52.58      50.53       0.808      0.259      0.60           1          202        0.00     9.29       1.68       -2630.3    -2839.9    209.6      0.779     c3:31.10; c2:6.76
279 H1168TS169_2       169     GuijunLab-Human      0.443    0.454    3        A1B1C1   C1        3        0.00     268      15       29.5     25.88      34.41       0.719      0.145      0.36           2          436        0.08     3.30       2.92       686.2      538.4      147.8      0.678     c3:27.68; c2:3.75
280 H1168TS098_3       098s    GuijunLab-Assembly   0.443    0.454    3        A1B1C1   C1        3        0.00     268      15       29.5     25.88      34.41       0.719      0.145      0.36           2          436        0.08     3.30       2.92       686.2      538.4      147.8      0.678     c3:27.68; c2:3.75
281 H1168TS169_1       169     GuijunLab-Human      0.443    0.454    3        A1B1C1   C1        3        0.00     268      15       29.5     25.88      34.41       0.719      0.145      0.36           2          436        0.08     3.30       2.92       686.2      538.4      147.8      0.678     c3:27.68; c2:3.75
282 H1168TS098_5       098s    GuijunLab-Assembly   0.443    0.454    3        A1B1C1   C1        3        0.00     268      15       29.5     25.88      34.41       0.719      0.145      0.36           2          436        0.08     3.30       2.92       686.2      538.4      147.8      0.678     c3:27.68; c2:3.75
283 H1168TS147_5       147     SHT                  0.442    0.463    3        A1B1C1   C1        3        0.00     221      0        54.1     54.97      53.26       0.816      0.239      0.58           1          202        0.00     9.28       2.19       -2631.4    -2916.9    285.5      0.761     c3:26.99; c2:6.77
284 H1168TS147_1       147     SHT                  0.435    0.445    3        A1B1C1   C1        3        0.00     217      1        52.6     53.74      51.62       0.809      0.250      0.57           1          202        0.00     9.28       1.69       -2494.0    -2691.2    197.2      0.762     c3:29.66; c2:6.75
285 H1168TS165_2       165     FTBiot0119           0.406    0.407    3        A1B1C1   C1        3        0.00     284      11       48.0     49.90      47.28       0.804      0.261      0.48           2          436        0.06     2.03       1.59       -1047.1    -832.3     -214.8     0.787     c3:31.36; c2:4.43
286 H1168TS234_1       234     Panlab               0.035    0.035    3        A1B1C1   C1        3        0.00     17       0        0.8      1.76       0.54        0.632      0.022      0.06           1          214        0.00     1.59       10.89      3029.5     -2040.3    5069.9     0.421     c3:23.18; c2:15.04
287 H1168TS234_5       234     Panlab               0.021    0.021    3        A1B1C1   C1        3        0.00     7        0        0.0      0.00       0.00        0.632      0.016      0.02           1          214        0.00     1.59       14.58      3478.8     -1844.1    5322.9     0.423     c3:22.80; c2:15.93
288 H1168TS234_3       234     Panlab               0.016    0.016    3        A1B1C1   C1        3        0.00     28       0        0.0      0.00       0.00        0.631      0.015      0.06           1          214        0.00     1.59       8.66       2931.4     -2026.6    4958.0     0.411     c3:22.73; c2:15.32
289 H1168TS234_2       234     Panlab               0.003    0.003    3        A1B1C1   C1        3        0.00     21       0        0.0      0.00       0.00        0.629      0.024      0.05           1          214        0.00     1.59       9.53       2714.3     -2132.8    4847.1     0.424     c3:27.54; c2:14.89
290 H1168TS234_4       234     Panlab               0.001    0.001    3        A1B1C1   C1        3        0.00     30       0        0.0      0.00       0.00        0.629      0.013      0.04           1          214        0.00     1.59       9.09       3018.2     -1961.5    4979.7     0.402     c3:24.91; c2:6.66
291 H1168TS333_4       333s    FALCON0              0.000    0.000    3        A1B1C1   C1        3        0.00     0        0        -        -          -           0.366      0.002      -              1          214        0.00     4.88       -          17453.6    5530.1     11923.6    0.317     c3:72.98; c2:19.95
292 H1168TS333_2       333s    FALCON0              0.000    0.000    3        A1B1C1   C1        3        0.00     26       1        0.0      0.00       0.00        0.347      0.002      0.03           1          214        0.00     7.27       51.20      12720.8    3384.3     9336.5     0.263     c3:60.11; c2:35.15
293 H1168TS098_1       098s    GuijunLab-Assembly   0.000    0.000    3        A1B1C1   C1        3        0.00     102      6        0.0      0.00       0.00        0.727      0.005      0.01           1          128        0.00     1.50       28.22      3930.2     1256.7     2673.5     0.377     c3:22.73; c2:15.75
294 H1168TS333_3       333s    FALCON0              0.000    0.000    3        A1B1C1   C1        3        0.00     23       0        0.0      0.00       0.00        0.285      0.002      0.03           1          120        0.00     9.58       36.46      10171.7    2440.7     7731.0     0.169     c3:50.49; c2:24.21
295 H1168TS368_4       368s    FALCON2              0.000    0.000    3        A1B1C1   C1        3        0.00     0        0        -        -          -           0.366      0.002      -              1          214        0.00     4.88       -          17453.6    5530.1     11923.6    0.317     c3:72.98; c2:19.95
296 H1168TS368_2       368s    FALCON2              0.000    0.000    3        A1B1C1   C1        3        0.00     26       1        0.0      0.00       0.00        0.347      0.002      0.03           1          214        0.00     7.27       51.20      12720.8    3384.3     9336.5     0.263     c3:60.11; c2:35.15
297 H1168TS188_4       188s    GuijunLab-DeepDA     0.000    0.000    3        A1B1C1   C1        3        0.00     21       0        0.0      0.00       0.00        0.723      0.003      0.00           1          128        0.00     1.55       32.94      5838.3     2424.4     3413.8     0.376     c3:26.14; c2:15.61
298 H1168TS368_3       368s    FALCON2              0.000    0.000    3        A1B1C1   C1        3        0.00     23       0        0.0      0.00       0.00        0.285      0.002      0.03           1          120        0.00     9.58       36.46      10171.7    2440.7     7731.0     0.169     c3:50.49; c2:24.21
299 H1168TS333_5       333s    FALCON0              0.000    0.000    3        A1B1C1   C1        3        0.00     0        0        -        -          -           0.355      0.002      -              1          214        0.00     5.77       -          18015.5    6022.8     11992.7    0.291     c3:70.61; c2:42.96
300 H1168TS188_5       188s    GuijunLab-DeepDA     0.000    0.000    3        A1B1C1   C1        3        0.00     25       1        0.0      0.00       0.00        0.718      0.005      0.00           1          128        0.00     1.68       26.18      5605.5     2198.4     3407.1     0.376     c3:21.41; c2:14.04
301 H1168TS368_5       368s    FALCON2              0.000    0.000    3        A1B1C1   C1        3        0.00     0        0        -        -          -           0.355      0.002      -              1          214        0.00     5.77       -          18015.5    6022.8     11992.7    0.291     c3:70.61; c2:42.96
302 H1168TS333_1       333s    FALCON0              -        -        3        A1B1C1   C1        3        0.00     0        0        -        -          -           -          -          -              1          135        0.00     9.45       -          5738.9     -5228.4    10765.0    0.206     c3:54.92; c2:23.27
303 H1168TS368_1       368s    FALCON2              -        -        3        A1B1C1   C1        3        0.00     0        0        -        -          -           -          -          -              1          135        0.00     9.45       -          5738.9     -5228.4    10765.0    0.206     c3:54.92; c2:23.27