    Model              Gr.Code Group                QSglob   QSbest   Mol.Size Stoich.  Symm.     SymmSize SymmRMSD No.Conts No.Clash F1       Prec.Iface Recal.Iface lDDToligo  DockQ_Avg  Jaccard.Coeff. Align.Size Align.Len  Orient   LocalRMSD  Iface.RMSD SA.total   SA.polar  SA.apolar  TMscore    SymmGr.RMSD
1   H1168v1TS073_2     073s    DFolding-refine      0.944    0.944    -        -        C1        2        0.00     53       0        83.5     85.70      81.40       0.824      0.722      0.83           2          564        0.04     2.43       0.73       -262.0     -1787.9    1525.9     0.945     c3:17.80; c2:19.43
2   H1168v1TS288_2     288s    DFolding-server      0.925    0.925    -        -        C1        2        0.00     47       0        81.7     83.90      79.70       0.925      0.725      0.81           2          564        0.05     2.54       0.85       319.6      172.6      147.1      0.924     c3:17.58; c2:19.70
3   H1168v1TS360_3     360     MUFold_H             0.923    0.923    -        -        C1        2        0.00     44       0        76.6     85.40      69.50       0.919      0.707      0.73           2          564        0.05     2.24       0.80       123.0      117.7      5.3        0.939     c3:17.44; c2:19.40
4   H1168v1TS494_1     494     Venclovas            0.910    0.910    -        -        C1        2        0.00     47       0        79.3     84.60      74.60       0.894      0.606      0.79           2          564        0.08     4.14       1.02       747.8      712.5      35.2       0.859     c3:18.18; c2:19.97
5   H1168v1TS239_4     239s    Yang-Multimer        0.900    0.900    -        -        C1        2        0.00     52       0        79.3     84.60      74.60       0.890      0.676      0.77           2          564        0.05     2.47       0.96       -123.3     -1341.1    1217.8     0.929     c3:17.56; c2:19.49
6   H1168v1TS439_4     439     Yang                 0.900    0.900    -        -        C1        2        0.00     52       0        79.3     84.60      74.60       0.890      0.676      0.77           2          564        0.05     2.47       0.96       -123.3     -1341.1    1217.8     0.929     c3:17.56; c2:19.49
7   H1168v1TS348_5     348     Takeda-Shitaka_Lab   0.885    0.885    -        -        C1        2        0.00     41       0        62.5     81.10      50.80       0.909      0.609      0.71           2          564        0.05     2.48       0.98       360.5      176.2      184.3      0.926     c3:17.41; c2:19.41
8   H1168v1TS360_1     360     MUFold_H             0.879    0.879    -        -        C1        2        0.00     40       0        70.6     83.70      61.00       0.912      0.642      0.65           2          564        0.05     2.39       1.03       460.7      313.9      146.8      0.929     c3:17.53; c2:19.59
9   H1168v1TS091_2     091     UNRES                0.871    0.871    -        -        C1        2        0.00     51       0        72.7     71.00      74.60       0.777      0.664      0.77           2          564        0.04     2.35       1.27       2126.7     1160.6     966.1      0.934     c3:17.14; c2:18.98
10  H1168v1TS091_1     091     UNRES                0.869    0.869    -        -        C1        2        0.00     52       0        68.4     69.00      67.80       0.756      0.590      0.75           2          564        0.06     2.67       1.39       1931.0     1103.9     827.1      0.921     c3:17.28; c2:19.13
11  H1168v1TS374_4     374     Zheng                0.868    0.868    -        -        C1        2        0.00     43       0        69.7     76.00      64.40       0.903      0.589      0.75           2          564        0.07     3.46       1.15       352.7      212.4      140.3      0.871     c3:17.77; c2:19.86
12  H1168v1TS385_1     385     FoldEver-Hybrid      0.864    0.864    -        -        C1        2        0.00     42       0        69.1     74.50      64.40       0.902      0.609      0.75           2          564        0.05     3.22       1.15       359.2      266.8      92.4       0.887     c3:17.67; c2:19.71
13  H1168v1TS245_1     245s    FoldEver             0.864    0.864    -        -        C1        2        0.00     42       0        69.1     74.50      64.40       0.902      0.609      0.75           2          564        0.05     3.22       1.15       359.2      266.8      92.4       0.887     c3:17.67; c2:19.71
14  H1168v1TS360_2     360     MUFold_H             0.864    0.864    -        -        C1        2        0.00     41       1        72.0     87.80      61.00       0.910      0.619      0.67           2          564        0.05     2.60       1.10       533.3      362.6      170.7      0.918     c3:17.57; c2:19.66
15  H1168v1TS225_3     225     ShanghaiTech         0.857    0.857    -        -        C1        2        0.00     42       0        68.9     68.30      69.50       0.898      0.593      0.80           2          564        0.07     3.77       1.29       284.7      275.5      9.2        0.855     c3:17.77; c2:19.80
16  H1168v1TS360_5     360     MUFold_H             0.850    0.850    -        -        C1        2        0.00     42       1        71.8     84.10      62.70       0.910      0.604      0.65           2          564        0.05     2.67       1.24       462.8      277.1      185.7      0.914     c3:17.62; c2:19.68
17  H1168v1TS119_2     119     Kiharalab            0.849    0.849    -        -        C1        2        0.00     53       0        67.9     71.70      64.40       0.909      0.622      0.76           2          564        0.06     2.68       1.19       127.1      173.0      -45.9      0.918     c3:17.56; c2:19.56
18  H1168v1TS150_2     150     Grudinin             0.849    0.849    -        -        C1        2        0.00     53       0        67.9     71.70      64.40       0.909      0.622      0.76           2          564        0.06     2.68       1.19       130.6      169.1      -38.5      0.918     c3:17.56; c2:19.56
19  H1168v1TS119_5     119     Kiharalab            0.848    0.848    -        -        C1        2        0.00     46       0        68.4     70.90      66.10       0.917      0.723      0.76           2          564        0.02     1.28       1.17       -125.9     126.4      -252.4     0.980     c3:17.19; c2:18.83
20  H1168v1TS187_2     187     TRFold               0.848    0.848    -        -        C1        2        0.00     47       0        70.7     71.90      69.50       0.909      0.660      0.82           2          564        0.04     2.37       1.26       3.1        55.5       -52.4      0.932     c3:17.47; c2:19.57
21  H1168v1TS423_2     423     trComplex            0.848    0.848    -        -        C1        2        0.00     47       0        70.7     71.90      69.50       0.909      0.660      0.82           2          564        0.04     2.37       1.26       3.1        55.5       -52.4      0.932     c3:17.47; c2:19.57
22  H1168v1TS434_3     434     Coqualia             0.847    0.847    -        -        C1        2        0.00     50       0        72.7     78.40      67.80       0.911      0.664      0.79           2          564        0.04     2.43       1.18       101.4      223.1      -121.7     0.932     c3:17.47; c2:19.52
23  H1168v1TS011_3     011s    GinobiFold-SER       0.847    0.847    -        -        C1        2        0.00     50       0        72.7     78.40      67.80       0.911      0.664      0.79           2          564        0.04     2.43       1.18       101.4      223.1      -121.7     0.932     c3:17.47; c2:19.52
24  H1168v1TS071_2     071s    RaptorX-Multimer     0.846    0.846    -        -        C1        2        0.00     48       0        71.9     74.50      69.50       0.898      0.658      0.79           2          564        0.05     2.17       1.20       82.8       334.8      -252.1     0.945     c3:17.47; c2:19.44
25  H1168v1TS348_4     348     Takeda-Shitaka_Lab   0.845    0.845    -        -        C1        2        0.00     40       1        72.5     86.00      62.70       0.909      0.574      0.66           2          564        0.06     2.95       1.28       433.1      169.8      263.3      0.899     c3:17.66; c2:19.76
26  H1168v1TS091_5     091     UNRES                0.842    0.842    -        -        C1        2        0.00     52       0        67.2     65.10      69.50       0.764      0.651      0.75           2          564        0.03     2.16       1.45       2324.4     1249.2     1075.3     0.942     c3:17.35; c2:19.09
27  H1168v1TS239_1     239s    Yang-Multimer        0.842    0.842    -        -        C1        2        0.00     52       0        64.8     71.40      59.30       0.881      0.656      0.77           2          564        0.04     2.21       1.19       -131.9     -1333.9    1202.0     0.940     c3:17.47; c2:19.39
28  H1168v1TS439_1     439     Yang                 0.842    0.842    -        -        C1        2        0.00     52       0        64.8     71.40      59.30       0.881      0.656      0.77           2          564        0.04     2.21       1.19       -131.9     -1333.9    1202.0     0.940     c3:17.47; c2:19.39
29  H1168v1TS439_2     439     Yang                 0.841    0.841    -        -        C1        2        0.00     55       0        69.2     77.10      62.70       0.882      0.657      0.81           2          564        0.04     2.28       1.20       -210.7     -1338.8    1128.0     0.937     c3:17.45; c2:19.39
30  H1168v1TS125_5     125s    UltraFold_Server     0.841    0.841    -        -        C1        2        0.00     47       0        69.1     74.50      64.40       0.898      0.568      0.75           2          564        0.07     4.03       1.21       442.4      215.5      227.0      0.840     c3:17.91; c2:20.06
31  H1168v1TS239_2     239s    Yang-Multimer        0.841    0.841    -        -        C1        2        0.00     55       0        69.2     77.10      62.70       0.882      0.657      0.81           2          564        0.04     2.28       1.20       -210.7     -1338.8    1128.0     0.937     c3:17.45; c2:19.39
32  H1168v1TS054_5     054     UltraFold            0.841    0.841    -        -        C1        2        0.00     47       0        69.1     74.50      64.40       0.898      0.568      0.75           2          564        0.07     4.03       1.21       442.4      215.5      227.0      0.840     c3:17.91; c2:20.06
33  H1168v1TS399_5     399     BeijingAIProtein     0.841    0.841    -        -        C1        2        0.00     47       0        69.1     74.50      64.40       0.898      0.568      0.75           2          564        0.07     4.03       1.21       442.4      215.5      227.0      0.840     c3:17.91; c2:20.06
34  H1168v1TS225_5     225     ShanghaiTech         0.840    0.840    -        -        C1        2        0.00     43       0        70.1     70.70      69.50       0.897      0.600      0.81           2          564        0.06     3.53       1.35       169.9      178.1      -8.1       0.868     c3:17.75; c2:19.75
35  H1168v1TS423_3     423     trComplex            0.840    0.840    -        -        C1        2        0.00     47       0        67.2     68.40      66.10       0.906      0.646      0.81           2          564        0.05     2.43       1.29       131.4      101.1      30.3       0.929     c3:17.51; c2:19.53
36  H1168v1TS003_5     003     MULTICOM_human       0.839    0.839    -        -        C1        2        0.00     44       0        68.4     70.90      66.10       0.907      0.664      0.78           2          564        0.04     2.27       1.31       163.2      209.2      -46.0      0.936     c3:17.47; c2:19.43
37  H1168v1TS225_1     225     ShanghaiTech         0.839    0.839    -        -        C1        2        0.00     44       0        67.8     69.60      66.10       0.904      0.648      0.76           2          564        0.04     2.36       1.32       205.2      203.4      1.8        0.933     c3:17.57; c2:19.44
38  H1168v1TS086_4     086s    MULTICOM_qa          0.839    0.839    -        -        C1        2        0.00     44       0        68.4     70.90      66.10       0.907      0.664      0.78           2          564        0.04     2.27       1.31       163.2      209.2      -46.0      0.936     c3:17.47; c2:19.43
39  H1168v1TS312_5     312     Fernandez-Recio      0.838    0.838    -        -        C1        2        0.00     66       0        73.2     70.30      76.30       0.884      0.666      0.84           2          564        0.05     2.61       1.29       381.4      470.0      -88.6      0.920     c3:17.51; c2:19.49
40  H1168v1TS239_3     239s    Yang-Multimer        0.838    0.838    -        -        C1        2        0.00     54       0        69.1     74.50      64.40       0.885      0.719      0.79           2          564        0.02     1.36       1.17       -296.5     -1401.7    1105.2     0.976     c3:17.31; c2:19.07
41  H1168v1TS439_3     439     Yang                 0.838    0.838    -        -        C1        2        0.00     54       0        69.1     74.50      64.40       0.885      0.719      0.79           2          564        0.02     1.36       1.17       -296.5     -1401.7    1105.2     0.976     c3:17.31; c2:19.07
42  H1168v1TS225_2     225     ShanghaiTech         0.838    0.838    -        -        C1        2        0.00     46       0        66.1     66.10      66.10       0.902      0.611      0.83           2          564        0.05     3.24       1.32       311.6      315.9      -4.2       0.885     c3:17.73; c2:19.75
43  H1168v1TS446_3     446s    ColabFold            0.837    0.837    -        -        C1        2        0.00     51       0        70.7     71.90      69.50       0.901      0.566      0.81           2          564        0.08     4.00       1.30       277.5      245.3      32.2       0.842     c3:17.84; c2:20.10
44  H1168v1TS227_3     227     GinobiFold           0.837    0.837    -        -        C1        2        0.00     51       0        70.3     75.00      66.10       0.910      0.654      0.77           2          564        0.04     2.45       1.24       178.1      249.6      -71.5      0.930     c3:17.51; c2:19.57
45  H1168v1TS461_3     461     colabfold_human      0.837    0.837    -        -        C1        2        0.00     51       0        70.7     71.90      69.50       0.901      0.566      0.81           2          564        0.08     4.00       1.30       277.5      245.3      32.2       0.842     c3:17.84; c2:20.10
46  H1168v1TS133_3     133s    ShanghaiTech-TS-SER  0.837    0.837    -        -        C1        2        0.00     51       0        70.3     75.00      66.10       0.910      0.654      0.77           2          564        0.04     2.45       1.24       178.1      249.6      -71.5      0.930     c3:17.51; c2:19.57
47  H1168v1TS434_5     434     Coqualia             0.836    0.836    -        -        C1        2        0.00     52       0        71.9     74.50      69.50       0.910      0.642      0.81           2          564        0.05     2.72       1.26       124.5      210.4      -85.9      0.917     c3:17.57; c2:19.64
48  H1168v1TS133_5     133s    ShanghaiTech-TS-SER  0.836    0.836    -        -        C1        2        0.00     56       0        73.2     77.40      69.50       0.911      0.675      0.81           2          564        0.04     2.37       1.21       90.9       195.2      -104.3     0.935     c3:17.47; c2:19.51
49  H1168v1TS011_5     011s    GinobiFold-SER       0.836    0.836    -        -        C1        2        0.00     52       0        71.9     74.50      69.50       0.910      0.642      0.81           2          564        0.05     2.72       1.26       124.5      210.4      -85.9      0.917     c3:17.57; c2:19.64
50  H1168v1TS227_5     227     GinobiFold           0.836    0.836    -        -        C1        2        0.00     56       0        73.2     77.40      69.50       0.911      0.675      0.81           2          564        0.04     2.37       1.21       90.9       195.2      -104.3     0.935     c3:17.47; c2:19.51
51  H1168v1TS320_3     320     Elofsson             0.835    0.835    -        -        C1        2        0.00     50       0        68.5     73.10      64.40       0.909      0.662      0.75           2          564        0.04     2.39       1.23       119.3      161.0      -41.8      0.932     c3:17.41; c2:19.39
52  H1168v1TS374_1     374     Zheng                0.835    0.835    -        -        C1        2        0.00     46       0        69.4     67.70      71.20       0.902      0.656      0.85           2          564        0.04     2.43       1.36       469.8      318.3      151.6      0.931     c3:17.61; c2:19.52
53  H1168v1TS131_3     131s    Kiharalab_Server     0.835    0.835    -        -        C1        2        0.00     52       0        69.6     73.60      66.10       0.913      0.703      0.77           2          564        0.03     1.87       1.22       -86.9      36.1       -123.0     0.958     c3:17.35; c2:19.19
54  H1168v1TS390_3     390s    NBIS-AF2-multimer    0.835    0.835    -        -        C1        2        0.00     50       0        68.5     73.10      64.40       0.909      0.662      0.75           2          564        0.04     2.39       1.23       119.3      161.0      -41.8      0.932     c3:17.41; c2:19.39
55  H1168v1TS227_4     227     GinobiFold           0.833    0.833    -        -        C1        2        0.00     45       0        66.7     67.20      66.10       0.905      0.648      0.78           2          564        0.05     2.37       1.35       49.9       190.4      -140.5     0.933     c3:17.51; c2:19.53
56  H1168v1TS320_2     320     Elofsson             0.833    0.833    -        -        C1        2        0.00     51       0        70.9     76.50      66.10       0.909      0.651      0.77           2          564        0.05     2.59       1.25       126.3      214.7      -88.4      0.922     c3:17.46; c2:19.47
57  H1168v1TS298_1     298s    MUFold               0.833    0.833    -        -        C1        2        0.00     45       0        66.7     67.20      66.10       0.907      0.678      0.76           2          564        0.03     2.05       1.32       183.7      241.2      -57.5      0.947     c3:17.45; c2:19.41
58  H1168v1TS390_2     390s    NBIS-AF2-multimer    0.833    0.833    -        -        C1        2        0.00     51       0        70.9     76.50      66.10       0.909      0.651      0.77           2          564        0.05     2.59       1.25       126.3      214.7      -88.4      0.922     c3:17.46; c2:19.47
59  H1168v1TS133_4     133s    ShanghaiTech-TS-SER  0.833    0.833    -        -        C1        2        0.00     45       0        66.7     67.20      66.10       0.905      0.648      0.78           2          564        0.05     2.37       1.35       49.9       190.4      -140.5     0.933     c3:17.51; c2:19.53
60  H1168v1TS119_1     119     Kiharalab            0.832    0.832    -        -        C1        2        0.00     51       0        70.8     74.10      67.80       0.912      0.707      0.77           2          564        0.03     1.86       1.23       -67.8      -7.5       -60.3      0.958     c3:17.34; c2:19.18
61  H1168v1TS131_1     131s    Kiharalab_Server     0.832    0.832    -        -        C1        2        0.00     51       0        70.8     74.10      67.80       0.912      0.707      0.77           2          564        0.03     1.86       1.23       -61.0      -3.2       -57.8      0.958     c3:17.34; c2:19.18
62  H1168v1TS131_2     131s    Kiharalab_Server     0.832    0.832    -        -        C1        2        0.00     52       0        70.2     72.70      67.80       0.913      0.715      0.77           2          564        0.03     1.73       1.24       -91.5      2.9        -94.3      0.964     c3:17.33; c2:19.13
63  H1168v1TS446_2     446s    ColabFold            0.832    0.832    -        -        C1        2        0.00     47       0        68.4     70.90      66.10       0.904      0.599      0.80           2          564        0.06     2.98       1.37       201.2      277.4      -76.1      0.902     c3:17.53; c2:19.70
64  H1168v1TS011_1     011s    GinobiFold-SER       0.832    0.832    -        -        C1        2        0.00     51       0        70.2     72.70      67.80       0.910      0.649      0.81           2          564        0.05     2.52       1.28       202.2      270.7      -68.5      0.928     c3:17.52; c2:19.56
65  H1168v1TS434_1     434     Coqualia             0.832    0.832    -        -        C1        2        0.00     51       0        70.2     72.70      67.80       0.910      0.649      0.81           2          564        0.05     2.52       1.28       202.2      270.7      -68.5      0.928     c3:17.52; c2:19.56
66  H1168v1TS119_3     119     Kiharalab            0.832    0.832    -        -        C1        2        0.00     52       0        70.2     72.70      67.80       0.913      0.715      0.77           2          564        0.03     1.73       1.24       -106.1     2.4        -108.5     0.964     c3:17.33; c2:19.13
67  H1168v1TS461_2     461     colabfold_human      0.832    0.832    -        -        C1        2        0.00     47       0        68.4     70.90      66.10       0.904      0.599      0.80           2          564        0.06     2.98       1.37       201.2      277.4      -76.1      0.902     c3:17.53; c2:19.70
68  H1168v1TS133_1     133s    ShanghaiTech-TS-SER  0.832    0.832    -        -        C1        2        0.00     46       0        67.2     68.40      66.10       0.906      0.658      0.78           2          564        0.04     2.38       1.31       120.9      245.8      -124.9     0.933     c3:17.48; c2:19.54
69  H1168v1TS227_1     227     GinobiFold           0.832    0.832    -        -        C1        2        0.00     46       0        67.2     68.40      66.10       0.906      0.658      0.78           2          564        0.04     2.38       1.31       120.9      245.8      -124.9     0.933     c3:17.48; c2:19.54
70  H1168v1TS131_4     131s    Kiharalab_Server     0.831    0.831    -        -        C1        2        0.00     51       0        70.8     74.10      67.80       0.913      0.719      0.77           2          564        0.03     1.67       1.23       -35.1      19.1       -54.1      0.966     c3:17.32; c2:19.11
71  H1168v1TS462_3     462s    MultiFOLD            0.831    0.831    -        -        C1        2        0.00     47       0        68.4     69.00      67.80       0.902      0.591      0.81           2          564        0.07     2.96       1.40       -140.6     -22.6      -118.0     0.903     c3:17.58; c2:19.70
72  H1168v1TS423_1     423     trComplex            0.830    0.830    -        -        C1        2        0.00     52       0        70.7     71.90      69.50       0.908      0.620      0.80           2          564        0.06     2.90       1.30       170.7      145.5      25.2       0.907     c3:17.64; c2:19.73
73  H1168v1TS278_1     278     PEZYFoldings         0.830    0.830    -        -        C1        2        0.00     54       1        72.4     73.70      71.20       0.903      0.655      0.80           2          564        0.05     2.41       1.34       145.2      348.1      -202.9     0.930     c3:17.53; c2:19.48
74  H1168v1TS314_2     314     Pierce               0.830    0.830    -        -        C1        2        0.00     48       0        67.3     72.50      62.70       0.908      0.667      0.75           2          564        0.04     2.21       1.28       106.2      109.1      -2.9       0.940     c3:17.43; c2:19.34
75  H1168v1TS187_1     187     TRFold               0.830    0.830    -        -        C1        2        0.00     52       0        70.7     71.90      69.50       0.908      0.620      0.80           2          564        0.06     2.90       1.30       170.7      145.5      25.2       0.907     c3:17.64; c2:19.73
76  H1168v1TS360_4     360     MUFold_H             0.829    0.829    -        -        C1        2        0.00     53       0        69.0     72.20      66.10       0.908      0.643      0.79           2          564        0.05     2.43       1.26       74.9       147.5      -72.6      0.930     c3:17.49; c2:19.47
77  H1168v1TS298_2     298s    MUFold               0.829    0.829    -        -        C1        2        0.00     53       0        69.0     72.20      66.10       0.908      0.643      0.79           2          564        0.05     2.43       1.26       74.9       147.5      -72.6      0.930     c3:17.49; c2:19.47
78  H1168v1TS390_1     390s    NBIS-AF2-multimer    0.828    0.828    -        -        C1        2        0.00     49       0        70.6     70.00      71.20       0.907      0.692      0.78           2          564        0.04     2.05       1.32       47.1       89.2       -42.0      0.948     c3:17.45; c2:19.31
79  H1168v1TS314_1     314     Pierce               0.828    0.828    -        -        C1        2        0.00     49       0        70.6     70.00      71.20       0.907      0.692      0.78           2          564        0.04     2.05       1.32       47.1       89.2       -42.0      0.948     c3:17.45; c2:19.31
80  H1168v1TS011_4     011s    GinobiFold-SER       0.828    0.828    -        -        C1        2        0.00     55       0        66.7     71.20      62.70       0.906      0.597      0.77           2          564        0.06     3.04       1.28       213.5      200.4      13.1       0.897     c3:17.73; c2:19.86
81  H1168v1TS003_3     003     MULTICOM_human       0.828    0.828    -        -        C1        2        0.00     49       0        69.6     73.60      66.10       0.909      0.652      0.73           2          564        0.04     2.44       1.30       158.0      172.1      -14.1      0.930     c3:17.48; c2:19.44
82  H1168v1TS150_1     150     Grudinin             0.828    0.828    -        -        C1        2        0.00     49       0        70.6     70.00      71.20       0.907      0.692      0.78           2          564        0.04     2.05       1.32       47.1       89.2       -42.0      0.948     c3:17.45; c2:19.31
83  H1168v1TS348_2     348     Takeda-Shitaka_Lab   0.828    0.828    -        -        C1        2        0.00     49       0        70.6     70.00      71.20       0.907      0.692      0.78           2          564        0.04     2.05       1.32       25.3       -18.2      43.6       0.948     c3:17.45; c2:19.31
84  H1168v1TS446_1     446s    ColabFold            0.828    0.828    -        -        C1        2        0.00     51       0        71.9     74.50      69.50       0.906      0.598      0.76           2          564        0.07     3.17       1.33       266.9      304.7      -37.8      0.893     c3:17.61; c2:19.77
85  H1168v1TS158_3     158s    MULTICOM_deep        0.828    0.828    -        -        C1        2        0.00     49       0        69.6     73.60      66.10       0.909      0.652      0.73           2          564        0.04     2.44       1.30       158.0      172.1      -14.1      0.930     c3:17.48; c2:19.44
86  H1168v1TS086_3     086s    MULTICOM_qa          0.828    0.828    -        -        C1        2        0.00     49       0        69.6     73.60      66.10       0.909      0.652      0.73           2          564        0.04     2.44       1.30       158.0      172.1      -14.1      0.930     c3:17.48; c2:19.44
87  H1168v1TS434_4     434     Coqualia             0.828    0.828    -        -        C1        2        0.00     55       0        66.7     71.20      62.70       0.906      0.597      0.77           2          564        0.06     3.04       1.28       213.5      200.4      13.1       0.897     c3:17.73; c2:19.86
88  H1168v1TS461_1     461     colabfold_human      0.828    0.828    -        -        C1        2        0.00     51       0        71.9     74.50      69.50       0.906      0.598      0.76           2          564        0.07     3.17       1.33       266.9      304.7      -37.8      0.893     c3:17.61; c2:19.77
89  H1168v1TS320_1     320     Elofsson             0.828    0.828    -        -        C1        2        0.00     49       0        70.6     70.00      71.20       0.907      0.692      0.78           2          564        0.04     2.05       1.32       47.1       89.2       -42.0      0.948     c3:17.45; c2:19.31
90  H1168v1TS320_5     320     Elofsson             0.826    0.826    -        -        C1        2        0.00     50       0        68.4     69.00      67.80       0.907      0.676      0.76           2          564        0.04     2.12       1.32       94.9       119.6      -24.7      0.944     c3:17.45; c2:19.33
91  H1168v1TS390_5     390s    NBIS-AF2-multimer    0.826    0.826    -        -        C1        2        0.00     50       0        68.4     69.00      67.80       0.907      0.676      0.76           2          564        0.04     2.12       1.32       94.9       119.6      -24.7      0.944     c3:17.45; c2:19.33
92  H1168v1TS462_1     462s    MultiFOLD            0.826    0.826    -        -        C1        2        0.00     47       0        67.8     69.60      66.10       0.902      0.595      0.81           2          564        0.06     2.92       1.39       65.8       112.8      -47.0      0.904     c3:17.56; c2:19.69
93  H1168v1TS298_3     298s    MUFold               0.825    0.825    -        -        C1        2        0.00     48       0        69.5     69.50      69.50       0.907      0.671      0.78           2          564        0.04     2.26       1.33       73.4       106.7      -33.4      0.937     c3:17.49; c2:19.38
94  H1168v1TS180_5     180     McGuffin             0.825    0.825    -        -        C1        2        0.00     49       0        69.0     70.20      67.80       0.904      0.588      0.78           2          564        0.06     3.13       1.40       73.9       85.2       -11.3      0.894     c3:17.64; c2:19.81
95  H1168v1TS180_2     180     McGuffin             0.825    0.825    -        -        C1        2        0.00     48       0        69.6     71.40      67.80       0.904      0.600      0.79           2          564        0.06     3.03       1.39       94.1       122.2      -28.1      0.899     c3:17.60; c2:19.76
96  H1168v1TS180_3     180     McGuffin             0.824    0.824    -        -        C1        2        0.00     50       0        68.4     69.00      67.80       0.903      0.585      0.78           2          564        0.07     3.10       1.43       -80.9      34.7       -115.7     0.895     c3:17.63; c2:19.76
97  H1168v1TS462_2     462s    MultiFOLD            0.824    0.824    -        -        C1        2        0.00     46       0        67.3     70.40      64.40       0.888      0.550      0.76           2          564        0.07     3.72       1.43       -42.8      72.1       -114.9     0.891     c3:17.87; c2:19.59
98  H1168v1TS003_1     003     MULTICOM_human       0.824    0.824    -        -        C1        2        0.00     49       0        69.1     74.50      64.40       0.908      0.645      0.75           2          564        0.04     2.47       1.29       180.9      195.2      -14.3      0.928     c3:17.49; c2:19.46
99  H1168v1TS446_4     446s    ColabFold            0.824    0.824    -        -        C1        2        0.00     51       0        70.2     72.70      67.80       0.903      0.590      0.80           2          564        0.07     3.31       1.37       204.3      232.0      -27.7      0.883     c3:17.66; c2:19.85
100 H1168v1TS086_1     086s    MULTICOM_qa          0.824    0.824    -        -        C1        2        0.00     49       0        69.1     74.50      64.40       0.908      0.645      0.75           2          564        0.04     2.47       1.29       180.9      195.2      -14.3      0.928     c3:17.49; c2:19.46
101 H1168v1TS298_5     298s    MUFold               0.824    0.824    -        -        C1        2        0.00     50       0        67.9     71.70      64.40       0.907      0.671      0.75           2          564        0.04     2.17       1.32       20.0       54.7       -34.6      0.942     c3:17.43; c2:19.33
102 H1168v1TS158_1     158s    MULTICOM_deep        0.824    0.824    -        -        C1        2        0.00     49       0        69.1     74.50      64.40       0.908      0.645      0.75           2          564        0.04     2.47       1.29       180.9      195.2      -14.3      0.928     c3:17.49; c2:19.46
103 H1168v1TS461_4     461     colabfold_human      0.824    0.824    -        -        C1        2        0.00     51       0        70.2     72.70      67.80       0.903      0.590      0.80           2          564        0.07     3.31       1.37       204.3      232.0      -27.7      0.883     c3:17.66; c2:19.85
104 H1168v1TS225_4     225     ShanghaiTech         0.824    0.824    -        -        C1        2        0.00     54       0        66.1     63.10      69.50       0.897      0.544      0.87           1          128        0.00     1.53       1.52       339.0      267.3      71.7       0.834     c3:17.86; c2:19.91
105 H1168v1TS071_3     071s    RaptorX-Multimer     0.823    0.823    -        -        C1        2        0.00     51       0        67.8     67.80      67.80       0.898      0.647      0.76           2          564        0.05     2.05       1.36       92.1       343.2      -251.2     0.951     c3:17.44; c2:19.33
106 H1168v1TS092_1     092     Agemo_mix            0.823    0.823    -        -        C1        2        0.00     51       0        69.0     70.20      67.80       0.900      0.627      0.78           2          564        0.05     2.43       1.36       92.9       288.1      -195.2     0.931     c3:17.50; c2:19.50
107 H1168v1TS298_4     298s    MUFold               0.823    0.823    -        -        C1        2        0.00     47       0        67.3     72.50      62.70       0.907      0.642      0.73           2          564        0.04     2.34       1.35       54.2       114.0      -59.8      0.934     c3:17.50; c2:19.41
108 H1168v1TS367_5     367     MULTICOM             0.822    0.822    -        -        C1        2        0.00     51       0        71.9     74.50      69.50       0.907      0.629      0.80           2          564        0.05     2.87       1.33       137.0      225.6      -88.6      0.906     c3:17.57; c2:19.63
109 H1168v1TS374_3     374     Zheng                0.822    0.822    -        -        C1        2        0.00     46       0        66.7     64.10      69.50       0.898      0.556      0.82           2          564        0.08     3.93       1.41       345.7      168.5      177.2      0.845     c3:17.85; c2:19.99
110 H1168v1TS348_1     348     Takeda-Shitaka_Lab   0.822    0.822    -        -        C1        2        0.00     48       0        63.2     65.50      61.00       0.906      0.642      0.73           2          564        0.04     2.31       1.35       266.3      141.1      125.2      0.934     c3:17.54; c2:19.53
111 H1168v1TS462_4     462s    MultiFOLD            0.822    0.822    -        -        C1        2        0.00     46       0        67.2     68.40      66.10       0.891      0.565      0.81           2          564        0.07     3.57       1.41       -139.2     32.7       -171.9     0.900     c3:17.80; c2:19.52
112 H1168v1TS367_4     367     MULTICOM             0.821    0.821    -        -        C1        2        0.00     51       0        69.6     71.40      67.80       0.908      0.646      0.81           2          564        0.05     2.58       1.31       79.2       163.2      -84.0      0.922     c3:17.51; c2:19.50
113 H1168v1TS158_5     158s    MULTICOM_deep        0.821    0.821    -        -        C1        2        0.00     49       0        69.6     71.40      67.80       0.908      0.649      0.78           2          564        0.05     2.39       1.35       188.2      261.4      -73.2      0.934     c3:17.53; c2:19.51
114 H1168v1TS158_2     158s    MULTICOM_deep        0.821    0.821    -        -        C1        2        0.00     51       0        69.6     71.40      67.80       0.908      0.646      0.81           2          564        0.05     2.58       1.31       79.2       163.2      -84.0      0.922     c3:17.51; c2:19.50
115 H1168v1TS086_2     086s    MULTICOM_qa          0.821    0.821    -        -        C1        2        0.00     49       0        69.6     71.40      67.80       0.908      0.649      0.78           2          564        0.05     2.39       1.35       188.2      261.4      -73.2      0.934     c3:17.53; c2:19.51
116 H1168v1TS003_2     003     MULTICOM_human       0.821    0.821    -        -        C1        2        0.00     51       0        69.6     71.40      67.80       0.908      0.646      0.81           2          564        0.05     2.58       1.31       79.2       163.2      -84.0      0.922     c3:17.51; c2:19.50
117 H1168v1TS367_1     367     MULTICOM             0.821    0.821    -        -        C1        2        0.00     48       0        71.9     74.50      69.50       0.907      0.633      0.80           2          564        0.05     2.79       1.33       126.8      183.9      -57.1      0.910     c3:17.56; c2:19.61
118 H1168v1TS086_5     086s    MULTICOM_qa          0.821    0.821    -        -        C1        2        0.00     51       0        69.6     71.40      67.80       0.908      0.646      0.81           2          564        0.05     2.58       1.31       79.2       163.2      -84.0      0.922     c3:17.51; c2:19.50
119 H1168v1TS367_2     367     MULTICOM             0.820    0.820    -        -        C1        2        0.00     51       0        70.7     71.90      69.50       0.907      0.633      0.80           2          564        0.05     2.81       1.33       115.2      226.6      -111.4     0.909     c3:17.56; c2:19.60
120 H1168v1TS003_4     003     MULTICOM_human       0.820    0.820    -        -        C1        2        0.00     51       0        69.0     72.20      66.10       0.907      0.635      0.77           2          564        0.05     2.67       1.31       216.2      260.7      -44.5      0.918     c3:17.51; c2:19.51
121 H1168v1TS158_4     158s    MULTICOM_deep        0.820    0.820    -        -        C1        2        0.00     51       0        69.0     72.20      66.10       0.907      0.635      0.77           2          564        0.05     2.67       1.31       216.2      260.7      -44.5      0.918     c3:17.51; c2:19.51
122 H1168v1TS367_3     367     MULTICOM             0.820    0.820    -        -        C1        2        0.00     51       0        69.0     72.20      66.10       0.907      0.635      0.77           2          564        0.05     2.67       1.31       216.2      260.7      -44.5      0.918     c3:17.51; c2:19.51
123 H1168v1TS180_4     180     McGuffin             0.820    0.820    -        -        C1        2        0.00     46       0        67.2     68.40      66.10       0.903      0.588      0.78           2          564        0.06     3.04       1.42       136.7      127.4      9.3        0.899     c3:17.61; c2:19.76
124 H1168v1TS288_1     288s    DFolding-server      0.819    0.819    -        -        C1        2        0.00     54       0        73.0     75.00      71.20       0.902      0.566      0.80           2          564        0.08     3.88       1.33       258.5      75.6       182.9      0.852     c3:17.79; c2:20.04
125 H1168v1TS180_1     180     McGuffin             0.819    0.819    -        -        C1        2        0.00     49       0        68.4     69.00      67.80       0.902      0.576      0.78           2          564        0.07     3.25       1.44       91.8       117.5      -25.7      0.887     c3:17.67; c2:19.84
126 H1168v1TS423_4     423     trComplex            0.817    0.817    -        -        C1        2        0.00     57       0        68.9     68.30      69.50       0.910      0.693      0.84           2          564        0.03     1.80       1.42       -31.1      30.9       -62.0      0.960     c3:17.38; c2:19.37
127 H1168v1TS054_4     054     UltraFold            0.817    0.817    -        -        C1        2        0.00     48       0        67.3     70.40      64.40       0.905      0.632      0.73           2          564        0.05     2.65       1.30       223.1      203.9      19.2       0.917     c3:17.54; c2:19.55
128 H1168v1TS399_4     399     BeijingAIProtein     0.817    0.817    -        -        C1        2        0.00     48       0        67.3     70.40      64.40       0.905      0.632      0.73           2          564        0.05     2.65       1.30       223.1      203.9      19.2       0.917     c3:17.54; c2:19.55
129 H1168v1TS187_3     187     TRFold               0.817    0.817    -        -        C1        2        0.00     57       0        68.9     68.30      69.50       0.910      0.693      0.84           2          564        0.03     1.80       1.42       -31.1      30.9       -62.0      0.960     c3:17.38; c2:19.37
130 H1168v1TS125_4     125s    UltraFold_Server     0.817    0.817    -        -        C1        2        0.00     48       0        67.3     70.40      64.40       0.905      0.632      0.73           2          564        0.05     2.65       1.30       223.1      203.9      19.2       0.917     c3:17.54; c2:19.55
131 H1168v1TS374_5     374     Zheng                0.817    0.817    -        -        C1        2        0.00     52       1        67.3     72.50      62.70       0.907      0.656      0.73           2          564        0.04     2.16       1.35       66.7       111.8      -45.1      0.942     c3:17.46; c2:19.33
132 H1168v1TS125_3     125s    UltraFold_Server     0.816    0.816    -        -        C1        2        0.00     49       0        67.8     69.60      66.10       0.908      0.657      0.77           2          564        0.04     2.31       1.34       165.5      216.2      -50.7      0.936     c3:17.50; c2:19.42
133 H1168v1TS399_3     399     BeijingAIProtein     0.816    0.816    -        -        C1        2        0.00     49       0        67.8     69.60      66.10       0.908      0.657      0.77           2          564        0.04     2.31       1.34       165.5      216.2      -50.7      0.936     c3:17.50; c2:19.42
134 H1168v1TS071_5     071s    RaptorX-Multimer     0.816    0.816    -        -        C1        2        0.00     55       0        66.1     67.90      64.40       0.888      0.587      0.74           2          564        0.06     3.00       1.38       23.9       320.1      -296.2     0.943     c3:17.78; c2:19.32
135 H1168v1TS054_3     054     UltraFold            0.816    0.816    -        -        C1        2        0.00     49       0        67.8     69.60      66.10       0.908      0.657      0.77           2          564        0.04     2.31       1.34       165.5      216.2      -50.7      0.936     c3:17.50; c2:19.42
136 H1168v1TS320_4     320     Elofsson             0.814    0.814    -        -        C1        2        0.00     47       0        64.8     71.40      59.30       0.906      0.629      0.69           2          564        0.03     2.26       1.37       230.2      243.3      -13.1      0.938     c3:17.51; c2:19.47
137 H1168v1TS248_2     248     Manifold             0.814    0.814    -        -        C1        2        0.00     56       0        69.0     72.20      66.10       0.873      0.591      0.85           2          564        0.06     3.84       1.34       663.2      896.7      -233.5     0.871     c3:18.07; c2:19.76
138 H1168v1TS390_4     390s    NBIS-AF2-multimer    0.814    0.814    -        -        C1        2        0.00     47       0        64.8     71.40      59.30       0.906      0.629      0.69           2          564        0.03     2.26       1.37       230.2      243.3      -13.1      0.938     c3:17.51; c2:19.47
139 H1168v1TS462_5     462s    MultiFOLD            0.814    0.814    -        -        C1        2        0.00     47       0        67.8     69.60      66.10       0.888      0.561      0.81           2          564        0.07     3.56       1.47       67.4       144.0      -76.6      0.901     c3:17.84; c2:19.53
140 H1168v1TS035_2     035s    Manifold-E           0.814    0.814    -        -        C1        2        0.00     56       0        69.0     72.20      66.10       0.873      0.591      0.85           2          564        0.06     3.84       1.34       663.2      896.7      -233.5     0.871     c3:18.07; c2:19.76
141 H1168v1TS071_4     071s    RaptorX-Multimer     0.813    0.813    -        -        C1        2        0.00     55       0        70.7     71.90      69.50       0.898      0.636      0.78           2          564        0.05     2.23       1.40       242.4      431.8      -189.5     0.942     c3:17.50; c2:19.44
142 H1168v1TS054_2     054     UltraFold            0.811    0.811    -        -        C1        2        0.00     49       0        65.5     68.50      62.70       0.906      0.630      0.71           2          564        0.05     2.39       1.38       131.2      114.9      16.4       0.932     c3:17.51; c2:19.42
143 H1168v1TS125_2     125s    UltraFold_Server     0.811    0.811    -        -        C1        2        0.00     49       0        65.5     68.50      62.70       0.906      0.630      0.71           2          564        0.05     2.39       1.38       131.2      114.9      16.4       0.932     c3:17.51; c2:19.42
144 H1168v1TS399_2     399     BeijingAIProtein     0.811    0.811    -        -        C1        2        0.00     49       0        65.5     68.50      62.70       0.906      0.630      0.71           2          564        0.05     2.39       1.38       131.2      114.9      16.4       0.932     c3:17.51; c2:19.42
145 H1168v1TS350_1     350     ClusPro              0.810    0.810    -        -        C1        2        0.00     51       0        64.3     66.10      62.70       0.889      0.624      0.71           2          564        0.05     2.53       1.32       -793.5     -294.7     -498.8     0.924     c3:17.53; c2:19.51
146 H1168v1TS291_1     291     Kozakov-Vajda        0.810    0.810    -        -        C1        2        0.00     51       0        64.3     66.10      62.70       0.889      0.624      0.71           2          564        0.05     2.53       1.32       -793.5     -294.7     -498.8     0.924     c3:17.53; c2:19.51
147 H1168v1TS477_1     477     DMP                  0.809    0.809    -        -        C1        2        0.00     55       0        66.1     66.10      66.10       0.897      0.594      0.76           2          564        0.06     2.56       1.45       56.4       217.0      -160.6     0.927     c3:17.60; c2:19.58
148 H1168v1TS374_2     374     Zheng                0.808    0.808    -        -        C1        2        0.00     51       0        68.4     70.90      66.10       0.910      0.651      0.79           2          564        0.04     2.24       1.37       104.0      163.6      -59.5      0.940     c3:17.51; c2:19.39
149 H1168v1TS091_4     091     UNRES                0.808    0.808    -        -        C1        2        0.00     39       0        53.5     64.30      45.80       0.753      0.452      0.62           2          564        0.07     3.02       1.71       2401.6     1330.4     1071.2     0.902     c3:17.29; c2:19.31
150 H1168v1TS054_1     054     UltraFold            0.807    0.807    -        -        C1        2        0.00     51       0        65.6     63.50      67.80       0.894      0.539      0.83           2          564        0.09     4.48       1.46       424.5      206.7      217.9      0.816     c3:18.00; c2:20.14
151 H1168v1TS131_5     131s    Kiharalab_Server     0.807    0.807    -        -        C1        2        0.00     49       0        68.5     73.10      64.40       0.916      0.693      0.77           2          564        0.02     1.26       1.43       -130.0     79.2       -209.2     0.981     c3:17.23; c2:18.76
152 H1168v1TS125_1     125s    UltraFold_Server     0.807    0.807    -        -        C1        2        0.00     51       0        65.6     63.50      67.80       0.894      0.539      0.83           2          564        0.09     4.48       1.46       424.5      206.7      217.9      0.816     c3:18.00; c2:20.14
153 H1168v1TS439_5     439     Yang                 0.807    0.807    -        -        C1        2        0.00     57       0        60.7     64.20      57.60       0.876      0.625      0.81           2          564        0.04     2.28       1.51       -94.7      -1241.8    1147.1     0.936     c3:17.48; c2:19.50
154 H1168v1TS239_5     239s    Yang-Multimer        0.807    0.807    -        -        C1        2        0.00     57       0        60.7     64.20      57.60       0.876      0.625      0.81           2          564        0.04     2.28       1.51       -94.7      -1241.8    1147.1     0.936     c3:17.48; c2:19.50
155 H1168v1TS399_1     399     BeijingAIProtein     0.807    0.807    -        -        C1        2        0.00     51       0        65.6     63.50      67.80       0.894      0.539      0.83           2          564        0.09     4.48       1.46       424.5      206.7      217.9      0.816     c3:18.00; c2:20.14
156 H1168v1TS037_1     037     Wallner              0.805    0.805    -        -        C1        2        0.00     48       1        70.7     71.90      69.50       0.885      0.534      0.77           2          564        0.08     4.14       1.54       261.2      266.1      -4.9       0.834     c3:17.76; c2:19.93
157 H1168v1TS071_1     071s    RaptorX-Multimer     0.803    0.803    -        -        C1        2        0.00     54       0        67.8     69.60      66.10       0.898      0.596      0.76           2          564        0.06     2.54       1.46       184.7      414.6      -229.9     0.927     c3:17.57; c2:19.56
158 H1168v1TS444_2     444     CoDock               0.803    0.803    -        -        C1        2        0.00     47       0        69.5     69.50      69.50       0.880      0.676      0.83           2          564        0.04     2.09       1.38       343.0      497.1      -154.1     0.946     c3:17.55; c2:19.44
159 H1168v1TS434_2     434     Coqualia             0.797    0.797    -        -        C1        2        0.00     54       0        65.5     65.00      66.10       0.903      0.629      0.82           2          564        0.05     2.34       1.53       49.4       161.0      -111.7     0.935     c3:17.62; c2:19.57
160 H1168v1TS011_2     011s    GinobiFold-SER       0.797    0.797    -        -        C1        2        0.00     54       0        65.5     65.00      66.10       0.903      0.629      0.82           2          564        0.05     2.34       1.53       49.4       161.0      -111.7     0.935     c3:17.62; c2:19.57
161 H1168v1TS035_3     035s    Manifold-E           0.796    0.796    -        -        C1        2        0.00     52       0        64.3     67.90      61.00       0.892      0.574      0.71           2          564        0.06     3.21       1.39       706.0      1123.9     -417.9     0.889     c3:17.59; c2:19.68
162 H1168v1TS248_3     248     Manifold             0.796    0.796    -        -        C1        2        0.00     52       0        64.3     67.90      61.00       0.892      0.574      0.71           2          564        0.06     3.21       1.39       706.0      1123.9     -417.9     0.889     c3:17.59; c2:19.68
163 H1168v1TS314_5     314     Pierce               0.796    0.796    -        -        C1        2        0.00     57       0        57.9     64.60      52.50       0.889      0.678      0.78           2          564        0.02     1.76       1.29       197.3      175.0      22.2       0.960     c3:17.43; c2:19.14
164 H1168v1TS312_3     312     Fernandez-Recio      0.795    0.795    -        -        C1        2        0.00     59       0        70.5     68.30      72.90       0.875      0.714      0.78           2          564        0.02     2.37       1.41       270.8      458.4      -187.6     0.931     c3:17.56; c2:19.37
165 H1168v1TS227_2     227     GinobiFold           0.794    0.794    -        -        C1        2        0.00     52       0        62.2     61.70      62.70       0.904      0.641      0.79           2          564        0.04     2.41       1.51       97.6       214.4      -116.8     0.931     c3:17.52; c2:19.53
166 H1168v1TS133_2     133s    ShanghaiTech-TS-SER  0.794    0.794    -        -        C1        2        0.00     52       0        62.2     61.70      62.70       0.904      0.641      0.79           2          564        0.04     2.41       1.51       97.6       214.4      -116.8     0.931     c3:17.52; c2:19.53
167 H1168v1TS312_1     312     Fernandez-Recio      0.792    0.792    -        -        C1        2        0.00     64       0        71.1     69.40      72.90       0.880      0.645      0.80           2          564        0.04     2.34       1.61       363.9      482.7      -118.8     0.932     c3:17.55; c2:19.34
168 H1168v1TS494_2     494     Venclovas            0.790    0.790    -        -        C1        2        0.00     58       0        67.8     69.60      66.10       0.895      0.633      0.83           2          559        0.07     2.89       1.37       217.0      431.0      -213.9     0.895     c3:16.98; c2:19.40
169 H1168v1TS248_1     248     Manifold             0.778    0.778    -        -        C1        2        0.00     46       0        56.1     62.50      50.80       0.875      0.500      0.71           2          564        0.07     3.03       1.82       796.8      980.4      -183.6     0.954     c3:17.92; c2:19.16
170 H1168v1TS035_1     035s    Manifold-E           0.778    0.778    -        -        C1        2        0.00     46       0        56.1     62.50      50.80       0.875      0.500      0.71           2          564        0.07     3.03       1.82       796.8      980.4      -183.6     0.954     c3:17.92; c2:19.16
171 H1168v1TS257_1     257     WL_team              0.777    0.777    -        -        C1        2        0.00     46       0        67.3     72.50      62.70       0.768      0.557      0.70           2          564        0.05     2.58       1.59       1623.2     1067.0     556.1      0.930     c3:17.59; c2:19.56
172 H1168v1TS257_5     257     WL_team              0.772    0.772    -        -        C1        2        0.00     52       0        66.7     67.20      66.10       0.787      0.567      0.79           2          564        0.05     2.89       1.77       1183.5     572.5      611.1      0.943     c3:17.03; c2:19.45
173 H1168v1TS257_4     257     WL_team              0.769    0.769    -        -        C1        2        0.00     47       0        72.7     78.40      67.80       0.784      0.673      0.78           2          564        0.01     1.78       1.61       1742.1     687.8      1054.3     0.965     c3:17.17; c2:18.89
174 H1168v1TS493_2     493     Shen-CAPRI           0.762    0.762    -        -        C1        2        0.00     65       2        54.3     50.00      59.30       0.836      0.502      0.75           2          564        0.06     3.11       2.03       -974.0     -1050.4    76.4       0.897     c3:17.09; c2:18.54
175 H1168v1TS073_4     073s    DFolding-refine      0.759    0.759    -        -        C1        2        0.00     41       0        64.1     75.00      55.90       0.797      0.491      0.71           2          564        0.02     2.74       1.97       57.8       -1730.9    1788.7     0.924     c3:17.69; c2:18.97
176 H1168v1TS444_4     444     CoDock               0.745    0.745    -        -        C1        2        0.00     67       0        62.6     56.90      69.50       0.865      0.434      0.82           1          128        0.00     1.57       2.08       377.2      575.1      -198.0     0.775     c3:18.15; c2:20.22
177 H1168v1TS073_1     073s    DFolding-refine      0.740    0.740    -        -        C1        2        0.00     45       0        63.1     67.30      59.30       0.792      0.637      0.77           2          564        0.02     2.00       1.67       -302.9     -1630.1    1327.2     0.955     c3:17.28; c2:19.14
178 H1168v1TS205_1     205     Zou                  0.740    0.740    -        -        C1        2        0.00     54       0        65.6     63.50      67.80       0.819      0.529      0.76           2          564        0.03     3.17       1.74       856.4      166.0      690.4      0.901     c3:17.80; c2:19.84
179 H1168v1TS257_2     257     WL_team              0.738    0.738    -        -        C1        2        0.00     42       0        55.2     63.00      49.20       0.761      0.454      0.68           2          564        0.06     3.11       1.83       1521.4     851.8      669.6      0.906     c3:17.95; c2:19.83
180 H1168v1TS257_3     257     WL_team              0.737    0.737    -        -        C1        2        0.00     41       0        53.6     68.40      44.10       0.773      0.545      0.64           2          564        0.02     1.99       1.91       1440.7     814.5      626.2      0.953     c3:17.57; c2:19.20
181 H1168v1TS494_4     494     Venclovas            0.727    0.727    -        -        C1        2        0.00     55       1        60.7     64.20      57.60       0.866      0.603      0.81           2          564        0.03     2.21       1.67       817.8      669.6      148.2      0.961     c3:16.82; c2:18.26
182 H1168v1TS444_5     444     CoDock               0.713    0.713    -        -        C1        2        0.00     51       0        57.4     55.60      59.30       0.850      0.442      0.72           2          564        0.03     4.51       2.39       234.5      390.5      -155.9     0.804     c3:17.60; c2:19.71
183 H1168v1TS444_3     444     CoDock               0.701    0.701    -        -        C1        2        0.00     65       0        55.8     51.40      61.00       0.864      0.556      0.77           2          564        0.03     2.50       2.32       -315.7     145.0      -460.7     0.925     c3:17.12; c2:18.87
184 H1168v1TS444_1     444     CoDock               0.693    0.693    -        -        C1        2        0.00     64       1        58.2     52.00      66.10       0.858      0.480      0.81           2          564        0.06     4.27       2.29       74.1       363.8      -289.7     0.818     c3:17.71; c2:19.88
185 H1168v1TS035_4     035s    Manifold-E           0.690    0.690    -        -        C1        2        0.00     34       0        45.8     59.50      37.30       0.886      0.406      0.59           2          564        0.07     3.14       2.66       595.9      915.1      -319.2     0.907     c3:17.01; c2:18.72
186 H1168v1TS248_4     248     Manifold             0.690    0.690    -        -        C1        2        0.00     34       0        45.8     59.50      37.30       0.886      0.406      0.59           2          564        0.07     3.14       2.66       595.9      915.1      -319.2     0.907     c3:17.01; c2:18.72
187 H1168v1TS150_4     150     Grudinin             0.649    0.649    -        -        C1        2        0.00     14       1        34.7     81.20      22.00       0.894      0.369      0.36           2          564        0.05     2.95       2.15       931.3      550.9      380.4      0.899     c3:17.57; c2:19.52
188 H1168v1TS447_1     447     DELCLAB              0.637    0.637    -        -        C1        2        0.00     76       0        50.4     44.70      57.60       0.823      0.461      0.65           2          564        0.05     4.25       2.53       -1759.6    -1905.2    145.6      0.814     c3:18.01; c2:20.16
189 H1168v1TS288_4     288s    DFolding-server      0.528    0.528    -        -        C1        2        0.00     18       0        43.9     78.30      30.50       0.890      0.354      0.43           2          564        0.06     3.61       2.97       823.6      210.7      613.0      0.857     c3:17.67; c2:19.49
190 H1168v1TS187_4     187     TRFold               0.460    0.460    -        -        C1        2        0.00     10       0        33.8     72.20      22.00       0.886      0.285      0.31           2          564        0.07     3.94       3.40       1129.6     390.5      739.1      0.841     c3:17.70; c2:19.50
191 H1168v1TS423_5     423     trComplex            0.460    0.460    -        -        C1        2        0.00     10       0        33.8     72.20      22.00       0.886      0.285      0.31           2          564        0.07     3.94       3.40       1129.6     390.5      739.1      0.841     c3:17.70; c2:19.50
192 H1168v1TS447_3     447     DELCLAB              0.389    0.389    -        -        C1        2        0.00     45       0        18.3     20.00      16.90       0.813      0.291      0.44           2          564        0.05     4.54       4.26       -1481.3    -1882.3    401.0      0.804     c3:17.51; c2:18.51
193 H1168v1TS447_4     447     DELCLAB              0.382    0.382    -        -        C1        2        0.00     57       1        19.5     20.40      18.60       0.815      0.186      0.57           1          128        0.00     1.52       4.69       -1506.3    -1791.1    284.8      0.755     c3:17.90; c2:19.58
194 H1168v1TS447_2     447     DELCLAB              0.314    0.314    -        -        C1        2        0.00     47       0        12.4     13.00      11.90       0.813      0.180      0.51           1          128        0.00     1.54       4.98       -1346.3    -1758.1    411.8      0.767     c3:17.76; c2:19.72
195 H1168v1TS447_5     447     DELCLAB              0.289    0.289    -        -        C1        2        0.00     53       0        14.2     14.80      13.60       0.813      0.152      0.44           1          128        0.00     1.75       4.97       -1510.0    -1777.2    267.2      0.742     c3:17.96; c2:20.04
196 H1168v1TS150_3     150     Grudinin             0.238    0.238    -        -        C1        2        0.00     34       0        10.6     14.30      8.50        0.887      0.082      0.46           1          128        0.00     1.02       8.72       501.5      395.9      105.7      0.815     c3:18.91; c2:19.05
197 H1168v1TS398_4     398     ChaePred             0.219    0.219    -        -        C1        2        0.00     68       0        15.2     13.70      16.90       0.870      0.113      0.62           1          128        0.00     1.34       7.49       -184.4     -71.0      -113.3     0.801     c3:17.07; c2:19.16
198 H1168v1TS278_2     278     PEZYFoldings         0.182    0.182    -        -        C1        2        0.00     69       1        18.3     16.70      20.30       0.881      0.135      0.67           1          436        0.00     0.74       8.14       -194.3     138.0      -332.3     0.829     c3:17.33; c2:17.55
199 H1168v1TS398_2     398     ChaePred             0.168    0.168    -        -        C1        2        0.00     72       2        5.8      5.00       6.80        0.857      0.087      0.57           1          128        0.00     1.34       8.37       -145.3     -37.5      -107.8     0.806     c3:17.57; c2:17.62
200 H1168v1TS165_1     165     FTBiot0119           0.166    0.166    -        -        C1        2        0.00     104      3        11.7     9.50       15.30       0.824      0.198      0.45           1          128        0.00     1.07       5.91       -661.7     -295.3     -366.4     0.845     c3:17.41; c2:17.37
201 H1168v1TS119_4     119     Kiharalab            0.155    0.155    -        -        C1        2        0.00     26       1        7.1      11.50      5.10        0.895      0.054      0.39           1          436        0.00     0.72       12.59      201.1      185.3      15.7       0.810     c3:17.90; c2:18.61
202 H1168v1TS288_3     288s    DFolding-server      0.154    0.154    -        -        C1        2        0.00     11       0        13.0     27.80      8.50        0.883      0.084      0.29           1          128        0.00     1.40       9.04       1070.7     466.8      603.9      0.799     c3:17.43; c2:19.51
203 H1168v1TS278_3     278     PEZYFoldings         0.144    0.144    -        -        C1        2        0.00     66       1        4.6      4.20       5.10        0.872      0.050      0.45           1          128        0.00     1.20       11.45      -146.0     119.2      -265.2     0.729     c3:18.28; c2:17.90
204 H1168v1TS073_3     073s    DFolding-refine      0.138    0.138    -        -        C1        2        0.00     30       0        13.0     18.20      10.20       0.768      0.080      0.44           1          436        0.00     2.66       9.09       121.3      -1778.6    1900.0     0.758     c3:17.07; c2:18.62
205 H1168v1TS185_5     185     BAKER                0.134    0.134    -        -        C1        2        0.00     37       0        0.0      0.00       0.00        0.873      0.065      0.50           1          436        0.00     1.25       8.03       1251.5     1210.3     41.1       0.816     c3:17.24; c2:18.56
206 H1168v1TS314_3     314     Pierce               0.127    0.127    -        -        C1        2        0.00     91       3        7.8      6.40       10.20       0.867      0.068      0.43           1          128        0.00     1.28       9.59       -184.8     316.4      -501.2     0.796     c3:17.77; c2:18.24
207 H1168v1TS461_5     461     colabfold_human      0.111    0.111    -        -        C1        2        0.00     33       0        9.1      13.80      6.80        0.877      0.068      0.41           1          128        0.00     1.56       11.78      564.0      315.6      248.4      0.711     c3:19.48; c2:21.08
208 H1168v1TS446_5     446s    ColabFold            0.111    0.111    -        -        C1        2        0.00     33       0        9.1      13.80      6.80        0.877      0.068      0.41           1          128        0.00     1.56       11.78      564.0      315.6      248.4      0.711     c3:19.48; c2:21.08
209 H1168v1TS037_2     037     Wallner              0.104    0.104    -        -        C1        2        0.00     32       0        4.4      6.50       3.40        0.883      0.058      0.42           1          128        0.00     1.02       11.60      412.8      212.6      200.2      0.789     c3:18.66; c2:20.27
210 H1168v1TS187_5     187     TRFold               0.102    0.102    -        -        C1        2        0.00     27       0        4.8      8.30       3.40        0.887      0.056      0.45           1          128        0.00     1.22       11.48      512.9      221.7      291.1      0.799     c3:18.37; c2:19.93
211 H1168v1TS205_3     205     Zou                  0.101    0.101    -        -        C1        2        0.00     27       0        9.3      14.80      6.80        0.882      0.067      0.39           1          128        0.00     0.99       12.03      442.2      89.8       352.5      0.804     c3:18.65; c2:20.07
212 H1168v1TS150_5     150     Grudinin             0.100    0.100    -        -        C1        2        0.00     25       0        7.0      11.10      5.10        0.886      0.063      0.40           1          436        0.00     1.28       11.87      442.0      278.5      163.5      0.801     c3:18.70; c2:20.17
213 H1168v1TS348_3     348     Takeda-Shitaka_Lab   0.098    0.098    -        -        C1        2        0.00     24       0        7.2      12.50      5.10        0.888      0.062      0.40           1          128        0.00     1.02       11.75      584.4      244.0      340.4      0.806     c3:18.44; c2:19.90
214 H1168v1TS091_3     091     UNRES                0.093    0.093    -        -        C1        2        0.00     41       0        7.0      7.30       6.80        0.742      0.074      0.51           1          128        0.00     1.51       12.00      2118.1     1430.1     688.0      0.790     c3:18.65; c2:20.24
215 H1168v1TS288_5     288s    DFolding-server      0.088    0.088    -        -        C1        2        0.00     18       0        5.3      11.80      3.40        0.886      0.054      0.36           1          436        0.00     1.08       11.83      890.8      409.4      481.4      0.803     c3:18.33; c2:19.67
216 H1168v1TS205_4     205     Zou                  0.078    0.078    -        -        C1        2        0.00     42       0        5.7      6.50       5.10        0.789      0.064      0.32           1          128        0.00     2.04       11.98      867.2      -21.4      888.6      0.774     c3:18.98; c2:20.45
217 H1168v1TS073_5     073s    DFolding-refine      0.072    0.072    -        -        C1        2        0.00     9        0        0.0      0.00       0.00        0.773      0.041      0.31           1          436        0.00     1.57       12.42      950.9      -973.3     1924.2     0.789     c3:18.58; c2:19.83
218 H1168v1TS234_5     234     Panlab               0.069    0.069    -        -        C1        2        0.00     7        0        0.0      0.00       0.00        0.632      0.011      0.11           1          128        0.00     2.58       10.76      3478.8     -1844.1    5322.9     0.410     c3:24.01; c2:24.40
219 H1168v1TS291_2     291     Kozakov-Vajda        0.068    0.068    -        -        C1        2        0.00     28       0        4.3      5.70       3.40        0.847      0.083      0.30           1          436        0.00     1.23       7.72       -435.8     -318.5     -117.3     0.819     c3:17.87; c2:18.51
220 H1168v1TS205_5     205     Zou                  0.068    0.068    -        -        C1        2        0.00     44       0        1.8      1.90       1.70        0.877      0.051      0.38           1          128        0.00     1.53       12.12      96.6       -225.4     321.9      0.757     c3:19.55; c2:20.68
221 H1168v1TS350_2     350     ClusPro              0.068    0.068    -        -        C1        2        0.00     28       0        4.3      5.70       3.40        0.847      0.083      0.30           1          436        0.00     1.23       7.72       -435.8     -318.5     -117.3     0.819     c3:17.87; c2:18.51
222 H1168v1TS248_5     248     Manifold             0.068    0.068    -        -        C1        2        0.00     30       0        4.3      6.10       3.40        0.855      0.060      0.29           1          436        0.00     1.49       12.58      1335.6     1111.9     223.8      0.798     c3:19.86; c2:20.73
223 H1168v1TS312_4     312     Fernandez-Recio      0.068    0.068    -        -        C1        2        0.00     50       0        1.8      1.90       1.70        0.844      0.062      0.26           1          128        0.00     1.34       10.39      1268.5     758.4      510.1      0.784     c3:20.20; c2:20.78
224 H1168v1TS035_5     035s    Manifold-E           0.068    0.068    -        -        C1        2        0.00     30       0        4.3      6.10       3.40        0.855      0.060      0.29           1          436        0.00     1.49       12.58      1335.6     1111.9     223.8      0.798     c3:19.86; c2:20.73
225 H1168v1TS205_2     205     Zou                  0.067    0.067    -        -        C1        2        0.00     67       0        4.8      4.50       5.10        0.876      0.074      0.39           1          128        0.00     1.54       10.17      -332.3     -314.9     -17.4      0.794     c3:18.50; c2:20.31
226 H1168v1TS314_4     314     Pierce               0.062    0.062    -        -        C1        2        0.00     71       0        3.0      2.70       3.40        0.871      0.074      0.37           1          128        0.00     1.28       8.03       -202.8     231.5      -434.3     0.817     c3:19.06; c2:20.63
227 H1168v1TS185_2     185     BAKER                0.055    0.055    -        -        C1        2        0.00     43       0        0.0      0.00       0.00        0.866      0.049      0.37           1          436        0.00     1.32       9.85       939.7      1082.0     -142.2     0.804     c3:17.56; c2:18.69
228 H1168v1TS234_1     234     Panlab               0.050    0.050    -        -        C1        2        0.00     15       0        2.7      6.70       1.70        0.632      0.025      0.24           1          128        0.00     2.58       13.14      3029.5     -2040.3    5069.9     0.446     c3:26.03; c2:27.15
229 H1168v1TS234_3     234     Panlab               0.047    0.047    -        -        C1        2        0.00     10       0        0.0      0.00       0.00        0.631      0.010      0.08           1          128        0.00     2.58       13.77      2931.4     -2026.6    4958.0     0.119     c3:23.91; c2:25.23
230 H1168v1TS185_4     185     BAKER                0.045    0.045    -        -        C1        2        0.00     41       0        0.0      0.00       0.00        0.872      0.046      0.36           1          436        0.00     1.37       10.04      526.1      872.8      -346.7     0.802     c3:17.69; c2:18.55
231 H1168v1TS165_2     165     FTBiot0119           0.043    0.043    -        -        C1        2        0.00     160      7        2.8      1.90       5.10        0.804      0.074      0.35           1          128        0.00     1.89       9.99       -1047.1    -832.3     -214.8     0.784     c3:18.28; c2:19.82
232 H1168v1TS278_4     278     PEZYFoldings         0.042    0.042    -        -        C1        2        0.00     13       0        2.9      10.00      1.70        0.877      0.052      0.22           1          128        0.00     1.21       12.39      979.1      463.7      515.4      0.720     c3:19.56; c2:21.02
233 H1168v1TS398_3     398     ChaePred             0.031    0.031    -        -        C1        2        0.00     88       2        0.0      0.00       0.00        0.859      0.067      0.25           1          128        0.00     1.34       10.30      -373.8     -296.0     -77.8      0.805     c3:18.26; c2:19.64
234 H1168v1TS185_1     185     BAKER                0.015    0.015    -        -        C1        2        0.00     33       0        0.0      0.00       0.00        0.853      0.051      0.18           1          128        0.00     0.99       10.79      893.7      878.9      14.8       0.769     c3:17.99; c2:18.37
235 H1168v1TS278_5     278     PEZYFoldings         0.015    0.015    -        -        C1        2        0.00     72       3        0.0      0.00       0.00        0.859      0.051      0.35           1          128        0.00     1.10       8.14       -45.3      -2.0       -43.3      0.781     c3:17.48; c2:17.05
236 H1168v1TS234_2     234     Panlab               0.008    0.008    -        -        C1        2        0.00     20       0        0.0      0.00       0.00        0.629      0.023      0.18           1          128        0.00     2.58       13.97      2714.3     -2132.8    4847.1     0.432     c3:21.57; c2:22.10
237 H1168v1TS493_1     493     Shen-CAPRI           0.004    0.005    -        -        C1        2        0.00     82       0        0.0      0.00       0.00        0.805      0.044      0.22           1          128        0.00     1.86       12.55      -1021.4    -1159.6    138.1      0.770     c3:19.85; c2:20.59
238 H1168v1TS165_4     165     FTBiot0119           0.001    0.001    -        -        C1        2        0.00     91       1        0.0      0.00       0.00        0.746      0.043      0.21           1          128        0.00     0.96       13.05      -1492.8    -706.0     -786.8     0.767     c3:18.97; c2:19.79
239 H1168v1TS215_5     215s    XRC_VU               0.000    0.000    -        -        C1        2        0.00     0        0        -        -          -           0.839      0.007      -              1          436        0.00     1.35       -          2171.9     1255.1     916.8      0.760     c3:19.59; c2:20.59
240 H1168v1TS234_4     234     Panlab               0.000    0.000    -        -        C1        2        0.00     24       0        0.0      0.00       0.00        0.629      0.009      0.07           1          128        0.00     2.58       13.56      3018.2     -1961.5    4979.7     0.409     c3:25.66; c2:25.98
241 H1168v1TS147_5     147     SHT                  0.000    0.000    -        -        C1        2        0.00     85       0        0.0      0.00       0.00        0.816      0.022      0.09           1          128        0.00     1.81       14.15      -2631.4    -2916.9    285.5      0.768     c3:19.19; c2:19.13
242 H1168v1TS098_3     098s    GuijunLab-Assembly   0.000    0.000    -        -        C1        2        0.00     78       6        0.0      0.00       0.00        0.719      0.003      0.00           1          128        0.00     1.60       40.07      686.2      538.4      147.8      0.081     c3:17.81; c2:19.70
243 H1168v1TS188_3     188s    GuijunLab-DeepDA     0.000    0.000    -        -        C1        2        0.00     10       1        0.0      0.00       0.00        0.734      0.028      0.20           1          128        0.00     1.61       19.17      1564.1     872.4      691.7      0.696     c3:17.92; c2:19.04
244 H1168v1TS147_3     147     SHT                  0.000    0.000    -        -        C1        2        0.00     78       0        0.0      0.00       0.00        0.808      0.018      0.12           1          436        0.00     1.74       17.79      -2058.1    -2727.6    669.5      0.758     c3:18.17; c2:18.98
245 H1168v1TS147_1     147     SHT                  0.000    0.000    -        -        C1        2        0.00     86       1        0.0      0.00       0.00        0.809      0.026      0.11           1          436        0.00     1.69       14.79      -2494.0    -2691.2    197.2      0.764     c3:18.69; c2:19.21
246 H1168v1TS333_2     333s    FALCON0              0.000    0.000    -        -        C1        2        0.00     26       1        0.0      0.00       0.00        0.347      0.001      0.00           1          215        0.00     9.28       72.52      12720.8    3384.3     9336.5     0.259     c3:31.74; c2:51.50
247 H1168v1TS215_3     215s    XRC_VU               0.000    0.000    -        -        C1        2        0.00     15       0        0.0      0.00       0.00        0.838      0.008      0.00           1          128        0.00     1.63       19.65      1402.2     709.0      693.2      0.715     c3:19.20; c2:18.91
248 H1168v1TS368_3     368s    FALCON2              0.000    0.000    -        -        C1        2        0.00     17       0        0.0      0.00       0.00        0.285      0.002      0.00           1          120        0.00     9.58       54.21      10171.7    2440.7     7731.0     0.180     c3:31.52; c2:35.95
249 H1168v1TS215_2     215s    XRC_VU               0.000    0.000    -        -        C1        2        0.00     9        0        0.0      0.00       0.00        0.836      0.008      0.04           1          128        0.00     1.40       24.27      1931.3     1019.6     911.7      0.687     c3:17.48; c2:18.73
250 H1168v1TS350_5     350     ClusPro              0.000    0.000    -        -        C1        2        0.00     38       0        0.0      0.00       0.00        0.841      0.043      0.22           1          436        0.00     1.65       11.56      -732.5     -432.6     -299.9     0.799     c3:19.05; c2:18.61
251 H1168v1TS441_4     441     OpenFold             0.000    0.000    -        -        C1        2        0.00     24       0        0.0      0.00       0.00        0.831      0.011      0.03           1          436        0.00     1.50       22.26      1062.0     685.9      376.1      0.757     c3:17.77; c2:18.45
252 H1168v1TS441_5     441     OpenFold             0.000    0.000    -        -        C1        2        0.00     47       0        0.0      0.00       0.00        0.826      0.010      0.00           1          436        0.00     1.40       22.32      381.1      435.2      -54.1      0.760     c3:19.41; c2:19.91
253 H1168v1TS169_3     169     GuijunLab-Human      0.000    0.000    -        -        C1        2        0.00     10       1        0.0      0.00       0.00        0.734      0.028      0.20           1          128        0.00     1.61       19.17      1564.1     872.4      691.7      0.696     c3:17.92; c2:19.04
254 H1168v1TS098_2     098s    GuijunLab-Assembly   0.000    0.000    -        -        C1        2        0.00     11       0        0.0      0.00       0.00        0.732      0.027      0.22           1          128        0.00     1.61       19.17      1610.2     824.7      785.5      0.703     c3:18.11; c2:19.17
255 H1168v1TS185_3     185     BAKER                0.000    0.000    -        -        C1        2        0.00     43       0        0.0      0.00       0.00        0.863      0.098      0.34           1          128        0.00     1.28       9.94       912.1      859.1      53.0       0.823     c3:17.14; c2:17.93
256 H1168v1TS188_5     188s    GuijunLab-DeepDA     0.000    0.000    -        -        C1        2        0.00     9        1        0.0      0.00       0.00        0.718      0.004      0.00           1          128        0.00     1.68       34.11      5605.5     2198.4     3407.1     0.385     c3:24.16; c2:24.38
257 H1168v1TS098_1     098s    GuijunLab-Assembly   0.000    0.000    -        -        C1        2        0.00     72       5        0.0      0.00       0.00        0.727      0.004      0.00           1          128        0.00     1.50       36.48      3930.2     1256.7     2673.5     0.387     c3:21.73; c2:22.81
258 H1168v1TS493_4     493     Shen-CAPRI           0.000    0.000    -        -        C1        2        0.00     61       0        0.0      0.00       0.00        0.830      0.034      0.20           1          436        0.00     1.13       12.90      -1712.8    -1636.2    -76.6      0.793     c3:18.64; c2:18.18
259 H1168v1TS433_5     433     OpenFold-SingleSeq   0.000    0.000    -        -        C1        2        0.00     47       0        0.0      0.00       0.00        0.826      0.010      0.00           1          436        0.00     1.40       22.32      381.1      435.2      -54.1      0.760     c3:19.41; c2:19.91
260 H1168v1TS169_4     169     GuijunLab-Human      0.000    0.000    -        -        C1        2        0.00     11       1        0.0      0.00       0.00        0.730      0.028      0.18           1          128        0.00     1.61       19.11      1557.5     870.1      687.4      0.693     c3:18.00; c2:19.05
261 H1168v1TS433_3     433     OpenFold-SingleSeq   0.000    0.000    -        -        C1        2        0.00     8        0        0.0      0.00       0.00        0.834      0.029      0.02           1          436        0.00     1.22       16.34      1467.1     961.0      506.1      0.795     c3:17.76; c2:18.77
262 H1168v1TS433_1     433     OpenFold-SingleSeq   0.000    0.000    -        -        C1        2        0.00     36       0        0.0      0.00       0.00        0.826      0.011      0.04           1          436        0.00     1.43       22.22      658.9      337.3      321.6      0.759     c3:17.56; c2:18.32
263 H1168v1TS398_1     398     ChaePred             0.000    0.000    -        -        C1        2        0.00     83       0        0.0      0.00       0.00        0.856      0.052      0.23           1          128        0.00     1.34       11.15      -318.5     -285.2     -33.3      0.778     c3:18.66; c2:20.27
264 H1168v1TS433_2     433     OpenFold-SingleSeq   0.000    0.000    -        -        C1        2        0.00     7        0        0.0      0.00       0.00        0.834      0.017      0.02           1          436        0.00     1.15       20.00      1468.8     1056.9     411.8      0.772     c3:17.74; c2:18.76
265 H1168v1TS350_3     350     ClusPro              0.000    0.000    -        -        C1        2        0.00     51       0        0.0      0.00       0.00        0.836      0.041      0.24           1          436        0.00     1.66       13.40      -1168.6    -543.6     -625.0     0.783     c3:19.45; c2:19.97
266 H1168v1TS291_3     291     Kozakov-Vajda        0.000    0.000    -        -        C1        2        0.00     51       0        0.0      0.00       0.00        0.836      0.041      0.24           1          436        0.00     1.66       13.40      -1168.6    -543.6     -625.0     0.783     c3:19.45; c2:19.97
267 H1168v1TS333_4     333s    FALCON0              0.000    0.000    -        -        C1        2        0.00     0        0        -        -          -           0.366      0.001      -              1          215        0.00     8.18       -          17453.6    5530.1     11923.6    0.313     c3:40.35; c2:41.41
268 H1168v1TS098_5     098s    GuijunLab-Assembly   0.000    0.000    -        -        C1        2        0.00     78       6        0.0      0.00       0.00        0.719      0.003      0.00           1          128        0.00     1.60       40.07      686.2      538.4      147.8      0.081     c3:17.81; c2:19.70
269 H1168v1TS433_4     433     OpenFold-SingleSeq   0.000    0.000    -        -        C1        2        0.00     24       0        0.0      0.00       0.00        0.831      0.011      0.03           1          436        0.00     1.50       22.26      1062.0     685.9      376.1      0.757     c3:17.77; c2:18.45
270 H1168v1TS493_5     493     Shen-CAPRI           0.000    0.000    -        -        C1        2        0.00     74       0        0.0      0.00       0.00        0.818      0.032      0.16           1          128        0.00     2.23       14.96      -1659.5    -1564.8    -94.7      0.752     c3:17.33; c2:18.80
271 H1168v1TS494_3     494     Venclovas            0.000    0.000    -        -        C1        2        0.00     72       0        0.0      0.00       0.00        0.818      0.023      0.07           1          123        0.00     0.96       15.89      -169.0     110.9      -279.9     0.751     c3:18.12; c2:19.21
272 H1168v1TS368_4     368s    FALCON2              0.000    0.000    -        -        C1        2        0.00     0        0        -        -          -           0.366      0.001      -              1          215        0.00     8.18       -          17453.6    5530.1     11923.6    0.313     c3:40.35; c2:41.41
273 H1168v1TS098_4     098s    GuijunLab-Assembly   0.000    0.000    -        -        C1        2        0.00     11       0        0.0      0.00       0.00        0.732      0.027      0.22           1          128        0.00     1.61       19.17      1610.2     824.7      785.5      0.703     c3:18.11; c2:19.17
274 H1168v1TS291_4     291     Kozakov-Vajda        0.000    0.000    -        -        C1        2        0.00     46       0        0.0      0.00       0.00        0.835      0.025      0.06           1          436        0.00     1.94       16.00      -1090.7    -616.2     -474.5     0.754     c3:18.90; c2:19.60
275 H1168v1TS333_3     333s    FALCON0              0.000    0.000    -        -        C1        2        0.00     17       0        0.0      0.00       0.00        0.285      0.002      0.00           1          120        0.00     9.58       54.21      10171.7    2440.7     7731.0     0.180     c3:31.52; c2:35.95
276 H1168v1TS188_4     188s    GuijunLab-DeepDA     0.000    0.000    -        -        C1        2        0.00     6        0        0.0      0.00       0.00        0.723      0.003      0.00           1          128        0.00     1.55       44.86      5838.3     2424.4     3413.8     0.382     c3:25.07; c2:25.86
277 H1168v1TS493_3     493     Shen-CAPRI           0.000    0.000    -        -        C1        2        0.00     72       0        0.0      0.00       0.00        0.809      0.037      0.21           1          128        0.00     1.73       12.15      -883.3     -1077.8    194.4      0.733     c3:18.43; c2:20.07
278 H1168v1TS441_3     441     OpenFold             0.000    0.000    -        -        C1        2        0.00     8        0        0.0      0.00       0.00        0.834      0.029      0.02           1          436        0.00     1.22       16.34      1467.1     961.0      506.1      0.795     c3:17.76; c2:18.77
279 H1168v1TS165_3     165     FTBiot0119           0.000    0.000    -        -        C1        2        0.00     86       1        0.0      0.00       0.00        0.770      0.041      0.20           1          128        0.00     1.01       13.04      -1172.9    -493.2     -679.7     0.774     c3:18.72; c2:19.63
280 H1168v1TS441_2     441     OpenFold             0.000    0.000    -        -        C1        2        0.00     7        0        0.0      0.00       0.00        0.834      0.017      0.02           1          436        0.00     1.15       20.00      1468.8     1056.9     411.8      0.772     c3:17.74; c2:18.76
281 H1168v1TS398_5     398     ChaePred             0.000    0.000    -        -        C1        2        0.00     91       1        0.0      0.00       0.00        0.851      0.043      0.22           1          128        0.00     1.34       10.65      -498.7     -279.0     -219.7     0.786     c3:19.11; c2:20.35
282 H1168v1TS368_5     368s    FALCON2              0.000    0.000    -        -        C1        2        0.00     0        0        -        -          -           0.355      0.001      -              1          216        0.00     9.86       -          18015.5    6022.8     11992.7    0.292     c3:47.93; c2:36.65
283 H1168v1TS368_2     368s    FALCON2              0.000    0.000    -        -        C1        2        0.00     26       1        0.0      0.00       0.00        0.347      0.001      0.00           1          215        0.00     9.28       72.52      12720.8    3384.3     9336.5     0.259     c3:31.74; c2:51.50
284 H1168v1TS333_5     333s    FALCON0              0.000    0.000    -        -        C1        2        0.00     0        0        -        -          -           0.355      0.001      -              1          216        0.00     9.86       -          18015.5    6022.8     11992.7    0.292     c3:47.93; c2:36.65
285 H1168v1TS312_2     312     Fernandez-Recio      0.000    0.000    -        -        C1        2        0.00     63       0        0.0      0.00       0.00        0.846      0.005      0.06           1          128        0.00     1.35       25.60      510.2      627.7      -117.5     0.736     c3:17.92; c2:19.44
286 H1168v1TS291_5     291     Kozakov-Vajda        0.000    0.000    -        -        C1        2        0.00     38       0        0.0      0.00       0.00        0.841      0.043      0.22           1          436        0.00     1.65       11.56      -732.5     -432.6     -299.9     0.799     c3:19.05; c2:18.61
287 H1168v1TS188_2     188s    GuijunLab-DeepDA     0.000    0.000    -        -        C1        2        0.00     11       1        0.0      0.00       0.00        0.730      0.028      0.18           1          128        0.00     1.61       19.11      1557.5     870.1      687.4      0.693     c3:18.00; c2:19.05
288 H1168v1TS350_4     350     ClusPro              0.000    0.000    -        -        C1        2        0.00     46       0        0.0      0.00       0.00        0.835      0.025      0.06           1          436        0.00     1.94       16.00      -1090.7    -616.2     -474.5     0.754     c3:18.90; c2:19.60
289 H1168v1TS188_1     188s    GuijunLab-DeepDA     0.000    0.000    -        -        C1        2        0.00     8        0        0.0      0.00       0.00        0.739      0.027      0.20           1          128        0.00     1.61       19.30      1584.3     882.1      702.1      0.696     c3:18.01; c2:19.07
290 H1168v1TS067_2     067     ESM-single-sequence  0.000    0.000    -        -        C1        2        0.00     12       0        0.0      0.00       0.00        0.707      0.005      0.07           1          436        0.00     1.28       26.04      1168.4     318.5      849.9      0.759     c3:18.60; c2:17.29
291 H1168v1TS067_1     067     ESM-single-sequence  0.000    0.000    -        -        C1        2        0.00     9        0        0.0      0.00       0.00        0.707      0.004      0.00           1          436        0.00     1.64       26.91      326.1      4.5        321.6      0.748     c3:17.44; c2:18.73
292 H1168v1TS441_1     441     OpenFold             0.000    0.000    -        -        C1        2        0.00     36       0        0.0      0.00       0.00        0.826      0.011      0.04           1          436        0.00     1.43       22.22      658.9      337.3      321.6      0.759     c3:17.56; c2:18.32
293 H1168v1TS165_5     165     FTBiot0119           0.000    0.000    -        -        C1        2        0.00     106      4        0.0      0.00       0.00        0.755      0.031      0.21           1          128        0.00     1.08       14.98      -1566.8    -674.9     -891.9     0.754     c3:18.82; c2:18.66
294 H1168v1TS169_1     169     GuijunLab-Human      0.000    0.000    -        -        C1        2        0.00     78       6        0.0      0.00       0.00        0.719      0.003      0.00           1          128        0.00     1.60       40.07      686.2      538.4      147.8      0.081     c3:17.81; c2:19.70
295 H1168v1TS169_2     169     GuijunLab-Human      0.000    0.000    -        -        C1        2        0.00     78       6        0.0      0.00       0.00        0.719      0.003      0.00           1          128        0.00     1.60       40.07      686.2      538.4      147.8      0.081     c3:17.81; c2:19.70
296 H1168v1TS169_5     169     GuijunLab-Human      0.000    0.000    -        -        C1        2        0.00     8        0        0.0      0.00       0.00        0.739      0.027      0.20           1          128        0.00     1.61       19.30      1584.3     882.1      702.1      0.696     c3:18.01; c2:19.07
297 H1168v1TS215_4     215s    XRC_VU               0.000    0.000    -        -        C1        2        0.00     6        0        0.0      0.00       0.00        0.824      0.008      0.00           1          436        0.00     2.92       24.49      2104.9     1180.9     924.0      0.702     c3:18.16; c2:19.51
298 H1168v1TS494_5     494     Venclovas            0.000    0.000    -        -        C1        2        0.00     48       0        0.0      0.00       0.00        0.861      0.036      0.13           1          123        0.00     0.92       14.43      -490.2     -288.4     -201.8     0.760     c3:18.71; c2:18.85
299 H1168v1TS147_4     147     SHT                  0.000    0.000    -        -        C1        2        0.00     64       0        0.0      0.00       0.00        0.809      0.027      0.15           1          128        0.00     1.43       12.66      -1689.5    -2314.0    624.5      0.774     c3:18.67; c2:18.76
300 H1168v1TS147_2     147     SHT                  0.000    0.000    -        -        C1        2        0.00     81       1        0.0      0.00       0.00        0.808      0.030      0.17           1          436        0.00     1.56       13.93      -2630.3    -2839.9    209.6      0.770     c3:18.61; c2:19.30
301 H1168v1TS215_1     215s    XRC_VU               0.000    0.000    -        -        C1        2        0.00     43       0        0.0      0.00       0.00        0.852      0.009      0.01           1          436        0.00     1.42       15.93      552.3      380.2      172.0      0.761     c3:17.27; c2:19.19
302 H1168v1TS368_1     368s    FALCON2              -        -        -        -        C1        2        0.00     0        0        -        -          -           -          -          -              1          124        0.00     9.60       -          5738.9     -5228.4    10765.0    0.220     c3:31.14; c2:33.32
303 H1168v1TS333_1     333s    FALCON0              -        -        -        -        C1        2        0.00     0        0        -        -          -           -          -          -              1          124        0.00     9.60       -          5738.9     -5228.4    10765.0    0.220     c3:31.14; c2:33.32