    Model              Gr.Code Group                QSglob   QSbest   Mol.Size Stoich.  Symm.     SymmSize SymmRMSD No.Conts No.Clash F1       Prec.Iface Recal.Iface lDDToligo  DockQ_Avg  Jaccard.Coeff. Align.Size Align.Len  Orient   LocalRMSD  Iface.RMSD SA.total   SA.polar  SA.apolar  TMscore    SymmGr.RMSD
1   H1166v1TS150_4     150     Grudinin             0.386    0.421    -        -        C1        2        0.00     22       0        26.1     37.50      20.00       0.831      0.117      0.41           1          115        0.00     0.85       5.16       701.6      1024.3     -322.7     0.581     c3:19.37; c2:22.40
2   H1166v1TS035_3     035s    Manifold-E           0.377    0.377    -        -        C1        2        0.00     36       0        29.5     30.20      28.90       0.817      0.146      0.34           1          438        0.00     1.71       4.87       1542.1     1783.3     -241.2     0.811     c3:21.16; c2:22.86
3   H1166v1TS248_3     248     Manifold             0.377    0.377    -        -        C1        2        0.00     36       0        29.5     30.20      28.90       0.817      0.146      0.34           1          438        0.00     1.71       4.87       1542.1     1783.3     -241.2     0.811     c3:21.16; c2:22.86
4   H1166v1TS494_2     494     Venclovas            0.360    0.360    -        -        C1        2        0.00     39       0        28.8     25.40      33.30       0.822      0.161      0.36           1          113        0.00     0.87       5.19       350.3      1145.6     -795.3     0.696     c3:18.99; c2:20.51
5   H1166v1TS205_3     205     Zou                  0.359    0.368    -        -        C1        2        0.00     48       0        22.2     20.40      24.40       0.751      0.121      0.40           1          115        0.00     1.30       6.54       738.5      666.5      72.1       0.575     c3:19.43; c2:22.49
6   H1166v1TS188_3     188s    GuijunLab-DeepDA     0.357    0.372    -        -        C1        2        0.00     43       0        20.9     22.00      20.00       0.812      0.113      0.40           1          115        0.00     0.85       5.94       915.9      1395.2     -479.4     0.577     c3:19.53; c2:22.62
7   H1166v1TS320_5     320     Elofsson             0.347    0.365    -        -        C1        2        0.00     42       1        20.2     20.50      20.00       0.827      0.113      0.42           1          115        0.00     0.85       5.91       216.1      863.1      -647.0     0.579     c3:19.46; c2:22.58
8   H1166v1TS390_5     390s    NBIS-AF2-multimer    0.347    0.365    -        -        C1        2        0.00     42       1        20.2     20.50      20.00       0.827      0.113      0.42           1          115        0.00     0.85       5.91       216.1      863.1      -647.0     0.579     c3:19.46; c2:22.58
9   H1166v1TS098_4     098s    GuijunLab-Assembly   0.347    0.365    -        -        C1        2        0.00     42       1        20.2     20.50      20.00       0.827      0.113      0.42           1          115        0.00     0.85       5.91       194.8      845.0      -650.3     0.579     c3:19.46; c2:22.58
10  H1166v1TS360_3     360     MUFold_H             0.340    0.340    -        -        C1        2        0.00     13       0        17.1     24.00      13.30       0.832      0.102      0.40           1          115        0.00     0.83       5.23       655.5      943.7      -288.2     0.735     c3:19.86; c2:22.81
11  H1166v1TS360_5     360     MUFold_H             0.301    0.307    -        -        C1        2        0.00     27       0        21.7     23.70      20.00       0.825      0.116      0.44           1          115        0.00     0.84       6.69       511.3      789.8      -278.6     0.733     c3:19.77; c2:22.91
12  H1166v1TS360_1     360     MUFold_H             0.287    0.292    -        -        C1        2        0.00     24       0        15.6     18.80      13.30       0.824      0.090      0.38           1          115        0.00     0.84       6.60       446.9      845.4      -398.5     0.728     c3:19.79; c2:22.92
13  H1166v1TS350_5     350     ClusPro              0.271    0.286    -        -        C1        2        0.00     23       0        17.6     26.10      13.30       0.801      0.078      0.44           1          115        0.00     0.84       12.52      840.8      970.4      -129.7     0.786     c3:21.24; c2:23.78
14  H1166v1TS291_5     291     Kozakov-Vajda        0.271    0.286    -        -        C1        2        0.00     23       0        17.6     26.10      13.30       0.801      0.078      0.44           1          115        0.00     0.84       12.52      840.8      970.4      -129.7     0.786     c3:21.24; c2:23.78
15  H1166v1TS360_2     360     MUFold_H             0.270    0.274    -        -        C1        2        0.00     24       0        11.9     18.20      8.90        0.824      0.072      0.38           1          115        0.00     0.84       6.93       568.5      862.6      -294.1     0.724     c3:19.86; c2:23.04
16  H1166v1TS086_2     086s    MULTICOM_qa          0.266    0.271    -        -        C1        2        0.00     24       0        8.6      12.00      6.70        0.823      0.059      0.36           1          115        0.00     0.84       7.54       662.3      826.2      -163.9     0.699     c3:19.56; c2:22.91
17  H1166v1TS298_1     298s    MUFold               0.265    0.268    -        -        C1        2        0.00     31       0        12.7     14.70      11.10       0.825      0.076      0.35           1          115        0.00     0.85       6.84       237.6      809.0      -571.4     0.586     c3:19.28; c2:22.73
18  H1166v1TS367_3     367     MULTICOM             0.264    0.270    -        -        C1        2        0.00     28       0        15.0     17.10      13.30       0.829      0.087      0.34           1          115        0.00     0.85       6.55       468.9      881.6      -412.8     0.683     c3:19.65; c2:22.91
19  H1166v1TS071_2     071s    RaptorX-Multimer     0.262    0.268    -        -        C1        2        0.00     27       1        10.5     12.90      8.90        0.809      0.061      0.38           1          438        0.00     2.72       11.58      551.8      1015.7     -464.0     0.763     c3:20.94; c2:23.43
20  H1166v1TS360_4     360     MUFold_H             0.256    0.268    -        -        C1        2        0.00     21       0        15.2     23.80      11.10       0.823      0.084      0.38           1          115        0.00     0.84       6.46       597.5      855.5      -257.9     0.701     c3:19.84; c2:22.87
21  H1166v1TS434_1     434     Coqualia             0.255    0.258    -        -        C1        2        0.00     40       0        11.9     12.80      11.10       0.825      0.075      0.32           1          115        0.00     0.98       6.60       202.4      847.4      -645.0     0.577     c3:19.39; c2:22.61
22  H1166v1TS011_1     011s    GinobiFold-SER       0.255    0.258    -        -        C1        2        0.00     40       0        11.9     12.80      11.10       0.825      0.075      0.32           1          115        0.00     0.98       6.60       202.4      847.4      -645.0     0.577     c3:19.39; c2:22.61
23  H1166v1TS320_4     320     Elofsson             0.249    0.255    -        -        C1        2        0.00     33       0        11.9     12.80      11.10       0.824      0.076      0.31           1          115        0.00     0.86       6.94       191.5      783.9      -592.4     0.581     c3:19.35; c2:22.87
24  H1166v1TS150_2     150     Grudinin             0.249    0.255    -        -        C1        2        0.00     33       0        11.9     12.80      11.10       0.824      0.076      0.31           1          115        0.00     0.86       6.94       207.7      798.6      -590.8     0.581     c3:19.35; c2:22.87
25  H1166v1TS390_4     390s    NBIS-AF2-multimer    0.249    0.255    -        -        C1        2        0.00     33       0        11.9     12.80      11.10       0.824      0.076      0.31           1          115        0.00     0.86       6.94       191.5      783.9      -592.4     0.581     c3:19.35; c2:22.87
26  H1166v1TS314_4     314     Pierce               0.249    0.255    -        -        C1        2        0.00     33       0        11.9     12.80      11.10       0.824      0.076      0.31           1          115        0.00     0.86       6.94       191.5      783.9      -592.4     0.581     c3:19.35; c2:22.87
27  H1166v1TS169_4     169     GuijunLab-Human      0.249    0.255    -        -        C1        2        0.00     33       0        11.9     12.80      11.10       0.824      0.076      0.31           1          115        0.00     0.86       6.94       181.0      774.9      -593.8     0.581     c3:19.35; c2:22.87
28  H1166v1TS188_5     188s    GuijunLab-DeepDA     0.249    0.255    -        -        C1        2        0.00     33       0        11.9     12.80      11.10       0.824      0.076      0.31           1          115        0.00     0.86       6.94       181.0      774.9      -593.8     0.581     c3:19.35; c2:22.87
29  H1166v1TS348_5     348     Takeda-Shitaka_Lab   0.249    0.255    -        -        C1        2        0.00     33       0        11.9     12.80      11.10       0.824      0.076      0.31           1          115        0.00     0.86       6.94       170.5      678.7      -508.2     0.581     c3:19.35; c2:22.87
30  H1166v1TS446_3     446s    ColabFold            0.239    0.247    -        -        C1        2        0.00     28       0        9.8      10.80      8.90        0.825      0.066      0.40           1          115        0.00     1.00       7.95       334.5      868.1      -533.6     0.606     c3:19.28; c2:23.00
31  H1166v1TS461_3     461     colabfold_human      0.239    0.247    -        -        C1        2        0.00     28       0        9.8      10.80      8.90        0.825      0.066      0.40           1          115        0.00     1.00       7.95       334.5      868.1      -533.6     0.606     c3:19.28; c2:23.00
32  H1166v1TS158_3     158s    MULTICOM_deep        0.237    0.243    -        -        C1        2        0.00     35       0        10.9     10.60      11.10       0.825      0.073      0.33           1          115        0.00     0.83       7.40       108.4      668.8      -560.4     0.580     c3:19.17; c2:22.81
33  H1166v1TS298_3     298s    MUFold               0.236    0.239    -        -        C1        2        0.00     27       0        11.9     12.80      11.10       0.826      0.071      0.33           1          115        0.00     0.85       7.27       345.5      822.9      -477.4     0.584     c3:19.39; c2:23.05
34  H1166v1TS158_4     158s    MULTICOM_deep        0.229    0.236    -        -        C1        2        0.00     28       0        13.5     13.60      13.30       0.828      0.082      0.38           1          115        0.00     0.85       8.17       210.5      816.8      -606.2     0.689     c3:20.11; c2:23.61
35  H1166v1TS227_5     227     GinobiFold           0.221    0.221    -        -        C1        2        0.00     22       0        13.3     16.70      11.10       0.840      0.087      0.44           1          115        0.00     0.99       6.09       493.6      946.3      -452.8     0.585     c3:19.78; c2:23.07
36  H1166v1TS133_5     133s    ShanghaiTech-TS-SER  0.221    0.221    -        -        C1        2        0.00     22       0        13.3     16.70      11.10       0.840      0.087      0.44           1          115        0.00     0.99       6.09       493.6      946.3      -452.8     0.585     c3:19.78; c2:23.07
37  H1166v1TS119_3     119     Kiharalab            0.217    0.218    -        -        C1        2        0.00     16       0        11.3     15.40      8.90        0.833      0.071      0.39           1          115        0.00     0.85       5.98       635.2      1078.2     -443.0     0.601     c3:19.45; c2:22.89
38  H1166v1TS205_2     205     Zou                  0.205    0.210    -        -        C1        2        0.00     46       1        12.5     11.80      13.30       0.762      0.073      0.36           1          115        0.00     1.31       10.04      849.8      836.3      13.4       0.611     c3:20.57; c2:23.72
39  H1166v1TS119_5     119     Kiharalab            0.197    0.197    -        -        C1        2        0.00     23       0        8.3      11.10      6.70        0.835      0.070      0.36           1          115        0.00     0.86       6.44       621.1      841.3      -220.1     0.786     c3:20.33; c2:23.30
40  H1166v1TS298_2     298s    MUFold               0.190    0.191    -        -        C1        2        0.00     22       0        10.4     12.50      8.90        0.831      0.065      0.28           1          115        0.00     0.86       6.28       463.0      1014.3     -551.3     0.579     c3:19.46; c2:22.57
41  H1166v1TS444_3     444     CoDock               0.178    0.185    -        -        C1        2        0.00     52       0        5.8      5.10       6.70        0.802      0.061      0.37           1          115        0.00     1.00       8.24       18.6       1004.5     -985.9     0.583     c3:19.68; c2:23.42
42  H1166v1TS165_3     165     FTBiot0119           0.177    0.186    -        -        C1        2        0.00     82       1        9.3      7.10       13.30       0.755      0.084      0.42           1          115        0.00     0.81       8.91       -340.9     353.9      -694.9     0.561     c3:19.21; c2:22.51
43  H1166v1TS314_1     314     Pierce               0.175    0.177    -        -        C1        2        0.00     58       0        10.4     8.60       13.30       0.832      0.102      0.39           1          115        0.00     0.92       8.01       283.0      1293.9     -1010.9    0.788     c3:20.42; c2:23.31
44  H1166v1TS185_5     185     BAKER                0.175    0.176    -        -        C1        2        0.00     32       0        6.7      6.80       6.70        0.811      0.113      0.38           1          115        0.00     0.93       7.46       -11.3      1002.8     -1014.1    0.786     c3:19.90; c2:22.15
45  H1166v1TS185_1     185     BAKER                0.158    0.165    -        -        C1        2        0.00     38       0        6.8      7.00       6.70        0.829      0.078      0.37           1          115        0.00     0.85       9.19       330.1      1349.8     -1019.7    0.818     c3:20.07; c2:22.82
46  H1166v1TS185_4     185     BAKER                0.155    0.157    -        -        C1        2        0.00     32       0        4.8      5.30       4.40        0.826      0.064      0.31           1          115        0.00     0.88       9.86       151.4      1332.2     -1180.8    0.808     c3:19.62; c2:22.46
47  H1166v1TS003_4     003     MULTICOM_human       0.153    0.162    -        -        C1        2        0.00     37       1        4.8      5.10       4.40        0.824      0.047      0.31           1          115        0.00     0.83       7.84       99.4       789.1      -689.7     0.577     c3:19.57; c2:23.29
48  H1166v1TS158_2     158s    MULTICOM_deep        0.153    0.162    -        -        C1        2        0.00     37       1        4.8      5.10       4.40        0.824      0.047      0.31           1          115        0.00     0.83       7.84       99.4       789.1      -689.7     0.577     c3:19.57; c2:23.29
49  H1166v1TS278_4     278     PEZYFoldings         0.148    0.148    -        -        C1        2        0.00     65       1        7.5      6.60       8.90        0.719      0.061      0.26           1          438        0.00     1.79       9.27       1345.7     1113.7     231.9      0.791     c3:19.67; c2:22.23
50  H1166v1TS374_2     374     Zheng                0.145    0.145    -        -        C1        2        0.00     38       0        9.6      10.50      8.90        0.817      0.076      0.43           1          115        0.00     1.53       7.27       -115.5     500.4      -616.0     0.789     c3:21.21; c2:23.39
51  H1166v1TS278_5     278     PEZYFoldings         0.140    0.140    -        -        C1        2        0.00     51       0        9.6      8.50       11.10       0.708      0.062      0.28           1          438        0.00     7.07       9.63       21.2       678.2      -656.9     0.558     c3:19.95; c2:22.05
52  H1166v1TS073_2     073s    DFolding-refine      0.140    0.150    -        -        C1        2        0.00     59       0        3.6      3.00       4.40        0.747      0.058      0.26           1          115        0.00     1.76       8.83       -700.3     -1675.0    974.7      0.700     c3:20.96; c2:23.61
53  H1166v1TS119_1     119     Kiharalab            0.140    0.140    -        -        C1        2        0.00     19       0        8.6      12.00      6.70        0.829      0.067      0.42           1          115        0.00     0.91       6.37       1057.8     1060.2     -2.4       0.789     c3:20.64; c2:23.10
54  H1166v1TS131_4     131s    Kiharalab_Server     0.140    0.140    -        -        C1        2        0.00     19       0        8.6      12.00      6.70        0.829      0.067      0.42           1          115        0.00     0.91       6.37       1043.7     1059.7     -16.0      0.789     c3:20.64; c2:23.10
55  H1166v1TS374_3     374     Zheng                0.138    0.146    -        -        C1        2        0.00     61       0        5.0      3.90       6.70        0.832      0.066      0.38           1          115        0.00     0.82       7.81       -154.3     646.2      -800.4     0.731     c3:20.57; c2:23.50
56  H1166v1TS185_2     185     BAKER                0.136    0.143    -        -        C1        2        0.00     35       0        4.4      4.40       4.40        0.825      0.078      0.36           1          115        0.00     0.85       9.08       580.7      1510.2     -929.5     0.820     c3:19.78; c2:22.58
57  H1166v1TS444_2     444     CoDock               0.135    0.140    -        -        C1        2        0.00     81       0        5.8      4.30       8.90        0.784      0.089      0.35           1          115        0.00     1.11       8.75       -78.1      915.2      -993.3     0.722     c3:20.80; c2:22.96
58  H1166v1TS462_3     462s    MultiFOLD            0.128    0.132    -        -        C1        2        0.00     35       0        4.7      4.90       4.40        0.820      0.052      0.33           1          115        0.00     1.08       8.37       357.0      878.8      -521.8     0.590     c3:19.94; c2:23.17
59  H1166v1TS073_3     073s    DFolding-refine      0.126    0.131    -        -        C1        2        0.00     64       0        4.8      3.80       6.70        0.745      0.055      0.43           1          115        0.00     1.48       8.70       -915.0     -1490.5    575.4      0.584     c3:20.83; c2:23.93
60  H1166v1TS447_2     447     DELCLAB              0.123    0.124    -        -        C1        2        0.00     71       0        1.6      1.20       2.20        0.782      0.050      0.34           1          115        0.00     1.27       8.89       -1587.7    -1165.2    -422.5     0.765     c3:20.79; c2:23.66
61  H1166v1TS091_2     091     UNRES                0.123    0.126    -        -        C1        2        0.00     72       0        1.8      1.40       2.20        0.651      0.072      0.31           1          115        0.00     1.01       8.61       2835.1     1982.2     852.9      0.562     c3:19.27; c2:20.84
62  H1166v1TS447_1     447     DELCLAB              0.123    0.124    -        -        C1        2        0.00     71       0        1.6      1.20       2.20        0.782      0.050      0.34           1          115        0.00     1.27       8.89       -1587.7    -1165.2    -422.5     0.765     c3:20.79; c2:23.66
63  H1166v1TS133_4     133s    ShanghaiTech-TS-SER  0.123    0.123    -        -        C1        2        0.00     27       0        5.3      6.70       4.40        0.825      0.047      0.23           1          115        0.00     0.98       7.24       633.6      1083.1     -449.5     0.585     c3:19.64; c2:22.96
64  H1166v1TS227_4     227     GinobiFold           0.123    0.123    -        -        C1        2        0.00     27       0        5.3      6.70       4.40        0.825      0.047      0.23           1          115        0.00     0.98       7.24       633.6      1083.1     -449.5     0.585     c3:19.64; c2:22.96
65  H1166v1TS239_1     239s    Yang-Multimer        0.122    0.129    -        -        C1        2        0.00     46       0        2.1      2.00       2.20        0.797      0.042      0.36           1          115        0.00     0.76       8.45       -200.0     -488.7     288.8      0.594     c3:20.28; c2:23.42
66  H1166v1TS278_2     278     PEZYFoldings         0.121    0.125    -        -        C1        2        0.00     63       0        4.8      3.80       6.70        0.821      0.060      0.30           1          115        0.00     0.86       8.90       -469.7     613.7      -1083.4    0.604     c3:20.42; c2:23.41
67  H1166v1TS288_3     288s    DFolding-server      0.121    0.128    -        -        C1        2        0.00     57       0        3.5      2.90       4.40        0.827      0.048      0.34           1          115        0.00     1.11       8.36       -322.6     456.4      -779.1     0.562     c3:20.12; c2:23.45
68  H1166v1TS125_1     125s    UltraFold_Server     0.121    0.125    -        -        C1        2        0.00     65       0        4.4      3.30       6.70        0.833      0.062      0.37           1          115        0.00     0.80       8.25       27.6       717.3      -689.6     0.726     c3:20.69; c2:23.64
69  H1166v1TS399_1     399     BeijingAIProtein     0.121    0.125    -        -        C1        2        0.00     65       0        4.4      3.30       6.70        0.833      0.062      0.37           1          115        0.00     0.80       8.25       27.6       717.3      -689.6     0.726     c3:20.69; c2:23.64
70  H1166v1TS054_1     054     UltraFold            0.121    0.125    -        -        C1        2        0.00     65       0        4.4      3.30       6.70        0.833      0.062      0.37           1          115        0.00     0.80       8.25       27.6       717.3      -689.6     0.726     c3:20.69; c2:23.64
71  H1166v1TS227_2     227     GinobiFold           0.120    0.120    -        -        C1        2        0.00     33       0        4.5      4.50       4.40        0.836      0.052      0.40           1          115        0.00     0.92       8.62       87.3       710.5      -623.2     0.589     c3:20.43; c2:23.62
72  H1166v1TS399_3     399     BeijingAIProtein     0.120    0.129    -        -        C1        2        0.00     54       0        4.9      3.80       6.70        0.829      0.065      0.29           1          115        0.00     0.83       8.26       103.2      734.4      -631.1     0.726     c3:20.51; c2:23.44
73  H1166v1TS054_3     054     UltraFold            0.120    0.129    -        -        C1        2        0.00     54       0        4.9      3.80       6.70        0.829      0.065      0.29           1          115        0.00     0.83       8.26       103.2      734.4      -631.1     0.726     c3:20.51; c2:23.44
74  H1166v1TS125_3     125s    UltraFold_Server     0.120    0.129    -        -        C1        2        0.00     54       0        4.9      3.80       6.70        0.829      0.065      0.29           1          115        0.00     0.83       8.26       103.2      734.4      -631.1     0.726     c3:20.51; c2:23.44
75  H1166v1TS133_2     133s    ShanghaiTech-TS-SER  0.120    0.120    -        -        C1        2        0.00     33       0        4.5      4.50       4.40        0.836      0.052      0.40           1          115        0.00     0.92       8.62       87.3       710.5      -623.2     0.589     c3:20.43; c2:23.62
76  H1166v1TS225_4     225     ShanghaiTech         0.120    0.126    -        -        C1        2        0.00     39       0        6.7      6.70       6.70        0.831      0.071      0.27           1          115        0.00     1.05       7.57       603.0      977.9      -374.9     0.741     c3:19.66; c2:22.83
77  H1166v1TS447_4     447     DELCLAB              0.120    0.124    -        -        C1        2        0.00     83       0        2.8      2.10       4.40        0.784      0.061      0.28           1          115        0.00     1.21       9.09       -1559.1    -1060.8    -498.3     0.768     c3:20.74; c2:23.58
78  H1166v1TS131_5     131s    Kiharalab_Server     0.120    0.128    -        -        C1        2        0.00     42       0        4.1      3.80       4.40        0.831      0.057      0.29           1          115        0.00     0.82       8.68       225.5      704.7      -479.2     0.780     c3:21.11; c2:23.65
79  H1166v1TS434_4     434     Coqualia             0.117    0.117    -        -        C1        2        0.00     12       0        6.1      9.50       4.40        0.833      0.047      0.21           1          115        0.00     0.99       11.95      1232.3     1301.8     -69.5      0.774     c3:22.48; c2:24.29
80  H1166v1TS011_4     011s    GinobiFold-SER       0.117    0.117    -        -        C1        2        0.00     12       0        6.1      9.50       4.40        0.833      0.047      0.21           1          115        0.00     0.99       11.95      1232.3     1301.8     -69.5      0.774     c3:22.48; c2:24.29
81  H1166v1TS461_2     461     colabfold_human      0.115    0.117    -        -        C1        2        0.00     21       0        3.2      5.90       2.20        0.825      0.041      0.33           1          115        0.00     1.04       10.37      1558.6     1405.2     153.4      0.776     c3:21.26; c2:23.95
82  H1166v1TS446_2     446s    ColabFold            0.115    0.117    -        -        C1        2        0.00     21       0        3.2      5.90       2.20        0.825      0.041      0.33           1          115        0.00     1.04       10.37      1558.6     1405.2     153.4      0.776     c3:21.26; c2:23.95
83  H1166v1TS447_5     447     DELCLAB              0.112    0.116    -        -        C1        2        0.00     82       0        2.9      2.20       4.40        0.781      0.060      0.28           1          115        0.00     1.22       9.15       -1605.8    -1077.5    -528.4     0.767     c3:20.69; c2:23.51
84  H1166v1TS125_2     125s    UltraFold_Server     0.112    0.118    -        -        C1        2        0.00     68       0        4.7      3.70       6.70        0.828      0.060      0.38           1          115        0.00     0.81       8.30       -39.8      778.9      -818.7     0.716     c3:20.71; c2:23.71
85  H1166v1TS054_2     054     UltraFold            0.112    0.118    -        -        C1        2        0.00     68       0        4.7      3.70       6.70        0.828      0.060      0.38           1          115        0.00     0.81       8.30       -39.8      778.9      -818.7     0.716     c3:20.71; c2:23.71
86  H1166v1TS399_2     399     BeijingAIProtein     0.112    0.118    -        -        C1        2        0.00     68       0        4.7      3.70       6.70        0.828      0.060      0.38           1          115        0.00     0.81       8.30       -39.8      778.9      -818.7     0.716     c3:20.71; c2:23.71
87  H1166v1TS245_1     245s    FoldEver             0.111    0.116    -        -        C1        2        0.00     62       0        3.4      2.70       4.40        0.831      0.052      0.28           1          115        0.00     0.82       8.77       167.2      742.4      -575.2     0.715     c3:20.81; c2:23.77
88  H1166v1TS385_1     385     FoldEver-Hybrid      0.111    0.116    -        -        C1        2        0.00     62       0        3.4      2.70       4.40        0.831      0.052      0.28           1          115        0.00     0.82       8.77       167.2      742.4      -575.2     0.715     c3:20.81; c2:23.77
89  H1166v1TS248_2     248     Manifold             0.109    0.114    -        -        C1        2        0.00     42       0        4.0      3.60       4.40        0.824      0.061      0.33           1          115        0.00     0.84       9.30       1070.7     1622.8     -552.1     0.789     c3:21.20; c2:23.74
90  H1166v1TS035_2     035s    Manifold-E           0.109    0.114    -        -        C1        2        0.00     42       0        4.0      3.60       4.40        0.824      0.061      0.33           1          115        0.00     0.84       9.30       1070.7     1622.8     -552.1     0.789     c3:21.20; c2:23.74
91  H1166v1TS444_4     444     CoDock               0.107    0.118    -        -        C1        2        0.00     62       0        3.2      2.50       4.40        0.804      0.062      0.38           1          115        0.00     0.99       9.91       357.1      1031.2     -674.2     0.770     c3:21.98; c2:24.40
92  H1166v1TS037_1     037     Wallner              0.107    0.114    -        -        C1        2        0.00     61       0        1.7      1.40       2.20        0.811      0.047      0.28           1          115        0.00     2.88       9.23       -64.9      564.1      -629.0     0.744     c3:21.57; c2:23.30
93  H1166v1TS131_3     131s    Kiharalab_Server     0.105    0.110    -        -        C1        2        0.00     45       0        3.6      3.00       4.40        0.831      0.054      0.37           1          115        0.00     0.81       8.62       -163.0     511.3      -674.3     0.705     c3:20.85; c2:23.71
94  H1166v1TS288_2     288s    DFolding-server      0.105    0.112    -        -        C1        2        0.00     62       0        1.7      1.30       2.20        0.831      0.058      0.29           1          115        0.00     1.15       9.09       183.0      657.4      -474.3     0.797     c3:21.18; c2:23.63
95  H1166v1TS239_2     239s    Yang-Multimer        0.105    0.107    -        -        C1        2        0.00     31       0        2.7      3.30       2.20        0.798      0.043      0.33           1          115        0.00     0.78       9.04       122.1      -301.6     423.7      0.581     c3:19.99; c2:23.23
96  H1166v1TS187_4     187     TRFold               0.102    0.103    -        -        C1        2        0.00     19       0        3.6      9.10       2.20        0.825      0.046      0.31           1          115        0.00     0.86       9.20       1574.9     1189.6     385.3      0.760     c3:20.72; c2:23.77
97  H1166v1TS444_1     444     CoDock               0.102    0.108    -        -        C1        2        0.00     66       0        0.0      0.00       0.00        0.808      0.038      0.29           1          115        0.00     0.95       9.29       126.0      1034.2     -908.1     0.753     c3:20.95; c2:23.74
98  H1166v1TS003_3     003     MULTICOM_human       0.100    0.109    -        -        C1        2        0.00     52       0        3.7      3.20       4.40        0.826      0.054      0.31           1          115        0.00     0.86       8.76       96.2       794.8      -698.6     0.736     c3:20.54; c2:23.25
99  H1166v1TS367_5     367     MULTICOM             0.100    0.109    -        -        C1        2        0.00     52       0        3.7      3.20       4.40        0.826      0.054      0.31           1          115        0.00     0.86       8.76       96.2       794.8      -698.6     0.736     c3:20.54; c2:23.25
100 H1166v1TS374_1     374     Zheng                0.100    0.105    -        -        C1        2        0.00     54       0        1.7      1.30       2.20        0.826      0.045      0.25           1          115        0.00     0.82       9.41       107.2      605.1      -497.8     0.733     c3:20.57; c2:23.27
101 H1166v1TS158_5     158s    MULTICOM_deep        0.100    0.109    -        -        C1        2        0.00     52       0        3.7      3.20       4.40        0.826      0.054      0.31           1          115        0.00     0.86       8.76       96.2       794.8      -698.6     0.736     c3:20.54; c2:23.25
102 H1166v1TS086_5     086s    MULTICOM_qa          0.100    0.109    -        -        C1        2        0.00     52       0        3.7      3.20       4.40        0.826      0.054      0.31           1          115        0.00     0.86       8.76       96.2       794.8      -698.6     0.736     c3:20.54; c2:23.25
103 H1166v1TS037_5     037     Wallner              0.099    0.109    -        -        C1        2        0.00     35       0        2.4      2.70       2.20        0.803      0.038      0.29           1          115        0.00     2.98       9.03       -41.2      619.8      -661.0     0.589     c3:20.81; c2:23.38
104 H1166v1TS131_2     131s    Kiharalab_Server     0.098    0.103    -        -        C1        2        0.00     45       1        1.9      1.70       2.20        0.830      0.045      0.35           1          115        0.00     0.82       8.99       35.8       598.0      -562.2     0.702     c3:20.92; c2:23.81
105 H1166v1TS119_4     119     Kiharalab            0.098    0.103    -        -        C1        2        0.00     45       1        1.9      1.70       2.20        0.830      0.045      0.35           1          115        0.00     0.82       8.99       44.7       595.5      -550.8     0.702     c3:20.92; c2:23.81
106 H1166v1TS399_5     399     BeijingAIProtein     0.097    0.101    -        -        C1        2        0.00     63       1        1.6      1.20       2.20        0.828      0.047      0.31           1          115        0.00     0.83       8.85       102.8      634.8      -532.0     0.753     c3:20.79; c2:23.65
107 H1166v1TS125_5     125s    UltraFold_Server     0.097    0.101    -        -        C1        2        0.00     63       1        1.6      1.20       2.20        0.828      0.047      0.31           1          115        0.00     0.83       8.85       102.8      634.8      -532.0     0.753     c3:20.79; c2:23.65
108 H1166v1TS054_5     054     UltraFold            0.097    0.101    -        -        C1        2        0.00     63       1        1.6      1.20       2.20        0.828      0.047      0.31           1          115        0.00     0.83       8.85       102.8      634.8      -532.0     0.753     c3:20.79; c2:23.65
109 H1166v1TS239_3     239s    Yang-Multimer        0.092    0.092    -        -        C1        2        0.00     10       0        3.2      5.90       2.20        0.815      0.036      0.17           1          115        0.00     0.78       12.54      1212.1     31.4       1180.7     0.803     c3:22.26; c2:24.00
110 H1166v1TS239_4     239s    Yang-Multimer        0.092    0.096    -        -        C1        2        0.00     29       0        2.7      3.60       2.20        0.795      0.045      0.33           1          115        0.00     0.93       9.08       748.8      -135.5     884.3      0.599     c3:20.32; c2:23.50
111 H1166v1TS288_5     288s    DFolding-server      0.086    0.088    -        -        C1        2        0.00     11       0        3.4      7.70       2.20        0.822      0.034      0.30           1          115        0.00     1.18       12.11      914.9      943.2      -28.3      0.585     c3:21.64; c2:23.85
112 H1166v1TS225_1     225     ShanghaiTech         0.082    0.099    -        -        C1        2        0.00     114      0        5.8      3.90       11.10       0.820      0.084      0.30           1          115        0.00     1.01       8.30       -750.1     75.5       -825.7     0.747     c3:18.91; c2:22.02
113 H1166v1TS461_5     461     colabfold_human      0.078    0.083    -        -        C1        2        0.00     14       0        3.6      10.00      2.20        0.822      0.041      0.18           1          115        0.00     1.03       8.63       1202.2     1220.9     -18.7      0.673     c3:20.37; c2:23.41
114 H1166v1TS446_5     446s    ColabFold            0.078    0.083    -        -        C1        2        0.00     14       0        3.6      10.00      2.20        0.822      0.041      0.18           1          115        0.00     1.03       8.63       1202.2     1220.9     -18.7      0.673     c3:20.37; c2:23.41
115 H1166v1TS298_5     298s    MUFold               0.074    0.074    -        -        C1        2        0.00     19       0        2.9      4.30       2.20        0.827      0.031      0.16           1          115        0.00     0.85       12.64      620.4      1014.6     -394.1     0.598     c3:21.72; c2:24.08
116 H1166v1TS447_3     447     DELCLAB              0.071    0.071    -        -        C1        2        0.00     66       0        1.6      1.30       2.20        0.780      0.043      0.29           1          115        0.00     1.22       9.39       -1196.3    -938.4     -257.9     0.761     c3:20.62; c2:23.47
117 H1166v1TS350_2     350     ClusPro              0.068    0.068    -        -        C1        2        0.00     35       0        4.4      4.40       4.40        0.815      0.049      0.26           1          115        0.00     1.03       10.80      -809.9     263.8      -1073.8    0.762     c3:20.54; c2:23.17
118 H1166v1TS291_2     291     Kozakov-Vajda        0.068    0.068    -        -        C1        2        0.00     35       0        4.4      4.40       4.40        0.815      0.049      0.26           1          115        0.00     1.03       10.80      -809.9     263.8      -1073.8    0.762     c3:20.54; c2:23.17
119 H1166v1TS350_4     350     ClusPro              0.067    0.067    -        -        C1        2        0.00     24       0        2.2      2.30       2.20        0.816      0.045      0.20           1          115        0.00     1.07       13.11      -749.6     185.2      -934.8     0.763     c3:20.20; c2:21.67
120 H1166v1TS291_4     291     Kozakov-Vajda        0.067    0.067    -        -        C1        2        0.00     24       0        2.2      2.30       2.20        0.816      0.045      0.20           1          115        0.00     1.07       13.11      -749.6     185.2      -934.8     0.763     c3:20.20; c2:21.67
121 H1166v1TS248_4     248     Manifold             0.061    0.063    -        -        C1        2        0.00     46       0        2.2      2.20       2.20        0.822      0.045      0.34           1          115        0.00     1.28       9.25       1772.4     1967.9     -195.5     0.801     c3:21.79; c2:23.97
122 H1166v1TS035_4     035s    Manifold-E           0.061    0.063    -        -        C1        2        0.00     46       0        2.2      2.20       2.20        0.822      0.045      0.34           1          115        0.00     1.28       9.25       1772.4     1967.9     -195.5     0.801     c3:21.79; c2:23.97
123 H1166v1TS350_3     350     ClusPro              0.059    0.059    -        -        C1        2        0.00     36       0        6.5      6.40       6.70        0.820      0.064      0.41           1          115        0.00     1.04       9.73       -665.9     296.1      -962.0     0.762     c3:22.42; c2:24.04
124 H1166v1TS291_3     291     Kozakov-Vajda        0.059    0.059    -        -        C1        2        0.00     36       0        6.5      6.40       6.70        0.820      0.064      0.41           1          115        0.00     1.04       9.73       -665.9     296.1      -962.0     0.762     c3:22.42; c2:24.04
125 H1166v1TS462_1     462s    MultiFOLD            0.056    0.057    -        -        C1        2        0.00     10       0        6.7      13.30      4.40        0.823      0.047      0.23           1          115        0.00     1.07       8.94       1541.7     1308.2     233.5      0.747     c3:21.07; c2:23.89
126 H1166v1TS071_4     071s    RaptorX-Multimer     0.056    0.056    -        -        C1        2        0.00     23       1        0.0      0.00       0.00        0.817      0.028      0.20           1          115        0.00     1.23       12.35      377.8      1146.8     -769.0     0.616     c3:21.18; c2:23.56
127 H1166v1TS348_4     348     Takeda-Shitaka_Lab   0.055    0.055    -        -        C1        2        0.00     17       0        2.9      4.20       2.20        0.827      0.033      0.16           1          115        0.00     0.86       12.48      613.5      905.1      -291.6     0.585     c3:21.77; c2:24.06
128 H1166v1TS314_5     314     Pierce               0.054    0.054    -        -        C1        2        0.00     62       0        1.8      1.40       2.20        0.830      0.041      0.27           1          115        0.00     0.91       10.87      146.5      1145.5     -999.0     0.777     c3:20.10; c2:22.84
129 H1166v1TS091_3     091     UNRES                0.049    0.053    -        -        C1        2        0.00     95       0        0.0      0.00       0.00        0.653      0.047      0.14           1          115        0.00     0.97       8.26       2594.2     1722.5     871.7      0.563     c3:18.66; c2:19.87
130 H1166v1TS073_5     073s    DFolding-refine      0.046    0.048    -        -        C1        2        0.00     25       0        0.0      0.00       0.00        0.721      0.033      0.26           1          115        0.00     1.93       10.60      497.6      -1116.0    1613.6     0.633     c3:22.21; c2:23.52
131 H1166v1TS091_1     091     UNRES                0.041    0.042    -        -        C1        2        0.00     73       0        4.7      3.70       6.70        0.656      0.054      0.28           1          115        0.00     1.01       10.05      2433.6     1486.0     947.6      0.544     c3:20.22; c2:21.42
132 H1166v1TS071_3     071s    RaptorX-Multimer     0.041    0.041    -        -        C1        2        0.00     27       1        0.0      0.00       0.00        0.820      0.033      0.20           1          115        0.00     1.20       12.26      357.4      1140.0     -782.6     0.669     c3:21.28; c2:23.52
133 H1166v1TS150_3     150     Grudinin             0.039    0.042    -        -        C1        2        0.00     26       0        2.5      2.90       2.20        0.826      0.046      0.32           1          115        0.00     0.83       9.78       883.0      1021.6     -138.6     0.757     c3:22.31; c2:24.33
134 H1166v1TS348_3     348     Takeda-Shitaka_Lab   0.039    0.042    -        -        C1        2        0.00     26       0        2.5      2.90       2.20        0.826      0.046      0.32           1          115        0.00     0.83       9.78       851.9      898.3      -46.4      0.757     c3:22.31; c2:24.33
135 H1166v1TS187_5     187     TRFold               0.037    0.038    -        -        C1        2        0.00     6        0        3.9      16.70      2.20        0.825      0.043      0.18           1          115        0.00     0.85       9.05       1375.8     1052.3     323.4      0.649     c3:21.21; c2:24.01
136 H1166v1TS225_3     225     ShanghaiTech         0.037    0.043    -        -        C1        2        0.00     159      1        1.9      1.20       4.40        0.804      0.045      0.25           1          115        0.00     1.12       9.89       -833.3     -152.7     -680.6     0.742     c3:19.09; c2:22.09
137 H1166v1TS462_4     462s    MultiFOLD            0.034    0.036    -        -        C1        2        0.00     22       0        0.0      0.00       0.00        0.818      0.030      0.14           1          115        0.00     1.07       12.55      1382.3     1413.7     -31.4      0.751     c3:22.39; c2:24.26
138 H1166v1TS037_3     037     Wallner              0.032    0.032    -        -        C1        2        0.00     37       0        0.0      0.00       0.00        0.824      0.036      0.22           1          115        0.00     1.02       12.13      217.3      946.2      -729.0     0.723     c3:21.69; c2:23.82
139 H1166v1TS433_5     433     OpenFold-SingleSeq   0.029    0.029    -        -        C1        2        0.00     11       0        0.0      0.00       0.00        0.792      0.043      0.14           1          438        0.00     2.69       9.41       1300.3     1247.2     53.0       0.744     c3:22.02; c2:23.26
140 H1166v1TS441_5     441     OpenFold             0.029    0.029    -        -        C1        2        0.00     11       0        0.0      0.00       0.00        0.792      0.043      0.14           1          438        0.00     2.69       9.41       1300.3     1247.2     53.0       0.744     c3:22.02; c2:23.26
141 H1166v1TS133_1     133s    ShanghaiTech-TS-SER  0.027    0.027    -        -        C1        2        0.00     28       0        0.0      0.00       0.00        0.826      0.028      0.19           1          115        0.00     0.94       12.33      475.8      1034.9     -559.1     0.582     c3:21.37; c2:23.72
142 H1166v1TS227_1     227     GinobiFold           0.027    0.027    -        -        C1        2        0.00     28       0        0.0      0.00       0.00        0.826      0.028      0.19           1          115        0.00     0.94       12.33      475.8      1034.9     -559.1     0.582     c3:21.37; c2:23.72
143 H1166v1TS278_3     278     PEZYFoldings         0.026    0.031    -        -        C1        2        0.00     47       0        0.0      0.00       0.00        0.816      0.056      0.22           1          115        0.00     0.86       12.22      8.3        541.6      -533.3     0.746     c3:18.50; c2:18.80
144 H1166v1TS071_1     071s    RaptorX-Multimer     0.025    0.025    -        -        C1        2        0.00     17       0        0.0      0.00       0.00        0.821      0.030      0.18           1          115        0.00     1.11       12.39      786.7      1314.4     -527.8     0.594     c3:21.40; c2:23.64
145 H1166v1TS011_3     011s    GinobiFold-SER       0.024    0.024    -        -        C1        2        0.00     12       0        0.0      0.00       0.00        0.831      0.036      0.14           1          115        0.00     0.96       12.42      1343.6     1360.2     -16.6      0.773     c3:22.04; c2:24.02
146 H1166v1TS434_3     434     Coqualia             0.024    0.024    -        -        C1        2        0.00     12       0        0.0      0.00       0.00        0.831      0.036      0.14           1          115        0.00     0.96       12.42      1343.6     1360.2     -16.6      0.773     c3:22.04; c2:24.02
147 H1166v1TS227_3     227     GinobiFold           0.018    0.018    -        -        C1        2        0.00     33       0        0.0      0.00       0.00        0.835      0.038      0.22           1          115        0.00     0.99       12.27      786.1      1053.2     -267.1     0.763     c3:22.10; c2:24.03
148 H1166v1TS133_3     133s    ShanghaiTech-TS-SER  0.018    0.018    -        -        C1        2        0.00     33       0        0.0      0.00       0.00        0.835      0.038      0.22           1          115        0.00     0.99       12.27      786.1      1053.2     -267.1     0.763     c3:22.10; c2:24.03
149 H1166v1TS462_2     462s    MultiFOLD            0.018    0.018    -        -        C1        2        0.00     18       0        0.0      0.00       0.00        0.821      0.027      0.10           1          115        0.00     1.08       10.58      1176.0     1348.8     -172.9     0.737     c3:20.00; c2:22.55
150 H1166v1TS446_1     446s    ColabFold            0.018    0.018    -        -        C1        2        0.00     33       0        0.0      0.00       0.00        0.835      0.039      0.22           1          115        0.00     1.01       12.20      835.0      1081.2     -246.2     0.778     c3:21.99; c2:23.84
151 H1166v1TS461_1     461     colabfold_human      0.018    0.018    -        -        C1        2        0.00     33       0        0.0      0.00       0.00        0.835      0.039      0.22           1          115        0.00     1.01       12.20      835.0      1081.2     -246.2     0.778     c3:21.99; c2:23.84
152 H1166v1TS298_4     298s    MUFold               0.015    0.016    -        -        C1        2        0.00     27       0        0.0      0.00       0.00        0.824      0.028      0.16           1          115        0.00     0.84       12.59      1161.6     1123.3     38.3       0.752     c3:22.82; c2:24.32
153 H1166v1TS071_5     071s    RaptorX-Multimer     0.015    0.016    -        -        C1        2        0.00     16       0        0.0      0.00       0.00        0.799      0.028      0.17           1          115        0.00     2.89       12.48      882.0      1297.8     -415.8     0.584     c3:20.41; c2:23.05
154 H1166v1TS312_2     312     Fernandez-Recio      0.014    0.014    -        -        C1        2        0.00     53       0        0.0      0.00       0.00        0.804      0.095      0.28           1          115        0.00     0.87       9.66       860.9      1083.5     -222.7     0.792     c3:23.35; c2:24.67
155 H1166v1TS494_5     494     Venclovas            0.012    0.012    -        -        C1        2        0.00     52       0        0.0      0.00       0.00        0.810      0.022      0.21           1          113        0.00     0.88       12.05      25.6       950.5      -924.9     0.721     c3:20.54; c2:23.40
156 H1166v1TS011_5     011s    GinobiFold-SER       0.011    0.011    -        -        C1        2        0.00     13       0        0.0      0.00       0.00        0.824      0.035      0.13           1          115        0.00     0.94       12.44      1436.6     1355.9     80.7       0.774     c3:22.19; c2:24.11
157 H1166v1TS434_5     434     Coqualia             0.011    0.011    -        -        C1        2        0.00     13       0        0.0      0.00       0.00        0.824      0.035      0.13           1          115        0.00     0.94       12.44      1436.6     1355.9     80.7       0.774     c3:22.19; c2:24.11
158 H1166v1TS312_4     312     Fernandez-Recio      0.011    0.011    -        -        C1        2        0.00     56       0        0.0      0.00       0.00        0.805      0.093      0.28           1          115        0.00     0.88       9.98       725.7      1046.5     -320.7     0.785     c3:22.66; c2:24.40
159 H1166v1TS180_4     180     McGuffin             0.010    0.010    -        -        C1        2        0.00     20       0        0.0      0.00       0.00        0.834      0.036      0.22           1          115        0.00     1.04       9.54       942.1      1107.0     -164.9     0.772     c3:20.88; c2:23.42
160 H1166v1TS434_2     434     Coqualia             0.006    0.006    -        -        C1        2        0.00     20       1        0.0      0.00       0.00        0.823      0.037      0.16           1          115        0.00     0.98       12.25      1184.3     1306.8     -122.6     0.768     c3:22.05; c2:23.99
161 H1166v1TS225_2     225     ShanghaiTech         0.006    0.007    -        -        C1        2        0.00     214      5        0.0      0.00       0.00        0.791      0.029      0.15           1          115        0.00     1.15       12.69      -1402.4    -467.7     -934.7     0.725     c3:18.80; c2:21.86
162 H1166v1TS011_2     011s    GinobiFold-SER       0.006    0.006    -        -        C1        2        0.00     20       1        0.0      0.00       0.00        0.823      0.037      0.16           1          115        0.00     0.98       12.25      1184.3     1306.8     -122.6     0.768     c3:22.05; c2:23.99
163 H1166v1TS180_3     180     McGuffin             0.005    0.005    -        -        C1        2        0.00     18       0        0.0      0.00       0.00        0.834      0.034      0.22           1          115        0.00     1.03       9.46       727.5      971.0      -243.6     0.768     c3:20.33; c2:22.98
164 H1166v1TS461_4     461     colabfold_human      0.005    0.005    -        -        C1        2        0.00     25       0        0.0      0.00       0.00        0.833      0.036      0.15           1          115        0.00     1.01       12.40      1146.8     1194.5     -47.7      0.767     c3:22.31; c2:24.04
165 H1166v1TS446_4     446s    ColabFold            0.005    0.005    -        -        C1        2        0.00     25       0        0.0      0.00       0.00        0.833      0.036      0.15           1          115        0.00     1.01       12.40      1146.8     1194.5     -47.7      0.767     c3:22.31; c2:24.04
166 H1166v1TS147_4     147     SHT                  0.002    0.002    -        -        C1        2        0.00     74       0        0.0      0.00       0.00        0.754      0.048      0.11           1          115        0.00     1.53       11.20      -1545.0    -1764.9    219.9      0.754     c3:17.71; c2:19.40
167 H1166v1TS037_4     037     Wallner              0.002    0.002    -        -        C1        2        0.00     52       1        0.0      0.00       0.00        0.805      0.059      0.18           1          115        0.00     2.87       11.98      246.0      553.5      -307.5     0.765     c3:19.88; c2:19.73
168 H1166v1TS180_1     180     McGuffin             0.002    0.002    -        -        C1        2        0.00     11       0        0.0      0.00       0.00        0.834      0.038      0.20           1          115        0.00     1.03       9.13       1034.8     1111.3     -76.5      0.778     c3:20.60; c2:23.22
169 H1166v1TS180_2     180     McGuffin             0.002    0.002    -        -        C1        2        0.00     25       0        0.0      0.00       0.00        0.834      0.036      0.24           1          115        0.00     1.04       9.91       687.9      1000.7     -312.8     0.774     c3:20.61; c2:23.20
170 H1166v1TS314_3     314     Pierce               0.001    0.001    -        -        C1        2        0.00     71       0        0.0      0.00       0.00        0.826      0.069      0.25           1          115        0.00     0.93       11.09      332.9      1218.3     -885.4     0.790     c3:22.21; c2:23.44
171 H1166v1TS205_4     205     Zou                  0.001    0.001    -        -        C1        2        0.00     29       0        0.0      0.00       0.00        0.755      0.036      0.15           1          115        0.00     1.38       11.10      469.6      200.5      269.1      0.656     c3:20.34; c2:22.28
172 H1166v1TS441_3     441     OpenFold             0.000    0.000    -        -        C1        2        0.00     6        0        0.0      0.00       0.00        0.794      0.018      0.05           1          115        0.00     2.73       18.54      1459.0     1355.6     103.3      0.650     c3:18.96; c2:20.27
173 H1166v1TS098_1     098s    GuijunLab-Assembly   0.000    0.000    -        -        C1        2        0.00     74       6        0.0      0.00       0.00        0.662      0.003      0.00           1          115        0.00     1.12       39.87      429.6      702.2      -272.6     0.086     c3:18.44; c2:19.62
174 H1166v1TS398_5     398     ChaePred             0.000    0.000    -        -        C1        2        0.00     130      4        0.0      0.00       0.00        0.797      0.046      0.17           1          115        0.00     0.84       12.52      -1147.5    -123.4     -1024.0    0.775     c3:19.05; c2:18.84
175 H1166v1TS398_1     398     ChaePred             0.000    0.000    -        -        C1        2        0.00     101      3        0.0      0.00       0.00        0.802      0.033      0.10           1          115        0.00     0.84       14.55      -894.7     144.3      -1039.0    0.753     c3:19.07; c2:20.34
176 H1166v1TS368_5     368s    FALCON2              0.000    0.000    -        -        C1        2        0.00     0        0        -        -          -           0.349      0.001      -              1          212        0.00     8.41       -          18284.1    6779.6     11504.5    0.311     c3:46.06; c2:53.51
177 H1166v1TS091_5     091     UNRES                0.000    0.000    -        -        C1        2        0.00     88       0        0.0      0.00       0.00        0.649      0.014      0.11           1          115        0.00     0.95       18.75      2410.6     1969.7     440.9      0.523     c3:17.10; c2:18.06
178 H1166v1TS367_2     367     MULTICOM             0.000    0.000    -        -        C1        2        0.00     52       0        0.0      0.00       0.00        0.823      0.021      0.08           1          115        0.00     0.84       17.53      27.7       582.9      -555.3     0.739     c3:17.86; c2:19.06
179 H1166v1TS150_1     150     Grudinin             0.000    0.000    -        -        C1        2        0.00     53       0        0.0      0.00       0.00        0.823      0.021      0.08           1          115        0.00     0.84       17.67      -101.2     514.1      -615.3     0.744     c3:17.74; c2:18.99
180 H1166v1TS158_1     158s    MULTICOM_deep        0.000    0.000    -        -        C1        2        0.00     52       0        0.0      0.00       0.00        0.823      0.021      0.08           1          115        0.00     0.84       17.53      27.7       582.9      -555.3     0.739     c3:17.86; c2:19.06
181 H1166v1TS165_2     165     FTBiot0119           0.000    0.000    -        -        C1        2        0.00     159      6        0.0      0.00       0.00        0.753      0.036      0.14           1          115        0.00     0.92       12.73      -2293.2    -566.4     -1726.8    0.581     c3:18.52; c2:18.17
182 H1166v1TS312_1     312     Fernandez-Recio      0.000    0.000    -        -        C1        2        0.00     50       0        0.0      0.00       0.00        0.806      0.022      0.06           1          115        0.00     0.86       17.30      296.7      816.7      -519.9     0.734     c3:17.76; c2:18.94
183 H1166v1TS147_5     147     SHT                  0.000    0.000    -        -        C1        2        0.00     66       0        0.0      0.00       0.00        0.771      0.034      0.06           1          115        0.00     1.48       12.75      -1235.9    -1758.3    522.4      0.747     c3:20.79; c2:22.70
184 H1166v1TS320_1     320     Elofsson             0.000    0.000    -        -        C1        2        0.00     53       0        0.0      0.00       0.00        0.823      0.021      0.08           1          115        0.00     0.84       17.67      -101.2     514.1      -615.3     0.744     c3:17.74; c2:18.99
185 H1166v1TS257_1     257     WL_team              0.000    0.000    -        -        C1        2        0.00     49       0        0.0      0.00       0.00        0.699      0.030      0.11           1          115        0.00     1.52       17.22      2147.8     1763.5     384.3      0.520     c3:18.72; c2:18.37
186 H1166v1TS444_5     444     CoDock               0.000    0.000    -        -        C1        2        0.00     46       0        0.0      0.00       0.00        0.803      0.023      0.11           1          115        0.00     0.90       17.23      206.7      872.6      -665.9     0.734     c3:17.78; c2:19.03
187 H1166v1TS188_1     188s    GuijunLab-DeepDA     0.000    0.000    -        -        C1        2        0.00     50       0        0.0      0.00       0.00        0.813      0.022      0.07           1          115        0.00     0.81       17.49      648.4      1307.5     -659.1     0.740     c3:17.93; c2:18.87
188 H1166v1TS165_4     165     FTBiot0119           0.000    0.000    -        -        C1        2        0.00     121      2        0.0      0.00       0.00        0.770      0.032      0.15           1          115        0.00     0.83       13.73      -2183.9    -538.3     -1645.7    0.573     c3:18.67; c2:17.90
189 H1166v1TS086_3     086s    MULTICOM_qa          0.000    0.000    -        -        C1        2        0.00     52       0        0.0      0.00       0.00        0.823      0.021      0.08           1          115        0.00     0.84       17.53      27.7       582.9      -555.3     0.739     c3:17.86; c2:19.06
190 H1166v1TS390_2     390s    NBIS-AF2-multimer    0.000    0.000    -        -        C1        2        0.00     54       0        0.0      0.00       0.00        0.823      0.021      0.08           1          115        0.00     0.84       17.55      -22.8      554.3      -577.2     0.735     c3:17.74; c2:18.96
191 H1166v1TS169_1     169     GuijunLab-Human      0.000    0.000    -        -        C1        2        0.00     48       0        0.0      0.00       0.00        0.822      0.022      0.07           1          115        0.00     0.81       17.48      -18.8      546.4      -565.2     0.740     c3:17.93; c2:18.87
192 H1166v1TS035_5     035s    Manifold-E           0.000    0.000    -        -        C1        2        0.00     43       0        0.0      0.00       0.00        0.829      0.034      0.10           1          115        0.00     0.87       14.34      1301.9     1604.2     -302.3     0.789     c3:19.32; c2:19.46
193 H1166v1TS147_3     147     SHT                  0.000    0.000    -        -        C1        2        0.00     79       0        0.0      0.00       0.00        0.771      0.035      0.12           1          115        0.00     1.42       15.62      -2061.2    -2060.3    -0.9       0.752     c3:18.06; c2:19.75
194 H1166v1TS462_5     462s    MultiFOLD            0.000    0.000    -        -        C1        2        0.00     20       0        0.0      0.00       0.00        0.808      0.025      0.09           1          438        0.00     2.89       17.63      1297.9     1341.0     -43.0      0.736     c3:20.22; c2:18.67
195 H1166v1TS494_1     494     Venclovas            0.000    0.000    -        -        C1        2        0.00     51       1        0.0      0.00       0.00        0.788      0.031      0.08           1          113        0.00     0.86       15.39      -297.8     798.6      -1096.4    0.637     c3:17.52; c2:19.11
196 H1166v1TS494_3     494     Venclovas            0.000    0.000    -        -        C1        2        0.00     101      0        0.0      0.00       0.00        0.724      0.048      0.11           1          438        0.00     5.20       12.63      1613.4     1677.2     -63.8      0.654     c3:17.38; c2:18.88
197 H1166v1TS423_3     423     trComplex            0.000    0.000    -        -        C1        2        0.00     34       0        0.0      0.00       0.00        0.812      0.028      0.08           1          115        0.00     1.05       16.38      393.4      914.0      -520.6     0.771     c3:18.73; c2:19.56
198 H1166v1TS433_3     433     OpenFold-SingleSeq   0.000    0.000    -        -        C1        2        0.00     6        0        0.0      0.00       0.00        0.794      0.018      0.05           1          115        0.00     2.73       18.54      1459.0     1355.6     103.3      0.650     c3:18.96; c2:20.27
199 H1166v1TS288_1     288s    DFolding-server      0.000    0.000    -        -        C1        2        0.00     55       1        0.0      0.00       0.00        0.825      0.024      0.09           1          115        0.00     0.91       16.90      74.2       551.9      -477.6     0.744     c3:17.85; c2:19.05
200 H1166v1TS374_4     374     Zheng                0.000    0.000    -        -        C1        2        0.00     53       0        0.0      0.00       0.00        0.817      0.021      0.05           1          115        0.00     0.85       17.46      51.2       489.6      -438.4     0.740     c3:17.73; c2:18.89
201 H1166v1TS092_1     092     Agemo_mix            0.000    0.000    -        -        C1        2        0.00     56       0        0.0      0.00       0.00        0.810      0.025      0.07           1          115        0.00     1.05       16.84      64.5       767.6      -703.1     0.738     c3:17.79; c2:19.16
202 H1166v1TS098_3     098s    GuijunLab-Assembly   0.000    0.000    -        -        C1        2        0.00     48       0        0.0      0.00       0.00        0.822      0.022      0.07           1          115        0.00     0.81       17.48      -18.8      546.4      -565.2     0.740     c3:17.93; c2:18.87
203 H1166v1TS441_4     441     OpenFold             0.000    0.000    -        -        C1        2        0.00     47       0        0.0      0.00       0.00        0.785      0.034      0.07           1          115        0.00     3.01       16.21      -46.7      621.3      -668.0     0.648     c3:17.76; c2:19.81
204 H1166v1TS441_2     441     OpenFold             0.000    0.000    -        -        C1        2        0.00     2        0        0.0      0.00       0.00        0.791      0.025      0.05           1          438        0.00     2.00       17.33      1823.0     1488.2     334.7      0.768     c3:19.63; c2:19.84
205 H1166v1TS169_2     169     GuijunLab-Human      0.000    0.000    -        -        C1        2        0.00     54       0        0.0      0.00       0.00        0.823      0.021      0.08           1          115        0.00     0.84       17.55      -31.1      547.8      -578.9     0.735     c3:17.74; c2:18.96
206 H1166v1TS169_3     169     GuijunLab-Human      0.000    0.000    -        -        C1        2        0.00     74       6        0.0      0.00       0.00        0.662      0.003      0.00           1          115        0.00     1.12       39.87      429.6      702.2      -272.6     0.086     c3:18.44; c2:19.62
207 H1166v1TS188_2     188s    GuijunLab-DeepDA     0.000    0.000    -        -        C1        2        0.00     54       0        0.0      0.00       0.00        0.814      0.021      0.08           1          115        0.00     0.84       17.71      740.1      1467.0     -726.9     0.743     c3:17.75; c2:19.00
208 H1166v1TS185_3     185     BAKER                0.000    0.000    -        -        C1        2        0.00     43       0        0.0      0.00       0.00        0.805      0.049      0.21           1          115        0.00     1.05       13.51      39.8       1110.7     -1071.0    0.754     c3:19.04; c2:18.49
209 H1166v1TS205_1     205     Zou                  0.000    0.000    -        -        C1        2        0.00     45       0        0.0      0.00       0.00        0.763      0.021      0.08           1          115        0.00     1.03       18.15      45.6       11.1       34.5       0.696     c3:17.81; c2:18.57
210 H1166v1TS423_5     423     trComplex            0.000    0.000    -        -        C1        2        0.00     51       0        0.0      0.00       0.00        0.825      0.021      0.10           1          115        0.00     0.81       17.69      84.6       475.6      -391.1     0.749     c3:17.78; c2:19.10
211 H1166v1TS493_1     493     Shen-CAPRI           0.000    0.000    -        -        C1        2        0.00     56       0        0.0      0.00       0.00        0.785      0.025      0.09           1          115        0.00     1.31       16.16      -512.9     -221.3     -291.6     0.760     c3:19.73; c2:20.78
212 H1166v1TS367_1     367     MULTICOM             0.000    0.000    -        -        C1        2        0.00     52       0        0.0      0.00       0.00        0.823      0.022      0.07           1          115        0.00     0.85       17.61      65.6       615.8      -550.1     0.735     c3:17.80; c2:18.91
213 H1166v1TS433_1     433     OpenFold-SingleSeq   0.000    0.000    -        -        C1        2        0.00     50       0        0.0      0.00       0.00        0.783      0.034      0.10           1          115        0.00     3.07       15.61      16.3       617.3      -601.0     0.653     c3:17.84; c2:20.09
214 H1166v1TS367_4     367     MULTICOM             0.000    0.000    -        -        C1        2        0.00     51       0        0.0      0.00       0.00        0.825      0.025      0.09           1          115        0.00     0.92       16.81      143.8      692.3      -548.5     0.747     c3:17.84; c2:19.07
215 H1166v1TS441_1     441     OpenFold             0.000    0.000    -        -        C1        2        0.00     50       0        0.0      0.00       0.00        0.783      0.034      0.10           1          115        0.00     3.07       15.61      16.3       617.3      -601.0     0.653     c3:17.84; c2:20.09
216 H1166v1TS477_1     477     DMP                  0.000    0.000    -        -        C1        2        0.00     30       0        0.0      0.00       0.00        0.798      0.032      0.15           1          115        0.00     1.26       15.91      1062.5     1039.3     23.2       0.748     c3:19.06; c2:18.13
217 H1166v1TS493_5     493     Shen-CAPRI           0.000    0.000    -        -        C1        2        0.00     80       0        0.0      0.00       0.00        0.790      0.037      0.20           1          115        0.00     1.26       13.98      -1384.7    -813.2     -571.5     0.766     c3:17.91; c2:17.97
218 H1166v1TS003_1     003     MULTICOM_human       0.000    0.000    -        -        C1        2        0.00     52       0        0.0      0.00       0.00        0.823      0.021      0.08           1          115        0.00     0.84       17.53      27.7       582.9      -555.3     0.739     c3:17.86; c2:19.06
219 H1166v1TS423_4     423     trComplex            0.000    0.000    -        -        C1        2        0.00     31       0        0.0      0.00       0.00        0.812      0.025      0.08           1          115        0.00     1.06       16.84      743.4      1087.4     -343.9     0.772     c3:18.53; c2:19.56
220 H1166v1TS125_4     125s    UltraFold_Server     0.000    0.000    -        -        C1        2        0.00     53       0        0.0      0.00       0.00        0.822      0.021      0.07           1          115        0.00     0.85       17.61      127.2      679.3      -552.1     0.739     c3:17.76; c2:19.05
221 H1166v1TS423_1     423     trComplex            0.000    0.000    -        -        C1        2        0.00     35       0        0.0      0.00       0.00        0.814      0.029      0.14           1          115        0.00     1.06       13.03      453.1      990.2      -537.1     0.787     c3:17.87; c2:19.06
222 H1166v1TS333_4     333s    FALCON0              0.000    0.000    -        -        C1        2        0.00     0        0        -        -          -           0.361      0.002      -              1          212        0.00     8.08       -          17868.7    6239.8     11629.0    0.329     c3:43.36; c2:45.42
223 H1166v1TS423_2     423     trComplex            0.000    0.000    -        -        C1        2        0.00     21       0        0.0      0.00       0.00        0.814      0.027      0.12           1          115        0.00     1.05       14.36      666.6      1033.0     -366.3     0.780     c3:17.57; c2:19.25
224 H1166v1TS035_1     035s    Manifold-E           0.000    0.000    -        -        C1        2        0.00     53       0        0.0      0.00       0.00        0.814      0.021      0.09           1          115        0.00     0.83       17.69      701.4      1512.5     -811.1     0.736     c3:17.79; c2:18.84
225 H1166v1TS398_4     398     ChaePred             0.000    0.000    -        -        C1        2        0.00     95       3        0.0      0.00       0.00        0.815      0.024      0.09           1          115        0.00     0.84       15.97      -558.4     371.7      -930.1     0.747     c3:18.29; c2:21.01
226 H1166v1TS398_3     398     ChaePred             0.000    0.000    -        -        C1        2        0.00     70       0        0.0      0.00       0.00        0.811      0.031      0.07           1          115        0.00     0.84       13.48      -420.4     324.6      -745.0     0.764     c3:17.77; c2:19.27
227 H1166v1TS239_5     239s    Yang-Multimer        0.000    0.000    -        -        C1        2        0.00     53       0        0.0      0.00       0.00        0.799      0.021      0.06           1          115        0.00     0.84       17.67      -112.7     -473.8     361.1      0.744     c3:17.74; c2:18.99
228 H1166v1TS147_2     147     SHT                  0.000    0.000    -        -        C1        2        0.00     102      0        0.0      0.00       0.00        0.771      0.021      0.14           1          115        0.00     1.43       15.79      -2472.6    -2408.5    -64.0      0.737     c3:18.39; c2:18.44
229 H1166v1TS291_1     291     Kozakov-Vajda        0.000    0.000    -        -        C1        2        0.00     54       0        0.0      0.00       0.00        0.810      0.030      0.14           1          115        0.00     1.12       13.18      -1473.4    -190.3     -1283.1    0.744     c3:18.60; c2:20.21
230 H1166v1TS067_1     067     ESM-single-sequence  0.000    0.000    -        -        C1        2        0.00     46       0        0.0      0.00       0.00        0.671      0.005      0.02           1          438        0.00     3.30       20.57      58.9       307.3      -248.4     0.712     c3:18.93; c2:19.11
231 H1166v1TS278_1     278     PEZYFoldings         0.000    0.000    -        -        C1        2        0.00     91       0        0.0      0.00       0.00        0.810      0.017      0.12           1          115        0.00     0.90       16.58      -981.9     292.0      -1273.9    0.739     c3:18.11; c2:18.43
232 H1166v1TS187_3     187     TRFold               0.000    0.000    -        -        C1        2        0.00     51       0        0.0      0.00       0.00        0.822      0.024      0.08           1          115        0.00     0.85       16.96      150.0      611.2      -461.3     0.741     c3:17.89; c2:18.94
233 H1166v1TS150_5     150     Grudinin             0.000    0.000    -        -        C1        2        0.00     8        0        0.0      0.00       0.00        0.833      0.032      0.10           1          115        0.00     0.85       12.90      1534.2     1328.5     205.7      0.792     c3:20.97; c2:23.45
234 H1166v1TS187_1     187     TRFold               0.000    0.000    -        -        C1        2        0.00     35       0        0.0      0.00       0.00        0.814      0.029      0.14           1          115        0.00     1.06       13.03      453.1      990.2      -537.1     0.787     c3:17.87; c2:19.06
235 H1166v1TS165_1     165     FTBiot0119           0.000    0.000    -        -        C1        2        0.00     123      5        0.0      0.00       0.00        0.765      0.036      0.16           1          115        0.00     0.81       13.25      -2111.6    -526.5     -1585.1    0.582     c3:18.34; c2:18.08
236 H1166v1TS169_5     169     GuijunLab-Human      0.000    0.000    -        -        C1        2        0.00     53       0        0.0      0.00       0.00        0.823      0.021      0.08           1          115        0.00     0.84       17.67      -110.6     514.2      -624.9     0.744     c3:17.74; c2:18.99
237 H1166v1TS086_1     086s    MULTICOM_qa          0.000    0.000    -        -        C1        2        0.00     52       0        0.0      0.00       0.00        0.823      0.022      0.07           1          115        0.00     0.85       17.61      65.6       615.8      -550.1     0.735     c3:17.80; c2:18.91
238 H1166v1TS225_5     225     ShanghaiTech         0.000    0.000    -        -        C1        2        0.00     116      0        0.0      0.00       0.00        0.810      0.029      0.12           1          115        0.00     1.05       13.19      -635.4     -20.8      -614.6     0.743     c3:19.22; c2:22.06
239 H1166v1TS091_4     091     UNRES                0.000    0.000    -        -        C1        2        0.00     100      0        0.0      0.00       0.00        0.624      0.019      0.12           1          115        0.00     0.89       15.23      2177.4     1832.3     345.1      0.512     c3:17.07; c2:18.31
240 H1166v1TS131_1     131s    Kiharalab_Server     0.000    0.000    -        -        C1        2        0.00     51       0        0.0      0.00       0.00        0.823      0.022      0.09           1          115        0.00     0.84       17.49      -287.2     385.9      -673.0     0.740     c3:17.90; c2:18.82
241 H1166v1TS248_1     248     Manifold             0.000    0.000    -        -        C1        2        0.00     53       0        0.0      0.00       0.00        0.814      0.021      0.09           1          115        0.00     0.83       17.69      701.4      1512.5     -811.1     0.736     c3:17.79; c2:18.84
242 H1166v1TS073_1     073s    DFolding-refine      0.000    0.000    -        -        C1        2        0.00     47       0        0.0      0.00       0.00        0.753      0.025      0.08           1          115        0.00     1.32       17.55      21.6       -693.0     714.6      0.711     c3:17.86; c2:19.03
243 H1166v1TS248_5     248     Manifold             0.000    0.000    -        -        C1        2        0.00     43       0        0.0      0.00       0.00        0.829      0.034      0.10           1          115        0.00     0.87       14.34      1301.9     1604.2     -302.3     0.789     c3:19.32; c2:19.46
244 H1166v1TS257_2     257     WL_team              0.000    0.000    -        -        C1        2        0.00     50       0        0.0      0.00       0.00        0.710      0.030      0.09           1          115        0.00     1.35       16.84      2130.9     1684.4     446.5      0.536     c3:18.34; c2:18.92
245 H1166v1TS257_3     257     WL_team              0.000    0.000    -        -        C1        2        0.00     46       0        0.0      0.00       0.00        0.695      0.028      0.12           1          115        0.00     1.65       17.36      2065.2     1519.9     545.3      0.550     c3:18.15; c2:18.49
246 H1166v1TS257_4     257     WL_team              0.000    0.000    -        -        C1        2        0.00     55       0        0.0      0.00       0.00        0.707      0.025      0.10           1          115        0.00     1.29       17.47      2341.4     1695.9     645.5      0.569     c3:18.45; c2:18.94
247 H1166v1TS257_5     257     WL_team              0.000    0.000    -        -        C1        2        0.00     50       0        0.0      0.00       0.00        0.688      0.030      0.10           1          115        0.00     1.52       17.01      2537.3     2119.8     417.4      0.530     c3:18.56; c2:18.44
248 H1166v1TS320_2     320     Elofsson             0.000    0.000    -        -        C1        2        0.00     54       0        0.0      0.00       0.00        0.823      0.021      0.08           1          115        0.00     0.84       17.55      -22.8      554.3      -577.2     0.735     c3:17.74; c2:18.96
249 H1166v1TS073_4     073s    DFolding-refine      0.000    0.000    -        -        C1        2        0.00     46       0        0.0      0.00       0.00        0.723      0.026      0.17           1          115        0.00     1.90       15.02      -173.1     -1163.5    990.4      0.606     c3:19.02; c2:19.04
250 H1166v1TS368_2     368s    FALCON2              0.000    0.000    -        -        C1        2        0.00     15       1        0.0      0.00       0.00        0.387      0.001      0.00           1          213        0.00     8.66       67.05      12089.9    4095.8     7994.2     0.358     c3:33.03; c2:39.67
251 H1166v1TS288_4     288s    DFolding-server      0.000    0.000    -        -        C1        2        0.00     34       0        0.0      0.00       0.00        0.826      0.032      0.11           1          115        0.00     1.07       16.20      826.4      803.3      23.1       0.762     c3:19.35; c2:18.21
252 H1166v1TS003_5     003     MULTICOM_human       0.000    0.000    -        -        C1        2        0.00     52       0        0.0      0.00       0.00        0.823      0.022      0.07           1          115        0.00     0.85       17.61      65.6       615.8      -550.1     0.735     c3:17.80; c2:18.91
253 H1166v1TS390_1     390s    NBIS-AF2-multimer    0.000    0.000    -        -        C1        2        0.00     53       0        0.0      0.00       0.00        0.823      0.021      0.08           1          115        0.00     0.84       17.67      -101.2     514.1      -615.3     0.744     c3:17.74; c2:18.99
254 H1166v1TS037_2     037     Wallner              0.000    0.000    -        -        C1        2        0.00     60       0        0.0      0.00       0.00        0.813      0.028      0.08           1          115        0.00     1.10       16.67      153.6      722.1      -568.5     0.739     c3:17.97; c2:18.53
255 H1166v1TS390_3     390s    NBIS-AF2-multimer    0.000    0.000    -        -        C1        2        0.00     48       0        0.0      0.00       0.00        0.822      0.022      0.07           1          115        0.00     0.81       17.48      -25.4      546.0      -571.4     0.740     c3:17.93; c2:18.87
256 H1166v1TS314_2     314     Pierce               0.000    0.000    -        -        C1        2        0.00     53       0        0.0      0.00       0.00        0.823      0.021      0.08           1          115        0.00     0.84       17.67      -101.2     514.1      -615.3     0.744     c3:17.74; c2:18.99
257 H1166v1TS312_3     312     Fernandez-Recio      0.000    0.000    -        -        C1        2        0.00     52       0        0.0      0.00       0.00        0.802      0.022      0.06           1          115        0.00     0.86       17.03      280.6      792.9      -512.3     0.735     c3:17.81; c2:18.99
258 H1166v1TS312_5     312     Fernandez-Recio      0.000    0.000    -        -        C1        2        0.00     48       0        0.0      0.00       0.00        0.803      0.022      0.08           1          115        0.00     0.86       17.26      365.3      816.7      -451.4     0.735     c3:17.83; c2:18.99
259 H1166v1TS086_4     086s    MULTICOM_qa          0.000    0.000    -        -        C1        2        0.00     51       0        0.0      0.00       0.00        0.825      0.025      0.09           1          115        0.00     0.92       16.81      143.8      692.3      -548.5     0.747     c3:17.84; c2:19.07
260 H1166v1TS368_4     368s    FALCON2              0.000    0.000    -        -        C1        2        0.00     0        0        -        -          -           0.361      0.002      -              1          212        0.00     8.08       -          17868.7    6239.8     11629.0    0.329     c3:43.36; c2:45.42
261 H1166v1TS493_3     493     Shen-CAPRI           0.000    0.000    -        -        C1        2        0.00     43       0        0.0      0.00       0.00        0.779      0.018      0.05           1          115        0.00     1.38       19.65      -509.6     -107.9     -401.7     0.722     c3:18.38; c2:18.09
262 H1166v1TS494_4     494     Venclovas            0.000    0.000    -        -        C1        2        0.00     65       0        0.0      0.00       0.00        0.812      0.024      0.09           1          115        0.00     0.99       16.78      65.8       694.0      -628.2     0.745     c3:17.72; c2:19.20
263 H1166v1TS433_4     433     OpenFold-SingleSeq   0.000    0.000    -        -        C1        2        0.00     47       0        0.0      0.00       0.00        0.785      0.034      0.07           1          115        0.00     3.01       16.21      -46.7      621.3      -668.0     0.648     c3:17.76; c2:19.81
264 H1166v1TS188_4     188s    GuijunLab-DeepDA     0.000    0.000    -        -        C1        2        0.00     53       0        0.0      0.00       0.00        0.823      0.021      0.08           1          115        0.00     0.84       17.67      -110.6     514.2      -624.9     0.744     c3:17.74; c2:18.99
265 H1166v1TS147_1     147     SHT                  0.000    0.000    -        -        C1        2        0.00     83       0        0.0      0.00       0.00        0.771      0.041      0.16           1          115        0.00     1.46       14.19      -2033.0    -2027.7    -5.3       0.758     c3:18.81; c2:18.42
266 H1166v1TS067_2     067     ESM-single-sequence  0.000    0.000    -        -        C1        2        0.00     33       0        0.0      0.00       0.00        0.674      0.006      0.00           1          438        0.00     3.57       18.25      349.7      219.5      130.3      0.700     c3:20.51; c2:21.39
267 H1166v1TS119_2     119     Kiharalab            0.000    0.000    -        -        C1        2        0.00     51       0        0.0      0.00       0.00        0.823      0.022      0.09           1          115        0.00     0.84       17.49      -287.2     385.9      -673.0     0.740     c3:17.90; c2:18.82
268 H1166v1TS098_5     098s    GuijunLab-Assembly   0.000    0.000    -        -        C1        2        0.00     74       6        0.0      0.00       0.00        0.662      0.003      0.00           1          115        0.00     1.12       39.87      429.6      702.2      -272.6     0.086     c3:18.44; c2:19.62
269 H1166v1TS399_4     399     BeijingAIProtein     0.000    0.000    -        -        C1        2        0.00     53       0        0.0      0.00       0.00        0.822      0.021      0.07           1          115        0.00     0.85       17.61      127.2      679.3      -552.1     0.739     c3:17.76; c2:19.05
270 H1166v1TS433_2     433     OpenFold-SingleSeq   0.000    0.000    -        -        C1        2        0.00     2        0        0.0      0.00       0.00        0.791      0.025      0.05           1          438        0.00     2.00       17.33      1823.0     1488.2     334.7      0.768     c3:19.63; c2:19.84
271 H1166v1TS205_5     205     Zou                  0.000    0.000    -        -        C1        2        0.00     18       0        0.0      0.00       0.00        0.765      0.033      0.16           1          115        0.00     1.34       14.41      1333.8     786.2      547.6      0.728     c3:17.99; c2:19.28
272 H1166v1TS180_5     180     McGuffin             0.000    0.000    -        -        C1        2        0.00     23       0        0.0      0.00       0.00        0.835      0.034      0.21           1          115        0.00     1.02       10.31      797.1      1033.2     -236.2     0.776     c3:20.72; c2:23.32
273 H1166v1TS493_4     493     Shen-CAPRI           0.000    0.000    -        -        C1        2        0.00     59       0        0.0      0.00       0.00        0.790      0.021      0.03           1          115        0.00     1.24       14.67      -1104.7    -489.4     -615.3     0.761     c3:18.76; c2:18.19
274 H1166v1TS054_4     054     UltraFold            0.000    0.000    -        -        C1        2        0.00     53       0        0.0      0.00       0.00        0.822      0.021      0.07           1          115        0.00     0.85       17.61      127.2      679.3      -552.1     0.739     c3:17.76; c2:19.05
275 H1166v1TS493_2     493     Shen-CAPRI           0.000    0.000    -        -        C1        2        0.00     83       0        0.0      0.00       0.00        0.783      0.030      0.15           1          115        0.00     1.22       13.29      -1094.9    -537.0     -557.9     0.771     c3:20.54; c2:23.33
276 H1166v1TS165_5     165     FTBiot0119           0.000    0.000    -        -        C1        2        0.00     107      4        0.0      0.00       0.00        0.779      0.034      0.17           1          115        0.00     0.84       13.55      -1704.1    -302.5     -1401.7    0.582     c3:18.62; c2:18.28
277 H1166v1TS003_2     003     MULTICOM_human       0.000    0.000    -        -        C1        2        0.00     51       0        0.0      0.00       0.00        0.825      0.025      0.09           1          115        0.00     0.92       16.81      143.8      692.3      -548.5     0.747     c3:17.84; c2:19.07
278 H1166v1TS350_1     350     ClusPro              0.000    0.000    -        -        C1        2        0.00     54       0        0.0      0.00       0.00        0.810      0.030      0.14           1          115        0.00     1.12       13.18      -1473.4    -190.3     -1283.1    0.744     c3:18.60; c2:20.21
279 H1166v1TS187_2     187     TRFold               0.000    0.000    -        -        C1        2        0.00     21       0        0.0      0.00       0.00        0.814      0.027      0.12           1          115        0.00     1.05       14.36      666.6      1033.0     -366.3     0.780     c3:17.57; c2:19.25
280 H1166v1TS398_2     398     ChaePred             0.000    0.000    -        -        C1        2        0.00     68       1        0.0      0.00       0.00        0.819      0.021      0.08           1          115        0.00     0.84       17.59      -121.9     502.6      -624.5     0.744     c3:17.79; c2:18.85
281 H1166v1TS320_3     320     Elofsson             0.000    0.000    -        -        C1        2        0.00     48       0        0.0      0.00       0.00        0.822      0.022      0.07           1          115        0.00     0.81       17.48      -25.4      546.0      -571.4     0.740     c3:17.93; c2:18.87
282 H1166v1TS098_2     098s    GuijunLab-Assembly   0.000    0.000    -        -        C1        2        0.00     3        1        0.0      0.00       0.00        0.704      0.003      0.00           1          115        0.00     1.12       37.75      5068.1     2455.4     2612.7     0.366     c3:21.47; c2:21.50
283 H1166v1TS374_5     374     Zheng                0.000    0.000    -        -        C1        2        0.00     44       0        0.0      0.00       0.00        0.822      0.023      0.07           1          115        0.00     0.81       17.36      163.1      685.7      -522.6     0.745     c3:17.96; c2:18.85
284 H1166v1TS333_2     333s    FALCON0              0.000    0.000    -        -        C1        2        0.00     15       1        0.0      0.00       0.00        0.387      0.001      0.00           1          213        0.00     8.66       67.05      12089.9    4095.8     7994.2     0.358     c3:33.03; c2:39.67
285 H1166v1TS333_5     333s    FALCON0              0.000    0.000    -        -        C1        2        0.00     0        0        -        -          -           0.349      0.001      -              1          212        0.00     8.41       -          18284.1    6779.6     11504.5    0.311     c3:46.06; c2:53.51
286 H1166v1TS348_1     348     Takeda-Shitaka_Lab   0.000    0.000    -        -        C1        2        0.00     51       0        0.0      0.00       0.00        0.821      0.021      0.09           1          115        0.00     0.85       17.81      30.5       482.3      -451.8     0.734     c3:17.74; c2:19.06
287 H1166v1TS348_2     348     Takeda-Shitaka_Lab   0.000    0.000    -        -        C1        2        0.00     8        0        0.0      0.00       0.00        0.833      0.032      0.10           1          115        0.00     0.85       12.90      1486.3     1195.3     291.0      0.792     c3:20.97; c2:23.45
288 H1166v1TS368_1     368s    FALCON2              -        -        -        -        C1        2        0.00     0        0        -        -          -           -          -          -              1          124        0.00     9.57       -          5610.4     -4392.8    9824.9     0.243     c3:31.76; c2:34.10
289 H1166v1TS333_1     333s    FALCON0              -        -        -        -        C1        2        0.00     0        0        -        -          -           -          -          -              1          124        0.00     9.57       -          5610.4     -4392.8    9824.9     0.243     c3:31.76; c2:34.10
290 H1166v1TS368_3     368s    FALCON2              -        -        -        -        C1        2        0.00     0        0        -        -          -           -          -          -              1          124        0.00     9.57       -          5610.4     -4392.8    9824.9     0.243     c3:31.76; c2:34.10
291 H1166v1TS333_3     333s    FALCON0              -        -        -        -        C1        2        0.00     0        0        -        -          -           -          -          -              1          124        0.00     9.57       -          5610.4     -4392.8    9824.9     0.243     c3:31.76; c2:34.10