    Model              Gr.Code Group                QSglob   QSbest   Mol.Size Stoich.  Symm.     SymmSize SymmRMSD No.Conts No.Clash F1       Prec.Iface Recal.Iface lDDToligo  DockQ_Avg  Jaccard.Coeff. Align.Size Align.Len  Orient   LocalRMSD  Iface.RMSD SA.total   SA.polar  SA.apolar  TMscore    SymmGr.RMSD
1   H1166TS360_3       360     MUFold_H             0.733    0.764    3        A1B1C1   C1        3        0.00     154      0        60.9     59.67      64.32       0.832      0.275      0.65           2          438        0.05     3.25       2.55       655.5      943.7      -288.2     0.744     c3:30.93; c2:3.48
2   H1166TS150_4       150     Grudinin             0.721    0.765    3        A1B1C1   C1        3        0.00     161      1        62.9     64.71      64.95       0.831      0.230      0.65           2          438        0.10     6.68       3.60       701.6      1024.3     -322.7     0.600     c3:30.07; c2:7.23
3   H1166TS494_2       494     Venclovas            0.712    0.735    3        A1B1C1   C1        3        0.00     177      1        64.5     58.92      71.34       0.822      0.294      0.62           2          438        0.07     4.03       3.01       350.3      1145.6     -795.3     0.698     c3:29.36; c2:4.21
4   H1166TS248_3       248     Manifold             0.699    0.724    3        A1B1C1   C1        3        0.00     164      0        65.4     64.48      66.85       0.817      0.341      0.66           2          438        0.02     1.71       1.40       1542.1     1783.3     -241.2     0.803     c3:31.25; c2:3.42
5   H1166TS035_3       035s    Manifold-E           0.699    0.724    3        A1B1C1   C1        3        0.00     164      0        65.4     64.48      66.85       0.817      0.341      0.66           2          438        0.02     1.71       1.40       1542.1     1783.3     -241.2     0.803     c3:31.25; c2:3.42
6   H1166TS071_2       071s    RaptorX-Multimer     0.693    0.725    3        A1B1C1   C2        2        3.33     167      1        59.2     54.44      64.97       0.809      0.261      0.64           2          438        0.04     2.72       2.24       551.8      1015.7     -464.0     0.743     c3:32.40; c2:2.98
7   H1166TS119_3       119     Kiharalab            0.689    0.714    3        A1B1C1   C1        3        0.00     156      1        61.3     58.43      66.25       0.833      0.212      0.65           2          438        0.09     5.96       4.32       635.2      1078.2     -443.0     0.628     c3:30.03; c2:6.41
8   H1166TS227_5       227     GinobiFold           0.687    0.712    3        A1B1C1   C1        3        0.00     164      0        62.8     60.47      66.88       0.840      0.217      0.67           2          438        0.12     6.65       4.42       493.6      946.3      -452.8     0.608     c3:30.13; c2:7.15
9   H1166TS133_5       133s    ShanghaiTech-TS-SER  0.687    0.712    3        A1B1C1   C1        3        0.00     164      0        62.8     60.47      66.88       0.840      0.217      0.67           2          438        0.12     6.65       4.42       493.6      946.3      -452.8     0.608     c3:30.13; c2:7.15
10  H1166TS119_5       119     Kiharalab            0.684    0.708    3        A1B1C1   C2        2        3.01     163      0        58.9     55.60      63.69       0.835      0.283      0.61           2          438        0.02     2.16       1.80       621.1      841.3      -220.1     0.784     c3:31.44; c2:2.78
11  H1166TS360_5       360     MUFold_H             0.680    0.711    3        A1B1C1   C1        3        0.00     160      0        58.3     55.93      63.10       0.825      0.271      0.64           2          438        0.05     3.44       3.11       511.3      789.8      -278.6     0.742     c3:31.25; c2:3.71
12  H1166TS086_2       086s    MULTICOM_qa          0.680    0.705    3        A1B1C1   C1        3        0.00     155      0        53.7     49.62      58.62       0.823      0.221      0.61           2          438        0.07     3.98       3.47       662.3      826.2      -163.9     0.692     c3:30.95; c2:4.21
13  H1166TS360_2       360     MUFold_H             0.680    0.710    3        A1B1C1   C1        3        0.00     161      1        55.7     54.94      59.90       0.824      0.243      0.63           2          438        0.05     3.48       3.08       568.5      862.6      -294.1     0.722     c3:31.03; c2:3.73
14  H1166TS360_1       360     MUFold_H             0.680    0.709    3        A1B1C1   C1        3        0.00     159      0        58.0     55.49      61.75       0.824      0.256      0.64           2          438        0.05     3.46       3.04       446.9      845.4      -398.5     0.731     c3:30.98; c2:3.66
15  H1166TS360_4       360     MUFold_H             0.678    0.713    3        A1B1C1   C1        3        0.00     158      0        56.7     58.20      60.55       0.823      0.241      0.63           2          438        0.06     3.93       3.34       597.5      855.5      -257.9     0.703     c3:30.91; c2:4.10
16  H1166TS205_3       205     Zou                  0.678    0.699    3        A1B1C1   C1        3        0.00     191      1        55.1     49.86      61.80       0.751      0.227      0.60           2          438        0.03     6.42       4.57       738.5      666.5      72.1       0.618     c3:30.14; c2:6.95
17  H1166TS390_5       390s    NBIS-AF2-multimer    0.673    0.705    3        A1B1C1   C1        3        0.00     179      1        61.2     61.89      64.31       0.827      0.224      0.64           2          438        0.12     6.75       3.68       216.1      863.1      -647.0     0.607     c3:29.94; c2:7.16
18  H1166TS098_4       098s    GuijunLab-Assembly   0.673    0.705    3        A1B1C1   C1        3        0.00     179      1        61.2     61.89      64.31       0.827      0.224      0.64           2          438        0.08     6.75       3.68       194.8      845.0      -650.3     0.607     c3:29.94; c2:7.16
19  H1166TS320_5       320     Elofsson             0.673    0.705    3        A1B1C1   C1        3        0.00     179      1        61.2     61.89      64.31       0.827      0.224      0.64           2          438        0.12     6.75       3.68       216.1      863.1      -647.0     0.607     c3:29.94; c2:7.16
20  H1166TS239_3       239s    Yang-Multimer        0.669    0.697    3        A1B1C1   C2        2        3.65     147      0        60.3     58.13      63.05       0.815      0.274      0.60           2          438        0.03     1.67       1.46       1212.1     31.4       1180.7     0.803     c3:32.60; c2:3.08
21  H1166TS298_1       298s    MUFold               0.669    0.693    3        A1B1C1   C1        3        0.00     167      0        57.9     54.84      61.76       0.825      0.202      0.65           2          438        0.12     6.42       4.75       237.6      809.0      -571.4     0.617     c3:29.95; c2:6.82
22  H1166TS011_4       011s    GinobiFold-SER       0.668    0.696    3        A1B1C1   C2        2        3.36     157      0        59.4     55.57      64.34       0.833      0.260      0.59           2          438        0.04     2.49       1.89       1232.3     1301.8     -69.5      0.765     c3:32.52; c2:2.93
23  H1166TS434_4       434     Coqualia             0.668    0.696    3        A1B1C1   C2        2        3.36     157      0        59.4     55.57      64.34       0.833      0.260      0.59           2          438        0.04     2.49       1.89       1232.3     1301.8     -69.5      0.765     c3:32.52; c2:2.93
24  H1166TS298_2       298s    MUFold               0.668    0.693    3        A1B1C1   C1        3        0.00     159      0        62.4     58.93      66.89       0.831      0.202      0.63           2          438        0.12     6.45       4.66       463.0      1014.3     -551.3     0.613     c3:29.93; c2:6.97
25  H1166TS367_3       367     MULTICOM             0.667    0.702    3        A1B1C1   C1        3        0.00     168      1        57.7     55.27      61.18       0.829      0.236      0.63           2          438        0.07     4.27       3.43       468.9      881.6      -412.8     0.690     c3:30.37; c2:4.37
26  H1166TS350_5       350     ClusPro              0.667    0.713    3        A1B1C1   C2        2        2.23     163      0        53.5     48.98      59.25       0.801      0.271      0.59           2          398        0.04     5.07       1.98       840.8      970.4      -129.7     0.788     c3:35.04; c2:2.86
27  H1166TS291_5       291     Kozakov-Vajda        0.667    0.713    3        A1B1C1   C2        2        2.23     163      0        53.5     48.98      59.25       0.801      0.271      0.59           2          398        0.04     5.07       1.98       840.8      970.4      -129.7     0.788     c3:35.04; c2:2.86
28  H1166TS188_3       188s    GuijunLab-DeepDA     0.666    0.694    3        A1B1C1   C1        3        0.00     156      2        57.9     60.18      57.31       0.812      0.213      0.60           2          438        0.09     6.78       3.70       915.9      1395.2     -479.4     0.602     c3:29.72; c2:7.24
29  H1166TS119_1       119     Kiharalab            0.666    0.689    3        A1B1C1   C2        2        3.24     160      0        60.9     61.85      64.98       0.829      0.292      0.64           2          438        0.02     1.93       1.61       1057.8     1060.2     -2.4       0.777     c3:31.78; c2:2.86
30  H1166TS131_4       131s    Kiharalab_Server     0.666    0.689    3        A1B1C1   C2        2        3.24     159      0        60.9     61.85      64.98       0.829      0.292      0.64           2          438        0.02     1.93       1.61       1043.7     1059.7     -16.0      0.777     c3:31.78; c2:2.86
31  H1166TS298_3       298s    MUFold               0.665    0.689    3        A1B1C1   C1        3        0.00     165      1        58.4     54.89      62.39       0.826      0.196      0.61           2          438        0.12     6.38       4.82       345.5      822.9      -477.4     0.618     c3:29.95; c2:6.82
32  H1166TS433_3       433     OpenFold-SingleSeq   0.660    0.695    3        A1B1C1   C1        3        0.00     142      0        53.6     47.37      61.78       0.794      0.193      0.50           2          438        0.08     4.40       3.17       1459.0     1355.6     103.3      0.656     c3:28.26; c2:4.52
33  H1166TS441_3       441     OpenFold             0.660    0.695    3        A1B1C1   C1        3        0.00     142      0        53.6     47.37      61.78       0.794      0.193      0.50           2          438        0.08     4.40       3.17       1459.0     1355.6     103.3      0.656     c3:28.26; c2:4.52
34  H1166TS150_5       150     Grudinin             0.658    0.678    3        A1B1C1   C2        2        3.46     146      0        58.3     54.64      62.42       0.833      0.269      0.54           2          438        0.02     1.72       1.50       1534.2     1328.5     205.7      0.796     c3:32.78; c2:2.98
35  H1166TS348_2       348     Takeda-Shitaka_Lab   0.658    0.678    3        A1B1C1   C2        2        3.46     146      0        58.3     54.64      62.42       0.833      0.269      0.54           2          438        0.02     1.72       1.50       1486.3     1195.3     291.0      0.796     c3:32.78; c2:2.98
36  H1166TS434_1       434     Coqualia             0.655    0.680    3        A1B1C1   C1        3        0.00     180      1        58.2     55.67      61.76       0.825      0.199      0.63           2          438        0.12     6.63       4.71       202.4      847.4      -645.0     0.615     c3:29.97; c2:7.10
37  H1166TS011_1       011s    GinobiFold-SER       0.655    0.680    3        A1B1C1   C1        3        0.00     180      1        58.2     55.67      61.76       0.825      0.199      0.63           2          438        0.12     6.63       4.71       202.4      847.4      -645.0     0.615     c3:29.97; c2:7.10
38  H1166TS169_4       169     GuijunLab-Human      0.651    0.678    3        A1B1C1   C1        3        0.00     170      0        57.2     53.62      61.76       0.824      0.200      0.64           2          438        0.08     6.61       4.96       181.0      774.9      -593.8     0.611     c3:29.97; c2:7.03
39  H1166TS150_2       150     Grudinin             0.651    0.678    3        A1B1C1   C1        3        0.00     170      0        57.2     53.62      61.76       0.824      0.200      0.64           2          438        0.09     6.61       4.96       207.7      798.6      -590.8     0.611     c3:29.97; c2:7.04
40  H1166TS188_5       188s    GuijunLab-DeepDA     0.651    0.678    3        A1B1C1   C1        3        0.00     170      0        57.2     53.62      61.76       0.824      0.200      0.64           2          438        0.08     6.61       4.96       181.0      774.9      -593.8     0.611     c3:29.97; c2:7.03
41  H1166TS314_4       314     Pierce               0.651    0.678    3        A1B1C1   C1        3        0.00     170      0        57.2     53.62      61.76       0.824      0.200      0.64           2          438        0.12     6.61       4.96       191.5      783.9      -592.4     0.611     c3:29.97; c2:7.04
42  H1166TS320_4       320     Elofsson             0.651    0.678    3        A1B1C1   C1        3        0.00     170      0        57.2     53.62      61.76       0.824      0.200      0.64           2          438        0.12     6.61       4.96       191.5      783.9      -592.4     0.611     c3:29.97; c2:7.04
43  H1166TS390_4       390s    NBIS-AF2-multimer    0.651    0.678    3        A1B1C1   C1        3        0.00     170      0        57.2     53.62      61.76       0.824      0.200      0.64           2          438        0.12     6.61       4.96       191.5      783.9      -592.4     0.611     c3:29.97; c2:7.04
44  H1166TS348_5       348     Takeda-Shitaka_Lab   0.651    0.678    3        A1B1C1   C1        3        0.00     170      0        57.2     53.62      61.76       0.824      0.200      0.64           2          438        0.12     6.61       4.96       170.5      678.7      -508.2     0.611     c3:29.97; c2:7.04
45  H1166TS433_2       433     OpenFold-SingleSeq   0.649    0.675    3        A1B1C1   C2        2        2.64     134      0        54.4     49.44      60.49       0.791      0.254      0.51           2          438        0.03     2.00       1.74       1823.0     1488.2     334.7      0.771     c3:29.40; c2:2.75
46  H1166TS441_2       441     OpenFold             0.649    0.675    3        A1B1C1   C2        2        2.64     134      0        54.4     49.44      60.49       0.791      0.254      0.51           2          438        0.03     2.00       1.74       1823.0     1488.2     334.7      0.771     c3:29.40; c2:2.75
47  H1166TS227_4       227     GinobiFold           0.646    0.668    3        A1B1C1   C1        3        0.00     171      0        59.9     55.65      64.98       0.825      0.190      0.61           2          438        0.11     6.26       4.51       633.6      1083.1     -449.5     0.627     c3:30.30; c2:6.62
48  H1166TS133_4       133s    ShanghaiTech-TS-SER  0.646    0.668    3        A1B1C1   C1        3        0.00     171      0        59.9     55.65      64.98       0.825      0.190      0.61           2          438        0.11     6.26       4.51       633.6      1083.1     -449.5     0.627     c3:30.30; c2:6.62
49  H1166TS461_3       461     colabfold_human      0.644    0.682    3        A1B1C1   C1        3        0.00     162      1        56.4     53.43      59.91       0.825      0.197      0.63           2          438        0.11     5.93       4.63       334.5      868.1      -533.6     0.633     c3:29.89; c2:6.16
50  H1166TS446_3       446s    ColabFold            0.644    0.682    3        A1B1C1   C1        3        0.00     162      1        56.4     53.43      59.91       0.825      0.197      0.63           2          438        0.11     5.93       4.63       334.5      868.1      -533.6     0.633     c3:29.89; c2:6.16
51  H1166TS187_5       187     TRFold               0.644    0.683    3        A1B1C1   C1        3        0.00     139      1        55.7     55.65      58.56       0.825      0.198      0.56           2          438        0.09     4.89       3.74       1375.8     1052.3     323.4      0.667     c3:31.53; c2:5.11
52  H1166TS187_4       187     TRFold               0.643    0.668    3        A1B1C1   C2        2        3.25     156      0        52.7     48.73      57.98       0.825      0.239      0.59           2          438        0.04     2.90       2.83       1574.9     1189.6     385.3      0.745     c3:32.54; c2:3.31
53  H1166TS158_4       158s    MULTICOM_deep        0.643    0.677    3        A1B1C1   C1        3        0.00     165      1        57.8     54.34      61.75       0.828      0.233      0.62           2          438        0.07     4.19       3.46       210.5      816.8      -606.2     0.684     c3:30.73; c2:4.23
54  H1166TS011_3       011s    GinobiFold-SER       0.642    0.667    3        A1B1C1   C2        2        3.35     153      0        57.4     53.65      61.78       0.831      0.253      0.59           2          438        0.03     2.42       1.89       1343.6     1360.2     -16.6      0.778     c3:31.97; c2:2.94
55  H1166TS434_3       434     Coqualia             0.642    0.667    3        A1B1C1   C2        2        3.35     153      0        57.4     53.65      61.78       0.831      0.253      0.59           2          438        0.03     2.42       1.89       1343.6     1360.2     -16.6      0.778     c3:31.97; c2:2.94
56  H1166TS461_2       461     colabfold_human      0.641    0.669    3        A1B1C1   C2        2        2.94     156      1        55.4     52.62      58.56       0.825      0.247      0.60           2          438        0.03     2.51       2.33       1558.6     1405.2     153.4      0.764     c3:32.33; c2:3.05
57  H1166TS446_2       446s    ColabFold            0.641    0.669    3        A1B1C1   C2        2        2.94     156      1        55.4     52.62      58.56       0.825      0.247      0.60           2          438        0.03     2.51       2.33       1558.6     1405.2     153.4      0.764     c3:32.33; c2:3.05
58  H1166TS158_3       158s    MULTICOM_deep        0.640    0.669    3        A1B1C1   C1        3        0.00     171      1        57.8     54.38      61.75       0.825      0.195      0.62           2          438        0.13     6.60       4.98       108.4      668.8      -560.4     0.609     c3:29.90; c2:7.05
59  H1166TS462_1       462s    MultiFOLD            0.640    0.666    3        A1B1C1   C1        3        0.00     147      0        56.9     55.16      59.20       0.823      0.240      0.60           2          438        0.04     2.94       2.50       1541.7     1308.2     233.5      0.736     c3:31.91; c2:3.42
60  H1166TS298_5       298s    MUFold               0.640    0.662    3        A1B1C1   C1        3        0.00     159      1        58.8     54.19      64.33       0.827      0.184      0.59           2          438        0.10     5.95       4.31       620.4      1014.6     -394.1     0.637     c3:30.12; c2:6.37
61  H1166TS348_4       348     Takeda-Shitaka_Lab   0.637    0.661    3        A1B1C1   C1        3        0.00     160      0        59.5     55.41      64.33       0.827      0.179      0.59           2          438        0.12     6.46       4.65       613.5      905.1      -291.6     0.614     c3:30.38; c2:6.94
62  H1166TS374_2       374     Zheng                0.631    0.651    3        A1B1C1   C2        2        3.17     188      0        59.9     54.60      66.25       0.817      0.307      0.60           2          438        0.02     1.64       1.27       -115.5     500.4      -616.0     0.780     c3:32.01; c2:2.77
63  H1166TS433_5       433     OpenFold-SingleSeq   0.630    0.660    3        A1B1C1   C1        3        0.00     144      0        53.6     48.08      60.49       0.792      0.248      0.54           2          438        0.05     2.69       2.14       1300.3     1247.2     53.0       0.752     c3:30.45; c2:3.05
64  H1166TS441_5       441     OpenFold             0.630    0.660    3        A1B1C1   C1        3        0.00     144      0        53.6     48.08      60.49       0.792      0.248      0.54           2          438        0.05     2.69       2.14       1300.3     1247.2     53.0       0.752     c3:30.45; c2:3.05
65  H1166TS205_2       205     Zou                  0.628    0.641    3        A1B1C1   C1        3        0.00     164      1        55.4     53.70      57.33       0.762      0.201      0.61           2          438        0.07     5.72       4.35       849.8      836.3      13.4       0.633     c3:30.54; c2:6.04
66  H1166TS133_2       133s    ShanghaiTech-TS-SER  0.627    0.648    3        A1B1C1   C1        3        0.00     175      0        59.2     55.61      63.69       0.836      0.193      0.63           2          438        0.11     6.28       4.45       87.3       710.5      -623.2     0.629     c3:29.52; c2:6.72
67  H1166TS227_2       227     GinobiFold           0.627    0.648    3        A1B1C1   C1        3        0.00     175      0        59.2     55.61      63.69       0.836      0.193      0.63           2          438        0.11     6.28       4.45       87.3       710.5      -623.2     0.629     c3:29.52; c2:6.72
68  H1166TS071_1       071s    RaptorX-Multimer     0.626    0.649    3        A1B1C1   C1        3        0.00     157      0        58.0     54.22      62.42       0.821      0.178      0.59           2          438        0.12     6.21       4.51       786.7      1314.4     -527.8     0.620     c3:30.35; c2:6.63
69  H1166TS180_1       180     McGuffin             0.621    0.663    3        A1B1C1   C2        2        2.98     156      0        57.4     53.65      61.78       0.834      0.263      0.57           2          438        0.02     2.15       1.64       1034.8     1111.3     -76.5      0.793     c3:32.12; c2:2.74
70  H1166TS071_4       071s    RaptorX-Multimer     0.621    0.643    3        A1B1C1   C1        3        0.00     165      1        57.6     54.07      61.78       0.817      0.183      0.61           2          438        0.10     5.65       4.20       377.8      1146.8     -769.0     0.639     c3:30.19; c2:5.93
71  H1166TS446_5       446s    ColabFold            0.621    0.665    3        A1B1C1   C1        3        0.00     149      1        53.9     51.24      57.34       0.822      0.201      0.56           2          438        0.08     4.45       3.58       1202.2     1220.9     -18.7      0.666     c3:31.36; c2:4.46
72  H1166TS461_5       461     colabfold_human      0.621    0.665    3        A1B1C1   C1        3        0.00     149      1        53.9     51.24      57.34       0.822      0.201      0.56           2          438        0.08     4.45       3.58       1202.2     1220.9     -18.7      0.666     c3:31.36; c2:4.46
73  H1166TS288_5       288s    DFolding-server      0.617    0.647    3        A1B1C1   C1        3        0.00     149      0        52.1     47.29      58.56       0.822      0.174      0.58           2          438        0.12     6.56       5.32       914.9      943.2      -28.3      0.619     c3:32.20; c2:6.82
74  H1166TS462_2       462s    MultiFOLD            0.615    0.641    3        A1B1C1   C1        3        0.00     154      0        54.0     51.65      56.71       0.821      0.225      0.55           2          438        0.04     2.86       2.44       1176.0     1348.8     -172.9     0.739     c3:31.46; c2:3.27
75  H1166TS350_4       350     ClusPro              0.615    0.636    3        A1B1C1   C2        2        3.32     158      0        54.2     49.47      59.85       0.816      0.251      0.52           2          398        0.03     4.78       1.95       -749.6     185.2      -934.8     0.769     c3:30.61; c2:2.84
76  H1166TS291_4       291     Kozakov-Vajda        0.615    0.636    3        A1B1C1   C2        2        3.32     158      0        54.2     49.47      59.85       0.816      0.251      0.52           2          398        0.03     4.78       1.95       -749.6     185.2      -934.8     0.769     c3:30.61; c2:2.84
77  H1166TS071_5       071s    RaptorX-Multimer     0.614    0.651    3        A1B1C1   C1        3        0.00     159      0        55.3     51.86      59.21       0.799      0.169      0.58           2          438        0.12     6.45       4.73       882.0      1297.8     -415.8     0.613     c3:30.42; c2:6.94
78  H1166TS158_2       158s    MULTICOM_deep        0.614    0.648    3        A1B1C1   C1        3        0.00     172      1        55.4     52.51      58.63       0.824      0.177      0.62           2          438        0.13     6.52       4.90       99.4       789.1      -689.7     0.613     c3:29.77; c2:6.99
79  H1166TS003_4       003     MULTICOM_human       0.614    0.648    3        A1B1C1   C1        3        0.00     172      1        55.4     52.51      58.63       0.824      0.177      0.62           2          438        0.13     6.52       4.90       99.4       789.1      -689.7     0.613     c3:29.77; c2:6.99
80  H1166TS071_3       071s    RaptorX-Multimer     0.612    0.635    3        A1B1C1   C1        3        0.00     172      1        57.6     54.07      61.78       0.820      0.203      0.61           2          438        0.08     4.55       3.45       357.4      1140.0     -782.6     0.678     c3:30.70; c2:4.69
81  H1166TS350_3       350     ClusPro              0.609    0.629    3        A1B1C1   C2        2        3.37     169      0        55.9     50.64      62.40       0.820      0.259      0.58           2          398        0.02     4.80       2.07       -665.9     296.1      -962.0     0.758     c3:32.89; c2:2.96
82  H1166TS291_3       291     Kozakov-Vajda        0.609    0.629    3        A1B1C1   C2        2        3.37     169      0        55.9     50.64      62.40       0.820      0.259      0.58           2          398        0.02     4.80       2.07       -665.9     296.1      -962.0     0.758     c3:32.89; c2:2.96
83  H1166TS434_5       434     Coqualia             0.608    0.634    3        A1B1C1   C2        2        3.14     149      1        54.7     51.29      58.57       0.824      0.245      0.55           2          438        0.03     2.46       2.13       1436.6     1355.9     80.7       0.776     c3:31.93; c2:3.10
84  H1166TS011_5       011s    GinobiFold-SER       0.608    0.634    3        A1B1C1   C2        2        3.14     149      1        54.7     51.29      58.57       0.824      0.245      0.55           2          438        0.03     2.46       2.13       1436.6     1355.9     80.7       0.776     c3:31.93; c2:3.10
85  H1166TS462_3       462s    MultiFOLD            0.606    0.632    3        A1B1C1   C1        3        0.00     174      0        56.4     53.51      59.84       0.820      0.191      0.59           2          438        0.11     6.06       4.60       357.0      878.8      -521.8     0.637     c3:28.85; c2:6.57
86  H1166TS180_3       180     McGuffin             0.603    0.642    3        A1B1C1   C2        2        3.08     166      0        58.1     53.93      63.06       0.834      0.258      0.57           2          438        0.03     2.29       1.75       727.5      971.0      -243.6     0.781     c3:31.50; c2:2.81
87  H1166TS239_2       239s    Yang-Multimer        0.603    0.627    3        A1B1C1   C1        3        0.00     166      0        55.2     53.81      57.35       0.798      0.179      0.60           2          438        0.11     6.37       4.86       122.1      -301.6     423.7      0.625     c3:29.13; c2:6.77
88  H1166TS291_2       291     Kozakov-Vajda        0.603    0.622    3        A1B1C1   C2        2        3.39     169      0        56.2     51.18      62.41       0.815      0.254      0.55           2          398        0.03     4.79       2.00       -809.9     263.8      -1073.8    0.757     c3:32.54; c2:2.91
89  H1166TS133_1       133s    ShanghaiTech-TS-SER  0.603    0.623    3        A1B1C1   C1        3        0.00     172      0        58.1     53.93      63.06       0.826      0.176      0.60           2          438        0.12     6.50       4.69       475.8      1034.9     -559.1     0.611     c3:29.83; c2:6.93
90  H1166TS227_1       227     GinobiFold           0.603    0.623    3        A1B1C1   C1        3        0.00     172      0        58.1     53.93      63.06       0.826      0.176      0.60           2          438        0.12     6.50       4.69       475.8      1034.9     -559.1     0.611     c3:29.83; c2:6.93
91  H1166TS350_2       350     ClusPro              0.603    0.622    3        A1B1C1   C2        2        3.39     169      0        56.2     51.18      62.41       0.815      0.254      0.55           2          398        0.03     4.79       2.00       -809.9     263.8      -1073.8    0.757     c3:32.54; c2:2.91
92  H1166TS180_4       180     McGuffin             0.601    0.641    3        A1B1C1   C2        2        3.07     162      0        57.9     54.50      61.78       0.834      0.260      0.58           2          438        0.02     2.19       1.66       942.1      1107.0     -164.9     0.775     c3:32.15; c2:2.80
93  H1166TS462_4       462s    MultiFOLD            0.600    0.632    3        A1B1C1   C1        3        0.00     156      0        54.5     52.50      56.71       0.818      0.226      0.55           2          438        0.04     3.00       2.62       1382.3     1413.7     -31.4      0.748     c3:32.05; c2:3.49
94  H1166TS278_5       278     PEZYFoldings         0.599    0.610    3        A1B1C1   C1        3        0.00     186      0        56.0     50.20      63.67       0.708      0.180      0.59           2          438        0.13     7.07       5.24       21.2       678.2      -656.9     0.612     c3:28.46; c2:7.11
95  H1166TS239_4       239s    Yang-Multimer        0.599    0.636    3        A1B1C1   C1        3        0.00     163      0        54.6     54.18      58.00       0.795      0.188      0.59           2          438        0.10     5.89       4.50       748.8      -135.5     884.3      0.647     c3:29.59; c2:6.26
96  H1166TS423_2       423     trComplex            0.599    0.632    3        A1B1C1   C2        2        2.78     159      0        56.1     50.44      63.06       0.814      0.255      0.55           2          438        0.03     2.07       1.80       666.6      1033.0     -366.3     0.772     c3:29.57; c2:2.62
97  H1166TS314_1       314     Pierce               0.599    0.629    3        A1B1C1   C2        2        2.88     193      0        60.1     55.95      64.95       0.832      0.303      0.62           2          438        0.03     2.23       1.74       283.0      1293.9     -1010.9    0.797     c3:30.71; c2:2.69
98  H1166TS187_2       187     TRFold               0.599    0.632    3        A1B1C1   C2        2        2.78     159      0        56.1     50.44      63.06       0.814      0.255      0.55           2          438        0.03     2.07       1.80       666.6      1033.0     -366.3     0.772     c3:29.57; c2:2.62
99  H1166TS227_3       227     GinobiFold           0.596    0.621    3        A1B1C1   C2        2        3.36     179      1        57.4     52.72      63.06       0.835      0.252      0.59           2          438        0.04     2.56       1.84       786.1      1053.2     -267.1     0.771     c3:31.80; c2:3.01
100 H1166TS133_3       133s    ShanghaiTech-TS-SER  0.596    0.621    3        A1B1C1   C2        2        3.36     179      1        57.4     52.72      63.06       0.835      0.252      0.59           2          438        0.04     2.56       1.84       786.1      1053.2     -267.1     0.771     c3:31.80; c2:3.01
101 H1166TS180_5       180     McGuffin             0.596    0.635    3        A1B1C1   C2        2        2.99     171      0        57.4     53.65      61.78       0.835      0.262      0.57           2          438        0.02     2.11       1.61       797.1      1033.2     -236.2     0.787     c3:31.96; c2:2.76
102 H1166TS434_2       434     Coqualia             0.594    0.618    3        A1B1C1   C1        3        0.00     156      2        55.3     51.86      59.21       0.823      0.244      0.57           2          438        0.03     2.57       2.17       1184.3     1306.8     -122.6     0.773     c3:31.74; c2:3.07
103 H1166TS011_2       011s    GinobiFold-SER       0.594    0.618    3        A1B1C1   C1        3        0.00     156      2        55.3     51.86      59.21       0.823      0.244      0.57           2          438        0.03     2.57       2.17       1184.3     1306.8     -122.6     0.773     c3:31.74; c2:3.07
104 H1166TS131_5       131s    Kiharalab_Server     0.594    0.624    3        A1B1C1   C2        2        2.89     175      0        54.3     50.74      58.63       0.831      0.265      0.59           2          438        0.02     2.25       2.30       225.5      704.7      -479.2     0.779     c3:30.69; c2:2.92
105 H1166TS185_1       185     BAKER                0.594    0.632    3        A1B1C1   C1        3        0.00     166      0        56.9     55.18      59.84       0.829      0.286      0.61           2          438        0.02     2.09       2.31       330.1      1349.8     -1019.7    0.818     c3:31.30; c2:3.42
106 H1166TS185_4       185     BAKER                0.593    0.628    3        A1B1C1   C1        3        0.00     165      0        55.6     52.58      59.20       0.826      0.270      0.59           2          438        0.02     2.34       2.61       151.4      1332.2     -1180.8    0.809     c3:30.76; c2:3.31
107 H1166TS180_2       180     McGuffin             0.592    0.630    3        A1B1C1   C2        2        2.98     174      0        57.1     53.50      61.14       0.834      0.261      0.57           2          438        0.02     2.15       1.64       687.9      1000.7     -312.8     0.790     c3:31.77; c2:2.76
108 H1166TS037_5       037     Wallner              0.591    0.630    3        A1B1C1   C1        3        0.00     173      1        53.8     49.70      58.56       0.803      0.178      0.61           2          438        0.11     6.15       4.70       -41.2      619.8      -661.0     0.634     c3:30.48; c2:6.44
109 H1166TS185_5       185     BAKER                0.591    0.629    3        A1B1C1   C2        2        2.86     161      0        51.5     52.78      52.85       0.811      0.267      0.56           2          438        0.05     2.95       3.29       -11.3      1002.8     -1014.1    0.790     c3:30.50; c2:2.92
110 H1166TS348_3       348     Takeda-Shitaka_Lab   0.590    0.629    3        A1B1C1   C1        3        0.00     162      1        55.6     52.28      59.20       0.826      0.242      0.60           2          438        0.04     2.97       2.60       851.9      898.3      -46.4      0.745     c3:32.16; c2:3.34
111 H1166TS150_3       150     Grudinin             0.590    0.629    3        A1B1C1   C1        3        0.00     162      1        55.6     52.28      59.20       0.826      0.242      0.60           2          438        0.03     2.97       2.60       883.0      1021.6     -138.6     0.745     c3:32.16; c2:3.34
112 H1166TS185_2       185     BAKER                0.590    0.627    3        A1B1C1   C1        3        0.00     162      0        55.9     53.65      58.63       0.825      0.282      0.60           2          438        0.02     2.10       2.29       580.7      1510.2     -929.5     0.816     c3:31.23; c2:3.33
113 H1166TS298_4       298s    MUFold               0.589    0.627    3        A1B1C1   C1        3        0.00     165      1        54.7     51.29      58.57       0.824      0.229      0.58           2          438        0.04     2.93       2.51       1161.6     1123.3     38.3       0.749     c3:32.11; c2:3.31
114 H1166TS225_4       225     ShanghaiTech         0.589    0.625    3        A1B1C1   C1        3        0.00     176      0        58.3     56.27      60.47       0.831      0.255      0.58           2          438        0.04     3.06       2.37       603.0      977.9      -374.9     0.752     c3:29.94; c2:3.51
115 H1166TS131_2       131s    Kiharalab_Server     0.588    0.616    3        A1B1C1   C1        3        0.00     179      1        55.0     51.37      59.21       0.830      0.224      0.60           2          438        0.06     3.76       2.96       35.8       598.0      -562.2     0.702     c3:29.93; c2:4.00
116 H1166TS461_1       461     colabfold_human      0.588    0.622    3        A1B1C1   C2        2        3.04     180      0        57.6     54.07      61.78       0.835      0.262      0.59           2          438        0.03     2.20       1.71       835.0      1081.2     -246.2     0.784     c3:31.62; c2:2.78
117 H1166TS119_4       119     Kiharalab            0.588    0.616    3        A1B1C1   C1        3        0.00     179      1        55.0     51.37      59.21       0.830      0.224      0.60           2          438        0.05     3.76       2.96       44.7       595.5      -550.8     0.702     c3:29.93; c2:4.00
118 H1166TS446_1       446s    ColabFold            0.588    0.622    3        A1B1C1   C2        2        3.04     180      0        57.6     54.07      61.78       0.835      0.262      0.59           2          438        0.03     2.20       1.71       835.0      1081.2     -246.2     0.784     c3:31.62; c2:2.78
119 H1166TS444_3       444     CoDock               0.587    0.614    3        A1B1C1   C1        3        0.00     185      1        55.1     51.04      59.84       0.802      0.191      0.63           2          438        0.12     6.62       5.05       18.6       1004.5     -985.9     0.610     c3:29.51; c2:7.06
120 H1166TS248_2       248     Manifold             0.585    0.611    3        A1B1C1   C2        2        2.95     175      0        57.3     55.93      59.20       0.824      0.266      0.61           2          438        0.01     2.35       2.27       1070.7     1622.8     -552.1     0.789     c3:31.14; c2:2.99
121 H1166TS035_2       035s    Manifold-E           0.585    0.611    3        A1B1C1   C2        2        2.95     175      0        57.3     55.93      59.20       0.824      0.266      0.61           2          438        0.01     2.35       2.27       1070.7     1622.8     -552.1     0.789     c3:31.14; c2:2.99
122 H1166TS462_5       462s    MultiFOLD            0.585    0.654    3        A1B1C1   C2        2        3.32     151      0        55.9     54.07      57.93       0.808      0.225      0.55           2          438        0.04     2.89       2.53       1297.9     1341.0     -43.0      0.750     c3:33.36; c2:3.45
123 H1166TS461_4       461     colabfold_human      0.584    0.621    3        A1B1C1   C2        2        3.07     167      1        54.7     51.29      58.57       0.833      0.246      0.55           2          438        0.03     2.50       1.99       1146.8     1194.5     -47.7      0.772     c3:31.80; c2:2.94
124 H1166TS446_4       446s    ColabFold            0.584    0.621    3        A1B1C1   C2        2        3.07     167      1        54.7     51.29      58.57       0.833      0.246      0.55           2          438        0.03     2.50       1.99       1146.8     1194.5     -47.7      0.772     c3:31.80; c2:2.94
125 H1166TS278_4       278     PEZYFoldings         0.584    0.604    3        A1B1C1   C2        2        2.52     206      1        56.2     50.44      63.69       0.719      0.280      0.57           2          438        0.03     1.79       1.48       1345.7     1113.7     231.9      0.795     c3:30.25; c2:2.58
126 H1166TS037_3       037     Wallner              0.581    0.600    3        A1B1C1   C1        3        0.00     180      1        58.5     54.07      63.70       0.824      0.230      0.61           2          438        0.06     3.48       2.71       217.3      946.2      -729.0     0.731     c3:30.97; c2:3.60
127 H1166TS131_3       131s    Kiharalab_Server     0.581    0.610    3        A1B1C1   C1        3        0.00     180      0        55.6     52.01      59.84       0.831      0.230      0.60           2          438        0.06     3.72       3.02       -163.0     511.3      -674.3     0.707     c3:29.88; c2:3.96
128 H1166TS239_1       239s    Yang-Multimer        0.580    0.613    3        A1B1C1   C1        3        0.00     179      0        56.2     54.71      58.00       0.797      0.184      0.62           2          438        0.10     5.95       4.56       -200.0     -488.7     288.8      0.640     c3:28.75; c2:6.36
129 H1166TS205_5       205     Zou                  0.579    0.623    3        A1B1C1   C1        3        0.00     144      0        52.6     48.65      57.36       0.765      0.217      0.53           2          438        0.03     3.47       3.06       1333.8     786.2      547.6      0.735     c3:32.41; c2:4.01
130 H1166TS423_3       423     trComplex            0.576    0.609    3        A1B1C1   C2        2        2.79     175      0        55.7     50.29      62.42       0.812      0.257      0.54           2          438        0.02     1.99       1.80       393.4      914.0      -520.6     0.778     c3:28.48; c2:2.63
131 H1166TS423_4       423     trComplex            0.573    0.604    3        A1B1C1   C2        2        2.85     169      0        56.7     51.58      63.06       0.812      0.259      0.56           2          438        0.02     1.91       1.74       743.4      1087.4     -343.9     0.779     c3:28.04; c2:2.68
132 H1166TS187_1       187     TRFold               0.567    0.595    3        A1B1C1   C2        2        2.84     174      0        56.1     51.01      62.42       0.814      0.258      0.55           2          438        0.02     1.98       1.78       453.1      990.2      -537.1     0.784     c3:29.39; c2:2.66
133 H1166TS423_1       423     trComplex            0.567    0.595    3        A1B1C1   C2        2        2.84     174      0        56.1     51.01      62.42       0.814      0.258      0.55           2          438        0.02     1.98       1.78       453.1      990.2      -537.1     0.784     c3:29.39; c2:2.66
134 H1166TS288_3       288s    DFolding-server      0.566    0.597    3        A1B1C1   C1        3        0.00     196      1        56.2     52.52      60.48       0.827      0.181      0.63           2          438        0.12     6.89       5.17       -322.6     456.4      -779.1     0.608     c3:28.43; c2:7.45
135 H1166TS477_1       477     DMP                  0.562    0.631    3        A1B1C1   C2        2        3.06     161      0        50.9     47.01      55.43       0.798      0.220      0.54           2          438        0.05     2.95       3.04       1062.5     1039.3     23.2       0.755     c3:31.16; c2:3.23
136 H1166TS205_4       205     Zou                  0.561    0.586    3        A1B1C1   C1        3        0.00     166      0        50.2     45.51      56.07       0.755      0.196      0.51           2          438        0.10     4.96       4.03       469.6      200.5      269.1      0.652     c3:32.02; c2:7.53
137 H1166TS374_3       374     Zheng                0.561    0.599    3        A1B1C1   C1        3        0.00     199      0        57.2     53.89      61.13       0.832      0.249      0.61           2          438        0.05     3.23       2.62       -154.3     646.2      -800.4     0.734     c3:29.90; c2:3.63
138 H1166TS278_2       278     PEZYFoldings         0.560    0.583    3        A1B1C1   C1        3        0.00     202      0        56.3     52.44      61.13       0.821      0.202      0.62           2          438        0.09     5.78       4.52       -469.7     613.7      -1083.4    0.651     c3:28.96; c2:6.11
139 H1166TS003_3       003     MULTICOM_human       0.558    0.593    3        A1B1C1   C1        3        0.00     194      0        52.3     49.10      56.06       0.826      0.238      0.62           2          438        0.04     3.07       2.91       96.2       794.8      -698.6     0.740     c3:29.28; c2:3.42
140 H1166TS086_5       086s    MULTICOM_qa          0.558    0.593    3        A1B1C1   C1        3        0.00     194      0        52.3     49.10      56.06       0.826      0.238      0.62           2          438        0.04     3.07       2.91       96.2       794.8      -698.6     0.740     c3:29.28; c2:3.42
141 H1166TS367_5       367     MULTICOM             0.558    0.593    3        A1B1C1   C1        3        0.00     194      0        52.3     49.10      56.06       0.826      0.238      0.62           2          438        0.04     3.07       2.91       96.2       794.8      -698.6     0.740     c3:29.28; c2:3.42
142 H1166TS158_5       158s    MULTICOM_deep        0.558    0.593    3        A1B1C1   C1        3        0.00     194      0        52.3     49.10      56.06       0.826      0.238      0.62           2          438        0.04     3.07       2.91       96.2       794.8      -698.6     0.740     c3:29.28; c2:3.42
143 H1166TS035_4       035s    Manifold-E           0.557    0.582    3        A1B1C1   C1        3        0.00     171      0        56.0     53.60      58.56       0.822      0.269      0.60           2          438        0.02     1.71       1.83       1772.4     1967.9     -195.5     0.791     c3:31.90; c2:3.51
144 H1166TS248_4       248     Manifold             0.557    0.582    3        A1B1C1   C1        3        0.00     171      0        56.0     53.60      58.56       0.822      0.269      0.60           2          438        0.02     1.71       1.83       1772.4     1967.9     -195.5     0.791     c3:31.90; c2:3.51
145 H1166TS385_1       385     FoldEver-Hybrid      0.555    0.588    3        A1B1C1   C1        3        0.00     200      1        56.3     52.74      60.48       0.831      0.236      0.59           2          438        0.05     3.53       2.93       167.2      742.4      -575.2     0.715     c3:29.54; c2:3.88
146 H1166TS245_1       245s    FoldEver             0.555    0.588    3        A1B1C1   C1        3        0.00     200      1        56.3     52.74      60.48       0.831      0.236      0.59           2          438        0.05     3.53       2.93       167.2      742.4      -575.2     0.715     c3:29.54; c2:3.88
147 H1166TS447_2       447     DELCLAB              0.553    0.579    3        A1B1C1   C2        2        3.23     222      0        52.7     46.85      60.48       0.782      0.258      0.57           2          438        0.03     2.51       2.10       -1587.7    -1165.2    -422.5     0.768     c3:29.90; c2:3.25
148 H1166TS447_1       447     DELCLAB              0.553    0.579    3        A1B1C1   C2        2        3.23     222      0        52.7     46.85      60.48       0.782      0.258      0.57           2          438        0.03     2.51       2.10       -1587.7    -1165.2    -422.5     0.768     c3:29.90; c2:3.25
149 H1166TS399_1       399     BeijingAIProtein     0.552    0.584    3        A1B1C1   C1        3        0.00     200      0        55.3     51.14      60.48       0.833      0.244      0.60           2          438        0.05     3.30       2.74       27.6       717.3      -689.6     0.727     c3:29.69; c2:3.66
150 H1166TS125_3       125s    UltraFold_Server     0.552    0.592    3        A1B1C1   C1        3        0.00     188      0        55.0     51.57      59.26       0.829      0.244      0.59           2          438        0.05     3.35       2.95       103.2      734.4      -631.1     0.727     c3:29.86; c2:3.67
151 H1166TS125_1       125s    UltraFold_Server     0.552    0.584    3        A1B1C1   C1        3        0.00     200      0        55.3     51.14      60.48       0.833      0.244      0.60           2          438        0.05     3.30       2.74       27.6       717.3      -689.6     0.727     c3:29.69; c2:3.66
152 H1166TS054_1       054     UltraFold            0.552    0.584    3        A1B1C1   C1        3        0.00     200      0        55.3     51.14      60.48       0.833      0.244      0.60           2          438        0.05     3.30       2.74       27.6       717.3      -689.6     0.727     c3:29.69; c2:3.66
153 H1166TS399_3       399     BeijingAIProtein     0.552    0.592    3        A1B1C1   C1        3        0.00     188      0        55.0     51.57      59.26       0.829      0.244      0.59           2          438        0.05     3.35       2.95       103.2      734.4      -631.1     0.727     c3:29.86; c2:3.67
154 H1166TS054_3       054     UltraFold            0.552    0.592    3        A1B1C1   C1        3        0.00     188      0        55.0     51.57      59.26       0.829      0.244      0.59           2          438        0.05     3.35       2.95       103.2      734.4      -631.1     0.727     c3:29.86; c2:3.67
155 H1166TS054_2       054     UltraFold            0.551    0.586    3        A1B1C1   C1        3        0.00     202      0        55.8     51.99      60.48       0.828      0.239      0.60           2          438        0.05     3.49       2.85       -39.8      778.9      -818.7     0.716     c3:29.61; c2:3.83
156 H1166TS125_2       125s    UltraFold_Server     0.551    0.586    3        A1B1C1   C1        3        0.00     202      0        55.8     51.99      60.48       0.828      0.239      0.60           2          438        0.05     3.49       2.85       -39.8      778.9      -818.7     0.716     c3:29.61; c2:3.83
157 H1166TS399_2       399     BeijingAIProtein     0.551    0.586    3        A1B1C1   C1        3        0.00     202      0        55.8     51.99      60.48       0.828      0.239      0.60           2          438        0.05     3.49       2.85       -39.8      778.9      -818.7     0.716     c3:29.61; c2:3.83
158 H1166TS288_4       288s    DFolding-server      0.550    0.677    3        A1B1C1   C2        2        2.98     167      1        55.1     52.08      58.57       0.826      0.242      0.57           2          438        0.03     2.44       2.22       826.4      803.3      23.1       0.772     c3:31.61; c2:3.14
159 H1166TS067_2       067     ESM-single-sequence  0.549    0.736    3        A1B1C1   C1        3        0.00     171      0        51.6     46.87      57.36       0.674      0.204      0.52           2          438        0.04     3.57       2.92       349.7      219.5      130.3      0.698     c3:28.09; c2:5.43
160 H1166TS125_5       125s    UltraFold_Server     0.544    0.574    3        A1B1C1   C1        3        0.00     201      2        55.8     52.79      59.20       0.828      0.246      0.60           2          438        0.04     2.77       2.37       102.8      634.8      -532.0     0.753     c3:29.94; c2:3.31
161 H1166TS399_5       399     BeijingAIProtein     0.544    0.574    3        A1B1C1   C1        3        0.00     201      2        55.8     52.79      59.20       0.828      0.246      0.60           2          438        0.04     2.77       2.37       102.8      634.8      -532.0     0.753     c3:29.94; c2:3.31
162 H1166TS054_5       054     UltraFold            0.544    0.574    3        A1B1C1   C1        3        0.00     201      2        55.8     52.79      59.20       0.828      0.246      0.60           2          438        0.04     2.77       2.37       102.8      634.8      -532.0     0.753     c3:29.94; c2:3.31
163 H1166TS444_4       444     CoDock               0.543    0.586    3        A1B1C1   C1        3        0.00     194      0        54.2     51.60      57.35       0.804      0.252      0.60           2          438        0.03     2.80       2.62       357.1      1031.2     -674.2     0.771     c3:31.96; c2:3.28
164 H1166TS314_5       314     Pierce               0.543    0.566    3        A1B1C1   C2        2        2.96     201      1        57.6     54.55      61.12       0.830      0.260      0.59           2          438        0.03     2.22       1.73       146.5      1145.5     -999.0     0.766     c3:31.10; c2:2.67
165 H1166TS073_3       073s    DFolding-refine      0.542    0.567    3        A1B1C1   C1        3        0.00     195      0        51.5     47.82      56.06       0.745      0.190      0.59           2          438        0.12     6.03       4.48       -915.0     -1490.5    575.4      0.633     c3:28.92; c2:6.42
166 H1166TS278_3       278     PEZYFoldings         0.541    0.593    3        A1B1C1   C1        3        0.00     180      1        53.1     50.01      56.71       0.816      0.230      0.58           2          438        0.07     3.31       2.90       8.3        541.6      -533.3     0.758     c3:28.36; c2:3.45
167 H1166TS447_3       447     DELCLAB              0.539    0.566    3        A1B1C1   C2        2        3.18     217      0        53.0     47.18      60.48       0.780      0.253      0.56           2          438        0.03     2.50       2.02       -1196.3    -938.4     -257.9     0.760     c3:29.53; c2:3.20
168 H1166TS035_5       035s    Manifold-E           0.537    0.596    3        A1B1C1   C1        3        0.00     170      0        55.9     54.07      57.93       0.829      0.257      0.55           2          438        0.03     1.82       1.46       1301.9     1604.2     -302.3     0.796     c3:30.69; c2:3.77
169 H1166TS433_4       433     OpenFold-SingleSeq   0.537    0.599    3        A1B1C1   C1        3        0.00     184      0        52.6     46.87      59.85       0.785      0.185      0.52           2          438        0.10     4.88       3.88       -46.7      621.3      -668.0     0.660     c3:27.98; c2:5.04
170 H1166TS441_4       441     OpenFold             0.537    0.599    3        A1B1C1   C1        3        0.00     184      0        52.6     46.87      59.85       0.785      0.185      0.52           2          438        0.10     4.88       3.88       -46.7      621.3      -668.0     0.660     c3:27.98; c2:5.04
171 H1166TS248_5       248     Manifold             0.537    0.596    3        A1B1C1   C1        3        0.00     170      0        55.9     54.07      57.93       0.829      0.257      0.55           2          438        0.03     1.82       1.46       1301.9     1604.2     -302.3     0.796     c3:30.69; c2:3.77
172 H1166TS374_1       374     Zheng                0.536    0.566    3        A1B1C1   C1        3        0.00     189      0        52.7     49.77      56.07       0.826      0.230      0.58           2          438        0.04     3.14       3.00       107.2      605.1      -497.8     0.734     c3:28.98; c2:3.47
173 H1166TS288_2       288s    DFolding-server      0.536    0.567    3        A1B1C1   C2        2        3.45     201      0        54.4     50.40      59.21       0.831      0.273      0.62           2          438        0.02     2.03       2.19       183.0      657.4      -474.3     0.797     c3:30.55; c2:3.20
174 H1166TS374_5       374     Zheng                0.535    0.645    3        A1B1C1   C2        2        3.35     181      0        52.9     49.01      57.36       0.822      0.223      0.56           2          438        0.03     2.79       2.75       163.1      685.7      -522.6     0.744     c3:31.77; c2:3.32
175 H1166TS098_3       098s    GuijunLab-Assembly   0.534    0.644    3        A1B1C1   C1        3        0.00     184      0        53.7     50.58      57.36       0.822      0.220      0.56           2          438        0.03     2.89       2.82       -18.8      546.4      -565.2     0.738     c3:31.74; c2:3.37
176 H1166TS390_3       390s    NBIS-AF2-multimer    0.534    0.644    3        A1B1C1   C1        3        0.00     184      0        53.7     50.58      57.36       0.822      0.220      0.56           2          438        0.03     2.89       2.82       -25.4      546.0      -571.4     0.738     c3:31.74; c2:3.37
177 H1166TS320_3       320     Elofsson             0.534    0.644    3        A1B1C1   C1        3        0.00     184      0        53.7     50.58      57.36       0.822      0.220      0.56           2          438        0.03     2.89       2.82       -25.4      546.0      -571.4     0.738     c3:31.74; c2:3.37
178 H1166TS433_1       433     OpenFold-SingleSeq   0.534    0.583    3        A1B1C1   C1        3        0.00     185      1        52.6     47.37      59.21       0.783      0.185      0.53           2          438        0.10     4.80       3.97       16.3       617.3      -601.0     0.664     c3:27.66; c2:4.95
179 H1166TS169_1       169     GuijunLab-Human      0.534    0.644    3        A1B1C1   C1        3        0.00     184      0        53.7     50.58      57.36       0.822      0.220      0.56           2          438        0.03     2.89       2.82       -18.8      546.4      -565.2     0.738     c3:31.74; c2:3.37
180 H1166TS441_1       441     OpenFold             0.534    0.583    3        A1B1C1   C1        3        0.00     185      1        52.6     47.37      59.21       0.783      0.185      0.53           2          438        0.10     4.80       3.97       16.3       617.3      -601.0     0.664     c3:27.66; c2:4.95
181 H1166TS188_1       188s    GuijunLab-DeepDA     0.533    0.644    3        A1B1C1   C1        3        0.00     185      0        53.7     50.58      57.36       0.813      0.220      0.54           2          438        0.03     2.89       2.82       648.4      1307.5     -659.1     0.738     c3:31.74; c2:3.37
182 H1166TS444_1       444     CoDock               0.533    0.566    3        A1B1C1   C1        3        0.00     199      0        53.4     51.01      56.07       0.808      0.236      0.59           2          438        0.03     2.79       2.66       126.0      1034.2     -908.1     0.751     c3:29.83; c2:3.28
183 H1166TS037_1       037     Wallner              0.533    0.568    3        A1B1C1   C1        3        0.00     200      0        51.9     48.31      56.07       0.811      0.237      0.59           2          438        0.04     2.94       2.81       -64.9      564.1      -629.0     0.746     c3:29.13; c2:3.36
184 H1166TS205_1       205     Zou                  0.529    0.623    3        A1B1C1   C1        3        0.00     175      0        47.9     44.80      51.58       0.763      0.191      0.48           2          438        0.05     3.74       3.41       45.6       11.1       34.5       0.694     c3:32.35; c2:3.69
185 H1166TS086_4       086s    MULTICOM_qa          0.528    0.635    3        A1B1C1   C2        2        3.16     189      0        52.9     49.58      56.71       0.825      0.221      0.54           2          438        0.03     2.85       2.80       143.8      692.3      -548.5     0.747     c3:31.16; c2:3.41
186 H1166TS248_1       248     Manifold             0.528    0.648    3        A1B1C1   C1        3        0.00     183      0        54.1     51.36      57.36       0.814      0.219      0.56           2          438        0.03     2.92       2.80       701.4      1512.5     -811.1     0.735     c3:31.72; c2:3.39
187 H1166TS367_4       367     MULTICOM             0.528    0.635    3        A1B1C1   C2        2        3.16     189      0        52.9     49.58      56.71       0.825      0.221      0.54           2          438        0.03     2.85       2.80       143.8      692.3      -548.5     0.747     c3:31.16; c2:3.41
188 H1166TS073_2       073s    DFolding-refine      0.528    0.562    3        A1B1C1   C1        3        0.00     190      0        47.3     43.21      52.21       0.747      0.219      0.55           2          438        0.01     3.92       3.51       -700.3     -1675.0    974.7      0.706     c3:29.76; c2:4.30
189 H1166TS447_4       447     DELCLAB              0.528    0.557    3        A1B1C1   C2        2        3.22     228      1        54.4     48.38      62.41       0.784      0.269      0.55           2          438        0.03     2.49       2.03       -1559.1    -1060.8    -498.3     0.773     c3:30.09; c2:3.23
190 H1166TS035_1       035s    Manifold-E           0.528    0.648    3        A1B1C1   C1        3        0.00     183      0        54.1     51.36      57.36       0.814      0.219      0.56           2          438        0.03     2.92       2.80       701.4      1512.5     -811.1     0.735     c3:31.72; c2:3.39
191 H1166TS003_2       003     MULTICOM_human       0.528    0.635    3        A1B1C1   C2        2        3.16     189      0        52.9     49.58      56.71       0.825      0.221      0.54           2          438        0.03     2.85       2.80       143.8      692.3      -548.5     0.747     c3:31.16; c2:3.41
192 H1166TS086_3       086s    MULTICOM_qa          0.527    0.646    3        A1B1C1   C1        3        0.00     186      0        53.9     50.94      57.36       0.823      0.221      0.55           2          438        0.03     2.87       2.77       27.7       582.9      -555.3     0.737     c3:31.54; c2:3.36
193 H1166TS350_1       350     ClusPro              0.527    0.575    3        A1B1C1   C2        2        3.42     187      0        54.4     49.44      60.49       0.810      0.236      0.57           2          398        0.03     4.81       2.07       -1473.4    -190.3     -1283.1    0.760     c3:30.97; c2:2.99
194 H1166TS158_1       158s    MULTICOM_deep        0.527    0.646    3        A1B1C1   C1        3        0.00     186      0        53.9     50.94      57.36       0.823      0.221      0.55           2          438        0.03     2.87       2.77       27.7       582.9      -555.3     0.737     c3:31.54; c2:3.36
195 H1166TS447_5       447     DELCLAB              0.527    0.556    3        A1B1C1   C2        2        3.24     226      1        54.5     48.83      61.76       0.781      0.267      0.57           2          438        0.03     2.48       2.04       -1605.8    -1077.5    -528.4     0.773     c3:29.92; c2:3.22
196 H1166TS291_1       291     Kozakov-Vajda        0.527    0.575    3        A1B1C1   C2        2        3.42     187      0        54.4     49.44      60.49       0.810      0.236      0.57           2          398        0.03     4.81       2.07       -1473.4    -190.3     -1283.1    0.760     c3:30.97; c2:2.99
197 H1166TS367_2       367     MULTICOM             0.527    0.646    3        A1B1C1   C1        3        0.00     186      0        53.9     50.94      57.36       0.823      0.221      0.55           2          438        0.03     2.87       2.77       27.7       582.9      -555.3     0.737     c3:31.54; c2:3.36
198 H1166TS187_3       187     TRFold               0.527    0.641    3        A1B1C1   C2        2        3.17     191      0        53.4     51.01      56.07       0.822      0.218      0.55           2          438        0.04     2.93       2.85       150.0      611.2      -461.3     0.739     c3:31.28; c2:3.43
199 H1166TS003_1       003     MULTICOM_human       0.527    0.646    3        A1B1C1   C1        3        0.00     186      0        53.9     50.94      57.36       0.823      0.221      0.55           2          438        0.03     2.87       2.77       27.7       582.9      -555.3     0.737     c3:31.54; c2:3.36
200 H1166TS367_1       367     MULTICOM             0.526    0.646    3        A1B1C1   C1        3        0.00     189      0        53.6     50.79      56.71       0.823      0.218      0.55           2          438        0.03     2.96       2.83       65.6       615.8      -550.1     0.734     c3:31.65; c2:3.43
201 H1166TS003_5       003     MULTICOM_human       0.526    0.646    3        A1B1C1   C1        3        0.00     189      0        53.6     50.79      56.71       0.823      0.218      0.55           2          438        0.03     2.96       2.83       65.6       615.8      -550.1     0.734     c3:31.65; c2:3.43
202 H1166TS390_2       390s    NBIS-AF2-multimer    0.526    0.643    3        A1B1C1   C2        2        3.39     191      0        53.5     50.15      57.36       0.823      0.219      0.55           2          438        0.03     2.96       2.84       -22.8      554.3      -577.2     0.734     c3:31.50; c2:3.41
203 H1166TS320_2       320     Elofsson             0.526    0.643    3        A1B1C1   C2        2        3.39     191      0        53.5     50.15      57.36       0.823      0.219      0.55           2          438        0.03     2.96       2.84       -22.8      554.3      -577.2     0.734     c3:31.50; c2:3.41
204 H1166TS444_5       444     CoDock               0.526    0.635    3        A1B1C1   C1        3        0.00     173      0        54.1     50.72      57.93       0.803      0.219      0.56           2          438        0.03     3.01       2.89       206.7      872.6      -665.9     0.734     c3:31.31; c2:3.44
205 H1166TS086_1       086s    MULTICOM_qa          0.526    0.646    3        A1B1C1   C1        3        0.00     189      0        53.6     50.79      56.71       0.823      0.218      0.55           2          438        0.03     2.96       2.83       65.6       615.8      -550.1     0.734     c3:31.65; c2:3.43
206 H1166TS169_2       169     GuijunLab-Human      0.526    0.643    3        A1B1C1   C2        2        3.39     191      0        53.5     50.15      57.36       0.823      0.219      0.55           2          438        0.03     2.96       2.84       -31.1      547.8      -578.9     0.734     c3:31.50; c2:3.41
207 H1166TS399_4       399     BeijingAIProtein     0.525    0.645    3        A1B1C1   C1        3        0.00     192      0        53.5     50.15      57.36       0.822      0.221      0.56           2          438        0.03     2.85       2.75       127.2      679.3      -552.1     0.738     c3:31.45; c2:3.33
208 H1166TS125_4       125s    UltraFold_Server     0.525    0.645    3        A1B1C1   C1        3        0.00     192      0        53.5     50.15      57.36       0.822      0.221      0.56           2          438        0.03     2.85       2.75       127.2      679.3      -552.1     0.738     c3:31.45; c2:3.33
209 H1166TS054_4       054     UltraFold            0.525    0.645    3        A1B1C1   C1        3        0.00     192      0        53.5     50.15      57.36       0.822      0.221      0.56           2          438        0.03     2.85       2.75       127.2      679.3      -552.1     0.738     c3:31.45; c2:3.33
210 H1166TS374_4       374     Zheng                0.524    0.639    3        A1B1C1   C2        2        3.39     187      0        53.5     50.15      57.36       0.817      0.221      0.55           2          438        0.03     2.85       2.77       51.2       489.6      -438.4     0.739     c3:31.53; c2:3.33
211 H1166TS131_1       131s    Kiharalab_Server     0.524    0.643    3        A1B1C1   C2        2        3.30     190      0        53.7     50.58      57.36       0.823      0.220      0.57           2          438        0.03     2.87       2.81       -287.2     385.9      -673.0     0.738     c3:31.79; c2:3.35
212 H1166TS348_1       348     Takeda-Shitaka_Lab   0.524    0.644    3        A1B1C1   C1        3        0.00     183      0        53.5     50.15      57.36       0.821      0.219      0.56           2          438        0.03     2.93       2.79       30.5       482.3      -451.8     0.734     c3:31.52; c2:3.37
213 H1166TS312_2       312     Fernandez-Recio      0.524    0.536    3        A1B1C1   C1        3        0.00     176      0        47.2     47.15      47.15       0.804      0.250      0.49           2          438        0.05     2.98       2.91       860.9      1083.5     -222.7     0.801     c3:32.23; c2:3.46
214 H1166TS494_5       494     Venclovas            0.524    0.544    3        A1B1C1   C1        3        0.00     185      0        53.4     51.01      56.07       0.810      0.209      0.57           2          438        0.06     3.31       2.88       25.6       950.5      -924.9     0.724     c3:29.84; c2:3.55
215 H1166TS423_5       423     trComplex            0.524    0.644    3        A1B1C1   C2        2        3.24     187      0        53.7     50.58      57.36       0.825      0.226      0.57           2          438        0.02     2.64       2.62       84.6       475.6      -391.1     0.747     c3:31.54; c2:3.23
216 H1166TS119_2       119     Kiharalab            0.524    0.643    3        A1B1C1   C2        2        3.30     190      0        53.7     50.58      57.36       0.823      0.220      0.57           2          438        0.03     2.87       2.81       -287.2     385.9      -673.0     0.738     c3:31.79; c2:3.35
217 H1166TS314_2       314     Pierce               0.523    0.643    3        A1B1C1   C2        2        3.34     189      0        53.7     50.58      57.36       0.823      0.224      0.56           2          438        0.03     2.74       2.69       -101.2     514.1      -615.3     0.742     c3:31.54; c2:3.28
218 H1166TS239_5       239s    Yang-Multimer        0.523    0.643    3        A1B1C1   C2        2        3.34     189      0        54.3     52.08      56.71       0.799      0.223      0.55           2          438        0.03     2.74       2.69       -112.7     -473.8     361.1      0.742     c3:31.54; c2:3.28
219 H1166TS150_1       150     Grudinin             0.523    0.643    3        A1B1C1   C2        2        3.34     189      0        53.7     50.58      57.36       0.823      0.224      0.56           2          438        0.03     2.74       2.69       -101.2     514.1      -615.3     0.742     c3:31.54; c2:3.28
220 H1166TS188_4       188s    GuijunLab-DeepDA     0.523    0.643    3        A1B1C1   C2        2        3.34     189      0        53.7     50.58      57.36       0.823      0.224      0.56           2          438        0.03     2.74       2.69       -110.6     514.2      -624.9     0.742     c3:31.54; c2:3.28
221 H1166TS493_3       493     Shen-CAPRI           0.523    0.581    3        A1B1C1   C2        2        3.03     164      0        53.0     48.79      57.93       0.779      0.222      0.56           2          398        0.06     5.51       2.77       -509.6     -107.9     -401.7     0.721     c3:29.87; c2:3.10
222 H1166TS169_5       169     GuijunLab-Human      0.523    0.643    3        A1B1C1   C2        2        3.34     189      0        53.7     50.58      57.36       0.823      0.224      0.56           2          438        0.03     2.74       2.69       -110.6     514.2      -624.9     0.742     c3:31.54; c2:3.28
223 H1166TS092_1       092     Agemo_mix            0.523    0.634    3        A1B1C1   C2        2        3.25     189      0        51.9     47.72      56.71       0.810      0.216      0.55           2          438        0.04     3.01       2.89       64.5       767.6      -703.1     0.737     c3:31.00; c2:3.41
224 H1166TS073_5       073s    DFolding-refine      0.523    0.564    3        A1B1C1   C1        3        0.00     142      0        39.1     35.67      43.30       0.721      0.162      0.50           2          438        0.08     5.75       5.10       497.6      -1116.0    1613.6     0.631     c3:31.83; c2:5.82
225 H1166TS320_1       320     Elofsson             0.523    0.643    3        A1B1C1   C2        2        3.34     189      0        53.7     50.58      57.36       0.823      0.224      0.56           2          438        0.03     2.74       2.69       -101.2     514.1      -615.3     0.742     c3:31.54; c2:3.28
226 H1166TS390_1       390s    NBIS-AF2-multimer    0.523    0.643    3        A1B1C1   C2        2        3.34     189      0        53.7     50.58      57.36       0.823      0.224      0.56           2          438        0.03     2.74       2.69       -101.2     514.1      -615.3     0.742     c3:31.54; c2:3.28
227 H1166TS312_5       312     Fernandez-Recio      0.523    0.626    3        A1B1C1   C1        3        0.00     171      0        47.6     48.01      47.15       0.803      0.202      0.53           2          438        0.05     3.00       2.92       365.3      816.7      -451.4     0.734     c3:31.53; c2:3.48
228 H1166TS165_3       165     FTBiot0119           0.522    0.541    3        A1B1C1   C1        3        0.00     223      3        44.7     43.39      46.48       0.755      0.169      0.52           1          115        0.00     0.81       5.67       -340.9     353.9      -694.9     0.583     c3:29.15; c2:7.71
229 H1166TS188_2       188s    GuijunLab-DeepDA     0.519    0.639    3        A1B1C1   C2        2        3.34     179      0        54.4     52.72      56.07       0.814      0.221      0.55           2          438        0.03     2.75       2.70       740.1      1467.0     -726.9     0.742     c3:31.52; c2:3.28
230 H1166TS312_4       312     Fernandez-Recio      0.519    0.533    3        A1B1C1   C1        3        0.00     188      0        49.1     49.08      49.08       0.805      0.248      0.51           2          438        0.06     3.07       2.96       725.7      1046.5     -320.7     0.796     c3:31.76; c2:3.50
231 H1166TS312_1       312     Fernandez-Recio      0.518    0.627    3        A1B1C1   C1        3        0.00     170      0        49.6     47.72      51.58       0.806      0.207      0.53           2          438        0.06     3.03       2.98       296.7      816.7      -519.9     0.730     c3:31.64; c2:3.40
232 H1166TS288_1       288s    DFolding-server      0.517    0.645    3        A1B1C1   C2        2        3.19     193      1        53.4     49.58      57.93       0.825      0.223      0.57           2          438        0.04     2.87       2.77       74.2       551.9      -477.6     0.742     c3:31.18; c2:3.33
233 H1166TS444_2       444     CoDock               0.516    0.537    3        A1B1C1   C1        3        0.00     212      0        52.5     50.77      54.76       0.784      0.247      0.61           2          438        0.04     4.03       3.54       -78.1      915.2      -993.3     0.729     c3:30.48; c2:5.84
234 H1166TS312_3       312     Fernandez-Recio      0.514    0.623    3        A1B1C1   C1        3        0.00     175      0        47.4     47.58      47.15       0.802      0.202      0.54           2          438        0.05     3.00       2.92       280.6      792.9      -512.3     0.734     c3:31.29; c2:3.48
235 H1166TS073_1       073s    DFolding-refine      0.513    0.622    3        A1B1C1   C1        3        0.00     170      0        50.0     47.94      52.22       0.753      0.205      0.52           2          438        0.02     3.54       3.16       21.6       -693.0     714.6      0.716     c3:31.80; c2:4.06
236 H1166TS067_1       067     ESM-single-sequence  0.512    0.649    3        A1B1C1   C1        3        0.00     188      0        50.5     44.80      57.93       0.671      0.209      0.51           2          438        0.03     3.30       2.91       58.9       307.3      -248.4     0.710     c3:25.42; c2:4.92
237 H1166TS037_2       037     Wallner              0.512    0.619    3        A1B1C1   C2        2        3.33     192      0        53.3     49.79      57.36       0.813      0.218      0.55           2          438        0.05     3.11       2.97       153.6      722.1      -568.5     0.744     c3:31.58; c2:3.50
238 H1166TS494_1       494     Venclovas            0.512    0.535    3        A1B1C1   C1        3        0.00     193      2        50.6     47.94      53.50       0.788      0.181      0.53           2          438        0.08     4.98       3.84       -297.8     798.6      -1096.4    0.689     c3:28.19; c2:4.90
239 H1166TS493_1       493     Shen-CAPRI           0.511    0.538    3        A1B1C1   C1        3        0.00     181      0        54.1     49.86      59.21       0.785      0.238      0.55           2          398        0.07     5.63       2.45       -512.9     -221.3     -291.6     0.756     c3:28.36; c2:3.47
240 H1166TS494_4       494     Venclovas            0.507    0.630    3        A1B1C1   C2        2        3.06     197      0        51.6     47.94      56.07       0.812      0.220      0.55           2          438        0.04     2.81       2.74       65.8       694.0      -628.2     0.748     c3:30.77; c2:3.27
241 H1166TS037_4       037     Wallner              0.507    0.555    3        A1B1C1   C1        3        0.00     191      1        54.4     52.72      56.07       0.805      0.229      0.57           2          438        0.06     3.40       3.37       246.0      553.5      -307.5     0.776     c3:29.00; c2:3.65
242 H1166TS073_4       073s    DFolding-refine      0.504    0.588    3        A1B1C1   C1        3        0.00     155      0        47.2     44.37      50.29       0.723      0.168      0.51           2          438        0.04     5.74       4.38       -173.1     -1163.5    990.4      0.636     c3:30.57; c2:6.16
243 H1166TS314_3       314     Pierce               0.501    0.525    3        A1B1C1   C2        2        2.96     210      0        57.1     53.50      61.14       0.826      0.278      0.58           2          438        0.03     2.22       1.73       332.9      1218.3     -885.4     0.780     c3:31.37; c2:2.68
244 H1166TS493_4       493     Shen-CAPRI           0.498    0.539    3        A1B1C1   C2        2        3.90     186      0        52.1     48.65      56.07       0.790      0.226      0.58           2          398        0.09     5.45       2.74       -1104.7    -489.4     -615.3     0.750     c3:27.91; c2:3.43
245 H1166TS398_2       398     ChaePred             0.498    0.639    3        A1B1C1   C2        2        3.34     204      1        53.7     50.58      57.36       0.819      0.224      0.56           2          438        0.03     2.74       2.69       -121.9     502.6      -624.5     0.741     c3:31.54; c2:3.28
246 H1166TS185_3       185     BAKER                0.498    0.571    3        A1B1C1   C2        2        2.59     180      0        49.6     46.65      52.86       0.805      0.223      0.54           2          438        0.06     3.09       3.41       39.8       1110.7     -1071.0    0.781     c3:30.00; c2:3.10
247 H1166TS398_3       398     ChaePred             0.477    0.499    3        A1B1C1   C2        2        3.34     206      0        53.7     50.58      57.36       0.811      0.231      0.56           2          438        0.03     2.74       2.69       -420.4     324.6      -745.0     0.756     c3:28.03; c2:3.28
248 H1166TS225_1       225     ShanghaiTech         0.476    0.544    3        A1B1C1   C1        3        0.00     256      0        56.9     51.96      63.67       0.820      0.269      0.57           2          438        0.04     2.92       2.30       -750.1     75.5       -825.7     0.775     c3:29.53; c2:3.39
249 H1166TS493_5       493     Shen-CAPRI           0.466    0.552    3        A1B1C1   C1        3        0.00     211      0        53.7     49.15      59.21       0.790      0.243      0.54           2          398        0.05     5.42       2.66       -1384.7    -813.2     -571.5     0.777     c3:26.99; c2:3.67
250 H1166TS257_3       257     WL_team              0.465    0.562    3        A1B1C1   C1        3        0.00     167      0        43.9     41.66      46.51       0.695      0.138      0.50           1          115        0.00     1.65       5.40       2065.2     1519.9     545.3      0.621     c3:32.25; c2:7.74
251 H1166TS257_2       257     WL_team              0.465    0.566    3        A1B1C1   C1        3        0.00     159      0        44.1     44.94      43.30       0.710      0.136      0.50           1          115        0.00     1.35       5.54       2130.9     1684.4     446.5      0.609     c3:32.47; c2:7.86
252 H1166TS257_1       257     WL_team              0.463    0.564    3        A1B1C1   C1        3        0.00     160      0        41.9     41.66      42.02       0.699      0.125      0.51           1          115        0.00     1.52       6.00       2147.8     1763.5     384.3      0.595     c3:32.90; c2:8.80
253 H1166TS257_5       257     WL_team              0.460    0.561    3        A1B1C1   C1        3        0.00     159      0        41.4     42.80      40.09       0.688      0.126      0.49           1          115        0.00     1.52       5.81       2537.3     2119.8     417.4      0.605     c3:32.57; c2:8.20
254 H1166TS257_4       257     WL_team              0.460    0.565    3        A1B1C1   C1        3        0.00     169      0        43.4     44.23      42.66       0.707      0.139      0.47           2          438        0.10     6.67       5.10       2341.4     1695.9     645.5      0.634     c3:32.76; c2:7.19
255 H1166TS278_1       278     PEZYFoldings         0.451    0.542    3        A1B1C1   C2        2        2.77     219      0        52.9     51.15      54.79       0.810      0.206      0.53           2          438        0.04     3.14       3.12       -981.9     292.0      -1273.9    0.740     c3:26.37; c2:3.22
256 H1166TS147_5       147     SHT                  0.450    0.467    3        A1B1C1   C2        2        3.24     214      0        47.7     42.73      54.15       0.771      0.197      0.48           1          202        0.00     4.57       3.46       -1235.9    -1758.3    522.4      0.738     c3:29.83; c2:3.65
257 H1166TS493_2       493     Shen-CAPRI           0.450    0.465    3        A1B1C1   C1        3        0.00     205      0        52.5     48.87      56.71       0.783      0.241      0.55           2          398        0.09     5.80       2.43       -1094.9    -537.0     -557.9     0.777     c3:29.37; c2:3.88
258 H1166TS398_4       398     ChaePred             0.439    0.482    3        A1B1C1   C2        2        3.34     231      3        53.7     50.58      57.36       0.815      0.226      0.55           2          438        0.03     2.74       2.69       -558.4     371.7      -930.1     0.750     c3:29.31; c2:3.28
259 H1166TS165_5       165     FTBiot0119           0.432    0.487    3        A1B1C1   C1        3        0.00     256      8        47.7     44.02      52.22       0.779      0.163      0.50           2          438        0.14     6.75       5.27       -1704.1    -302.5     -1401.7    0.594     c3:28.62; c2:7.18
260 H1166TS398_1       398     ChaePred             0.429    0.456    3        A1B1C1   C2        2        3.34     237      3        53.7     50.58      57.36       0.802      0.233      0.57           2          438        0.03     2.74       2.69       -894.7     144.3      -1039.0    0.767     c3:28.47; c2:3.28
261 H1166TS147_4       147     SHT                  0.429    0.463    3        A1B1C1   C2        2        3.27     204      0        47.2     47.15      47.15       0.754      0.217      0.50           1          202        0.00     4.63       3.28       -1545.0    -1764.9    219.9      0.760     c3:29.18; c2:3.20
262 H1166TS147_3       147     SHT                  0.423    0.474    3        A1B1C1   C2        2        3.42     211      0        46.4     43.44      49.65       0.771      0.207      0.49           1          202        0.00     4.59       2.86       -2061.2    -2060.3    -0.9       0.765     c3:26.93; c2:3.15
263 H1166TS147_1       147     SHT                  0.423    0.487    3        A1B1C1   C2        2        3.44     215      0        47.6     44.09      51.58       0.771      0.214      0.51           1          202        0.00     4.60       2.87       -2033.0    -2027.7    -5.3       0.754     c3:29.81; c2:3.13
264 H1166TS165_4       165     FTBiot0119           0.417    0.498    3        A1B1C1   C1        3        0.00     270      6        47.7     44.02      52.22       0.770      0.161      0.50           2          438        0.14     6.75       5.27       -2183.9    -538.3     -1645.7    0.600     c3:28.44; c2:7.18
265 H1166TS165_1       165     FTBiot0119           0.411    0.486    3        A1B1C1   C1        3        0.00     272      9        47.7     44.02      52.22       0.765      0.164      0.50           2          438        0.14     6.75       5.27       -2111.6    -526.5     -1585.1    0.597     c3:28.94; c2:7.18
266 H1166TS225_5       225     ShanghaiTech         0.411    0.452    3        A1B1C1   C2        2        3.42     260      0        52.5     49.44      56.07       0.810      0.212      0.54           2          438        0.05     3.19       3.02       -635.4     -20.8      -614.6     0.734     c3:30.48; c2:3.58
267 H1166TS398_5       398     ChaePred             0.395    0.429    3        A1B1C1   C2        2        3.34     266      4        53.7     50.58      57.36       0.797      0.241      0.59           2          438        0.03     2.74       2.69       -1147.5    -123.4     -1024.0    0.779     c3:29.21; c2:3.28
268 H1166TS147_2       147     SHT                  0.388    0.469    3        A1B1C1   C2        2        3.43     237      0        46.8     43.66      50.29       0.771      0.201      0.49           1          202        0.00     4.59       2.84       -2472.6    -2408.5    -64.0      0.732     c3:26.88; c2:3.13
269 H1166TS165_2       165     FTBiot0119           0.384    0.432    3        A1B1C1   C1        3        0.00     308      10       47.7     44.02      52.22       0.753      0.164      0.49           2          438        0.14     6.75       5.27       -2293.2    -566.4     -1726.8    0.597     c3:28.52; c2:7.18
270 H1166TS225_3       225     ShanghaiTech         0.383    0.434    3        A1B1C1   C2        2        3.46     296      1        57.2     54.69      60.49       0.804      0.243      0.58           2          438        0.04     2.82       2.35       -833.3     -152.7     -680.6     0.745     c3:28.00; c2:3.31
271 H1166TS494_3       494     Venclovas            0.371    0.388    3        A1B1C1   C1        3        0.00     211      1        48.8     47.94      49.65       0.724      0.196      0.54           2          438        0.05     5.20       4.36       1613.4     1677.2     -63.8      0.653     c3:29.76; c2:7.27
272 H1166TS169_3       169     GuijunLab-Human      0.354    0.386    3        A1B1C1   C2        2        2.98     285      17       24.7     19.05      35.03       0.662      0.128      0.36           2          438        0.03     5.64       4.46       429.6      702.2      -272.6     0.610     c3:28.44; c2:2.97
273 H1166TS098_1       098s    GuijunLab-Assembly   0.354    0.386    3        A1B1C1   C2        2        2.98     285      17       24.7     19.05      35.03       0.662      0.128      0.36           2          438        0.03     5.64       4.46       429.6      702.2      -272.6     0.610     c3:28.44; c2:2.97
274 H1166TS098_5       098s    GuijunLab-Assembly   0.354    0.386    3        A1B1C1   C2        2        2.98     285      17       24.7     19.05      35.03       0.662      0.128      0.36           2          438        0.03     5.64       4.46       429.6      702.2      -272.6     0.610     c3:28.44; c2:2.97
275 H1166TS225_2       225     ShanghaiTech         0.318    0.362    3        A1B1C1   C1        3        0.00     348      6        53.7     50.58      57.36       0.791      0.208      0.54           2          438        0.05     3.58       3.41       -1402.4    -467.7     -934.7     0.725     c3:29.57; c2:3.96
276 H1166TS091_2       091     UNRES                0.230    0.236    3        A1B1C1   C1        3        0.00     182      0        11.7     12.81      10.83       0.651      0.132      0.43           2          438        0.08     7.36       4.91       2835.1     1982.2     852.9      0.610     c3:27.20; c2:5.19
277 H1166TS091_1       091     UNRES                0.215    0.222    3        A1B1C1   C1        3        0.00     201      0        13.2     13.48      13.39       0.656      0.126      0.40           2          438        0.05     7.26       6.47       2433.6     1486.0     947.6      0.577     c3:27.34; c2:5.18
278 H1166TS091_3       091     UNRES                0.207    0.220    3        A1B1C1   C1        3        0.00     205      1        14.7     17.41      12.77       0.653      0.122      0.36           2          438        0.08     7.37       5.29       2594.2     1722.5     871.7      0.595     c3:26.20; c2:5.28
279 H1166TS091_5       091     UNRES                0.172    0.191    3        A1B1C1   C1        3        0.00     214      0        8.5      9.49       7.63        0.649      0.096      0.28           2          438        0.03     7.57       6.60       2410.6     1969.7     440.9      0.551     c3:26.98; c2:5.56
280 H1166TS091_4       091     UNRES                0.140    0.158    3        A1B1C1   C1        3        0.00     206      0        6.4      7.28       5.71        0.624      0.089      0.29           2          438        0.03     7.67       7.00       2177.4     1832.3     345.1      0.545     c3:22.96; c2:5.61
281 H1166TS333_5       333s    FALCON0              0.000    0.000    3        A1B1C1   C1        3        0.00     0        0        -        -          -           0.349      0.001      -              1          211        0.00     5.14       -          18284.1    6779.6     11504.5    0.352     c3:88.60; c2:13.75
282 H1166TS368_4       368s    FALCON2              0.000    0.000    3        A1B1C1   C1        3        0.00     0        0        -        -          -           0.361      0.002      -              1          211        0.00     4.22       -          17868.7    6239.8     11629.0    0.365     c3:60.91; c2:50.62
283 H1166TS333_4       333s    FALCON0              0.000    0.000    3        A1B1C1   C1        3        0.00     0        0        -        -          -           0.361      0.002      -              1          211        0.00     4.22       -          17868.7    6239.8     11629.0    0.365     c3:60.91; c2:50.62
284 H1166TS098_2       098s    GuijunLab-Assembly   0.000    0.000    3        A1B1C1   C1        3        0.00     23       1        0.0      0.00       0.00        0.704      0.006      0.04           1          115        0.00     1.12       27.00      5068.1     2455.4     2612.7     0.361     c3:24.05; c2:12.54
285 H1166TS333_2       333s    FALCON0              0.000    0.000    3        A1B1C1   C1        3        0.00     21       1        0.0      0.00       0.00        0.387      0.003      0.01           1          211        0.00     2.50       36.78      12089.9    4095.8     7994.2     0.353     c3:57.45; c2:23.46
286 H1166TS368_2       368s    FALCON2              0.000    0.000    3        A1B1C1   C1        3        0.00     21       1        0.0      0.00       0.00        0.387      0.003      0.01           1          211        0.00     2.50       36.78      12089.9    4095.8     7994.2     0.353     c3:57.45; c2:23.46
287 H1166TS368_5       368s    FALCON2              0.000    0.000    3        A1B1C1   C1        3        0.00     0        0        -        -          -           0.349      0.001      -              1          211        0.00     5.14       -          18284.1    6779.6     11504.5    0.352     c3:88.60; c2:13.75
288 H1166TS368_1       368s    FALCON2              -        -        3        A1B1C1   C1        3        0.00     0        0        -        -          -           -          -          -              1          124        0.00     9.57       -          5610.4     -4392.8    9824.9     0.224     c3:46.14; c2:22.87
289 H1166TS333_1       333s    FALCON0              -        -        3        A1B1C1   C1        3        0.00     0        0        -        -          -           -          -          -              1          124        0.00     9.57       -          5610.4     -4392.8    9824.9     0.224     c3:46.14; c2:22.87
290 H1166TS333_3       333s    FALCON0              -        -        3        A1B1C1   C1        3        0.00     0        0        -        -          -           -          -          -              1          124        0.00     9.57       -          5610.4     -4392.8    9824.9     0.224     c3:46.14; c2:22.87
291 H1166TS368_3       368s    FALCON2              -        -        3        A1B1C1   C1        3        0.00     0        0        -        -          -           -          -          -              1          124        0.00     9.57       -          5610.4     -4392.8    9824.9     0.224     c3:46.14; c2:22.87