    Model              Gr.Code Group                QSglob   QSbest   Mol.Size Stoich.  Symm.     SymmSize SymmRMSD No.Conts No.Clash F1       Prec.Iface Recal.Iface lDDToligo  DockQ_Avg  Jaccard.Coeff. Align.Size Align.Len  Orient   LocalRMSD  Iface.RMSD SA.total   SA.polar  SA.apolar  TMscore    SymmGr.RMSD
1   H1167TS215_1       215s    XRC_VU               0.688    0.705    3        A1B1C1   C1        3        0.00     134      0        56.9     52.60      61.94       0.835      0.264      0.59           2          416        0.02     1.26       1.39       1678.9     1253.3     425.6      0.754     c3:22.86; c2:5.99
2   H1167TS462_1       462s    MultiFOLD            0.688    0.716    3        A1B1C1   C1        3        0.00     134      0        61.7     58.40      65.48       0.843      0.188      0.62           1          124        0.00     0.65       6.74       732.5      775.9      -43.3      0.701     c3:32.28; c2:6.96
3   H1167TS215_5       215s    XRC_VU               0.688    0.705    3        A1B1C1   C1        3        0.00     131      0        55.0     48.98      62.69       0.816      0.231      0.57           2          416        0.03     2.57       2.09       1743.1     1331.9     411.2      0.708     c3:21.25; c2:3.39
4   H1167TS462_2       462s    MultiFOLD            0.682    0.709    3        A1B1C1   C1        3        0.00     143      0        61.0     56.66      66.23       0.839      0.163      0.63           1          124        0.00     0.69       6.78       542.4      669.1      -126.7     0.717     c3:32.51; c2:7.01
5   H1167TS461_3       461     colabfold_human      0.672    0.698    3        A1B1C1   C1        3        0.00     133      0        62.5     58.70      66.91       0.841      0.160      0.62           1          124        0.00     0.64       6.85       913.0      949.3      -36.3      0.705     c3:32.64; c2:7.15
6   H1167TS446_3       446s    ColabFold            0.672    0.698    3        A1B1C1   C1        3        0.00     133      0        62.5     58.70      66.91       0.841      0.160      0.62           1          124        0.00     0.64       6.85       913.0      949.3      -36.3      0.705     c3:32.64; c2:7.15
7   H1167TS462_3       462s    MultiFOLD            0.670    0.697    3        A1B1C1   C1        3        0.00     137      0        63.1     59.30      67.59       0.839      0.162      0.64           1          124        0.00     0.66       6.79       606.7      711.6      -104.9     0.705     c3:32.56; c2:7.05
8   H1167TS257_2       257     WL_team              0.669    0.672    3        A1B1C1   C1        3        0.00     121      1        56.7     56.51      57.04       0.747      0.249      0.59           2          416        0.02     2.28       1.99       2494.4     1466.7     1027.6     0.776     c3:34.15; c2:4.93
9   H1167TS462_5       462s    MultiFOLD            0.668    0.694    3        A1B1C1   C1        3        0.00     132      0        62.8     59.15      66.91       0.842      0.206      0.63           2          416        0.08     5.72       4.20       914.2      804.9      109.3      0.668     c3:33.40; c2:3.08
10  H1167TS067_1       067     ESM-single-sequence  0.663    0.839    3        A1B1C1   C1        3        0.00     137      0        57.2     52.14      63.37       0.702      0.269      0.59           2          416        0.01     1.38       1.27       112.9      208.6      -95.8      0.751     c3:28.32; c2:5.14
11  H1167TS067_2       067     ESM-single-sequence  0.663    0.843    3        A1B1C1   C1        3        0.00     141      0        56.6     51.62      62.69       0.703      0.273      0.59           2          416        0.02     1.19       1.12       771.9      328.1      443.7      0.756     c3:30.10; c2:5.69
12  H1167TS433_1       433     OpenFold-SingleSeq   0.659    0.672    3        A1B1C1   C1        3        0.00     139      0        54.8     48.60      62.69       0.798      0.167      0.58           1          124        0.00     1.57       6.09       718.7      875.2      -156.5     0.697     c3:33.94; c2:5.84
13  H1167TS215_3       215s    XRC_VU               0.659    0.668    3        A1B1C1   C1        3        0.00     136      0        56.7     52.22      61.94       0.837      0.263      0.60           2          416        0.02     1.47       1.49       1102.6     850.3      252.3      0.749     c3:21.60; c2:4.90
14  H1167TS441_1       441     OpenFold             0.659    0.672    3        A1B1C1   C1        3        0.00     139      0        54.8     48.60      62.69       0.798      0.167      0.58           1          124        0.00     1.57       6.09       718.7      875.2      -156.5     0.697     c3:33.94; c2:5.84
15  H1167TS441_4       441     OpenFold             0.658    0.674    3        A1B1C1   C1        3        0.00     140      0        56.1     50.26      63.37       0.809      0.172      0.59           2          416        0.12     7.86       5.78       765.5      869.4      -104.0     0.719     c3:33.19; c2:5.11
16  H1167TS433_4       433     OpenFold-SingleSeq   0.658    0.674    3        A1B1C1   C1        3        0.00     140      0        56.1     50.26      63.37       0.809      0.172      0.59           2          416        0.12     7.86       5.78       765.5      869.4      -104.0     0.719     c3:33.19; c2:5.11
17  H1167TS462_4       462s    MultiFOLD            0.657    0.682    3        A1B1C1   C1        3        0.00     133      0        62.8     59.15      66.91       0.838      0.169      0.63           1          124        0.00     0.67       6.78       578.8      714.9      -136.2     0.716     c3:32.45; c2:7.05
18  H1167TS433_3       433     OpenFold-SingleSeq   0.657    0.669    3        A1B1C1   C1        3        0.00     141      0        53.9     47.25      62.69       0.799      0.168      0.58           1          124        0.00     1.55       6.03       787.8      895.5      -107.7     0.691     c3:33.87; c2:5.75
19  H1167TS441_3       441     OpenFold             0.657    0.669    3        A1B1C1   C1        3        0.00     141      0        53.9     47.25      62.69       0.799      0.168      0.58           1          124        0.00     1.55       6.03       787.8      895.5      -107.7     0.691     c3:33.87; c2:5.75
20  H1167TS446_5       446s    ColabFold            0.649    0.673    3        A1B1C1   C1        3        0.00     144      0        63.4     59.75      67.59       0.847      0.200      0.64           2          416        0.08     5.87       4.32       1133.8     935.0      198.8      0.683     c3:33.04; c2:3.23
21  H1167TS461_5       461     colabfold_human      0.649    0.673    3        A1B1C1   C1        3        0.00     144      0        63.4     59.75      67.59       0.847      0.200      0.64           2          416        0.08     5.87       4.32       1133.8     935.0      198.8      0.683     c3:33.04; c2:3.23
22  H1167TS215_4       215s    XRC_VU               0.648    0.662    3        A1B1C1   C1        3        0.00     155      0        55.5     50.79      61.26       0.809      0.176      0.56           2          416        0.08     5.63       4.10       1165.6     1046.5     119.1      0.618     c3:20.08; c2:2.75
23  H1167TS257_1       257     WL_team              0.644    0.646    3        A1B1C1   C1        3        0.00     112      0        55.1     56.66      53.50       0.754      0.256      0.56           2          416        0.01     1.75       1.60       2692.7     1534.7     1157.9     0.790     c3:33.03; c2:6.53
24  H1167TS185_5       185     BAKER                0.644    0.673    3        A1B1C1   C1        3        0.00     133      0        58.1     54.10      62.69       0.845      0.263      0.59           2          416        0.03     2.19       1.66       783.9      1079.2     -295.3     0.792     c3:31.04; c2:4.03
25  H1167TS494_5       494     Venclovas            0.643    0.660    3        A1B1C1   C1        3        0.00     153      0        60.5     56.15      65.49       0.721      0.182      0.65           1          204        0.00     7.94       6.77       609.5      963.4      -353.9     0.709     c3:31.80; c2:6.63
26  H1167TS257_3       257     WL_team              0.643    0.646    3        A1B1C1   C1        3        0.00     119      0        56.9     55.38      58.47       0.742      0.267      0.59           2          416        0.01     1.96       1.54       2491.5     1615.3     876.3      0.765     c3:31.62; c2:6.11
27  H1167TS441_5       441     OpenFold             0.641    0.654    3        A1B1C1   C1        3        0.00     145      0        56.8     51.99      62.69       0.809      0.172      0.60           2          416        0.12     7.97       5.86       770.6      870.2      -99.6      0.700     c3:32.98; c2:5.24
28  H1167TS433_5       433     OpenFold-SingleSeq   0.641    0.654    3        A1B1C1   C1        3        0.00     145      0        56.8     51.99      62.69       0.809      0.172      0.60           2          416        0.12     7.97       5.86       770.6      870.2      -99.6      0.700     c3:32.98; c2:5.24
29  H1167TS441_2       441     OpenFold             0.639    0.652    3        A1B1C1   C1        3        0.00     146      0        55.2     49.28      62.69       0.814      0.174      0.59           2          416        0.12     7.77       5.72       646.5      826.9      -180.4     0.713     c3:32.91; c2:5.01
30  H1167TS433_2       433     OpenFold-SingleSeq   0.639    0.652    3        A1B1C1   C1        3        0.00     146      0        55.2     49.28      62.69       0.814      0.174      0.59           2          416        0.12     7.77       5.72       646.5      826.9      -180.4     0.713     c3:32.91; c2:5.01
31  H1167TS187_5       187     TRFold               0.635    0.663    3        A1B1C1   C2        2        3.13     151      1        57.2     52.14      63.37       0.840      0.213      0.60           2          416        0.04     3.56       2.69       746.0      617.8      128.2      0.664     c3:21.07; c2:14.38
32  H1167TS257_5       257     WL_team              0.634    0.644    3        A1B1C1   C1        3        0.00     124      1        56.0     57.04      54.93       0.733      0.245      0.57           2          416        0.02     1.97       1.68       2430.1     1687.2     742.9      0.744     c3:27.36; c2:6.28
33  H1167TS257_4       257     WL_team              0.632    0.642    3        A1B1C1   C1        3        0.00     121      0        58.6     56.82      60.58       0.735      0.235      0.61           2          416        0.03     3.00       2.33       2613.7     1723.7     890.0      0.726     c3:32.57; c2:3.74
34  H1167TS439_2       439     Yang                 0.630    0.652    3        A1B1C1   C1        3        0.00     141      0        57.1     54.03      60.58       0.824      0.286      0.63           2          416        0.01     1.39       1.21       165.2      -720.0     885.1      0.819     c3:31.64; c2:6.34
35  H1167TS239_2       239s    Yang-Multimer        0.630    0.652    3        A1B1C1   C1        3        0.00     141      0        57.1     54.03      60.58       0.824      0.286      0.63           2          416        0.01     1.39       1.21       165.2      -720.0     885.1      0.819     c3:31.64; c2:6.34
36  H1167TS423_3       423     trComplex            0.629    0.649    3        A1B1C1   C1        3        0.00     142      0        57.6     53.88      61.94       0.855      0.290      0.63           2          416        0.01     1.28       1.15       380.7      459.4      -78.7      0.824     c3:32.02; c2:6.50
37  H1167TS187_3       187     TRFold               0.629    0.649    3        A1B1C1   C1        3        0.00     142      0        57.6     53.88      61.94       0.855      0.290      0.63           2          416        0.01     1.28       1.15       380.7      459.4      -78.7      0.824     c3:32.02; c2:6.50
38  H1167TS288_4       288s    DFolding-server      0.627    0.647    3        A1B1C1   C1        3        0.00     139      0        57.0     53.27      61.26       0.836      0.185      0.61           2          416        0.08     5.58       4.20       728.1      592.3      135.8      0.665     c3:33.37; c2:3.05
39  H1167TS150_4       150     Grudinin             0.622    0.646    3        A1B1C1   C1        3        0.00     148      0        59.0     55.16      63.37       0.852      0.289      0.65           2          416        0.02     1.42       1.22       115.8      295.9      -180.1     0.821     c3:31.52; c2:6.49
40  H1167TS035_4       035s    Manifold-E           0.620    0.637    3        A1B1C1   C1        3        0.00     141      0        65.1     65.41      64.80       0.864      0.352      0.71           2          416        0.01     1.07       0.77       826.4      1173.6     -347.2     0.829     c3:31.96; c2:6.33
41  H1167TS248_4       248     Manifold             0.620    0.637    3        A1B1C1   C1        3        0.00     141      0        65.1     65.41      64.80       0.864      0.352      0.71           2          416        0.01     1.07       0.77       826.4      1173.6     -347.2     0.829     c3:31.96; c2:6.33
42  H1167TS278_5       278     PEZYFoldings         0.617    0.634    3        A1B1C1   C1        3        0.00     144      0        56.9     52.60      61.94       0.837      0.178      0.63           2          416        0.08     6.30       4.81       498.6      431.2      67.4       0.678     c3:33.60; c2:3.73
43  H1167TS180_3       180     McGuffin             0.616    0.638    3        A1B1C1   C1        3        0.00     145      0        57.0     52.37      62.69       0.833      0.152      0.62           1          124        0.00     0.63       6.92       148.3      487.4      -339.2     0.705     c3:32.32; c2:7.11
44  H1167TS187_1       187     TRFold               0.615    0.636    3        A1B1C1   C1        3        0.00     149      0        60.4     56.06      65.48       0.843      0.159      0.63           1          124        0.00     0.60       6.80       74.9       338.4      -263.6     0.710     c3:31.95; c2:6.85
45  H1167TS423_1       423     trComplex            0.615    0.636    3        A1B1C1   C1        3        0.00     149      0        60.4     56.06      65.48       0.843      0.159      0.63           1          124        0.00     0.60       6.80       74.9       338.4      -263.6     0.710     c3:31.95; c2:6.85
46  H1167TS288_2       288s    DFolding-server      0.613    0.634    3        A1B1C1   C1        3        0.00     150      0        60.5     56.82      64.80       0.838      0.157      0.63           1          124        0.00     0.75       6.76       22.0       289.9      -267.9     0.710     c3:31.68; c2:6.79
47  H1167TS248_3       248     Manifold             0.611    0.628    3        A1B1C1   C1        3        0.00     132      0        63.7     63.97      63.37       0.848      0.307      0.68           2          416        0.01     1.08       0.78       1008.5     1145.7     -137.2     0.814     c3:31.89; c2:6.36
48  H1167TS035_3       035s    Manifold-E           0.611    0.628    3        A1B1C1   C1        3        0.00     132      0        63.7     63.97      63.37       0.848      0.307      0.68           2          416        0.01     1.08       0.78       1008.5     1145.7     -137.2     0.814     c3:31.89; c2:6.36
49  H1167TS119_4       119     Kiharalab            0.611    0.633    3        A1B1C1   C1        3        0.00     154      0        57.3     52.82      62.69       0.852      0.295      0.63           2          416        0.01     1.13       1.13       -44.9      211.3      -256.1     0.812     c3:31.38; c2:6.19
50  H1167TS187_4       187     TRFold               0.610    0.628    3        A1B1C1   C1        3        0.00     153      0        57.2     53.05      61.94       0.844      0.188      0.62           2          416        0.08     5.75       4.34       429.7      479.8      -50.2      0.665     c3:33.38; c2:3.18
51  H1167TS035_5       035s    Manifold-E           0.610    0.627    3        A1B1C1   C1        3        0.00     145      0        63.0     63.30      62.69       0.849      0.304      0.68           2          416        0.01     1.09       0.81       752.1      1099.0     -346.9     0.817     c3:31.69; c2:6.26
52  H1167TS423_4       423     trComplex            0.610    0.628    3        A1B1C1   C1        3        0.00     153      0        57.2     53.05      61.94       0.844      0.188      0.62           2          416        0.08     5.75       4.34       429.7      479.8      -50.2      0.665     c3:33.38; c2:3.18
53  H1167TS248_5       248     Manifold             0.610    0.627    3        A1B1C1   C1        3        0.00     145      0        63.0     63.30      62.69       0.849      0.304      0.68           2          416        0.01     1.09       0.81       752.1      1099.0     -346.9     0.817     c3:31.69; c2:6.26
54  H1167TS461_2       461     colabfold_human      0.607    0.629    3        A1B1C1   C1        3        0.00     148      0        57.9     54.33      61.94       0.836      0.151      0.64           1          124        0.00     0.64       6.99       230.0      560.5      -330.5     0.705     c3:32.00; c2:7.24
55  H1167TS446_2       446s    ColabFold            0.607    0.629    3        A1B1C1   C1        3        0.00     148      0        57.9     54.33      61.94       0.836      0.151      0.64           1          124        0.00     0.64       6.99       230.0      560.5      -330.5     0.705     c3:32.00; c2:7.24
56  H1167TS180_4       180     McGuffin             0.606    0.627    3        A1B1C1   C1        3        0.00     152      0        56.7     52.22      61.94       0.832      0.153      0.62           1          124        0.00     0.66       6.89       24.3       396.0      -371.7     0.703     c3:32.30; c2:7.08
57  H1167TS119_2       119     Kiharalab            0.605    0.627    3        A1B1C1   C1        3        0.00     152      0        57.8     53.65      62.69       0.834      0.167      0.64           2          416        0.10     7.48       5.60       185.3      390.4      -205.1     0.702     c3:33.15; c2:4.99
58  H1167TS150_5       150     Grudinin             0.604    0.629    3        A1B1C1   C1        3        0.00     156      0        56.9     52.60      61.94       0.847      0.261      0.63           2          416        0.02     2.17       1.83       284.4      450.8      -166.4     0.784     c3:32.96; c2:3.92
59  H1167TS461_1       461     colabfold_human      0.604    0.624    3        A1B1C1   C1        3        0.00     152      0        57.9     54.33      61.94       0.836      0.150      0.63           1          124        0.00     0.62       7.17       33.7       438.6      -404.9     0.702     c3:31.88; c2:7.52
60  H1167TS288_5       288s    DFolding-server      0.604    0.624    3        A1B1C1   C1        3        0.00     158      0        58.1     53.12      64.05       0.839      0.166      0.63           1          124        0.00     0.66       5.92       289.4      446.4      -157.0     0.713     c3:32.85; c2:5.52
61  H1167TS423_5       423     trComplex            0.604    0.624    3        A1B1C1   C1        3        0.00     158      0        57.5     52.60      63.37       0.839      0.156      0.62           1          124        0.00     0.65       6.75       167.1      419.2      -252.1     0.710     c3:32.37; c2:6.87
62  H1167TS446_1       446s    ColabFold            0.604    0.624    3        A1B1C1   C1        3        0.00     152      0        57.9     54.33      61.94       0.836      0.150      0.63           1          124        0.00     0.62       7.17       33.7       438.6      -404.9     0.702     c3:31.88; c2:7.52
63  H1167TS071_5       071s    RaptorX-Multimer     0.603    0.627    3        A1B1C1   C1        3        0.00     157      1        57.3     52.82      62.69       0.821      0.149      0.61           1          124        0.00     1.37       7.20       -111.7     421.1      -532.8     0.703     c3:31.62; c2:7.58
64  H1167TS288_1       288s    DFolding-server      0.602    0.623    3        A1B1C1   C1        3        0.00     156      0        57.9     54.33      61.94       0.852      0.290      0.63           2          416        0.02     1.19       1.16       92.3       194.6      -102.2     0.827     c3:32.06; c2:6.15
65  H1167TS035_2       035s    Manifold-E           0.601    0.618    3        A1B1C1   C1        3        0.00     135      0        62.8     63.75      61.94       0.839      0.304      0.68           2          416        0.01     1.08       0.78       695.5      985.8      -290.3     0.815     c3:31.83; c2:6.36
66  H1167TS239_1       239s    Yang-Multimer        0.601    0.622    3        A1B1C1   C1        3        0.00     154      0        56.7     54.55      59.15       0.820      0.291      0.62           2          416        0.01     1.20       1.11       -52.7      -729.2     676.6      0.826     c3:31.82; c2:5.63
67  H1167TS423_2       423     trComplex            0.601    0.618    3        A1B1C1   C1        3        0.00     160      0        59.1     54.86      64.05       0.840      0.154      0.64           1          124        0.00     0.66       7.06       -68.6      278.7      -347.3     0.705     c3:31.73; c2:7.33
68  H1167TS248_2       248     Manifold             0.601    0.618    3        A1B1C1   C1        3        0.00     135      0        62.8     63.75      61.94       0.839      0.304      0.68           2          416        0.01     1.08       0.78       695.5      985.8      -290.3     0.815     c3:31.83; c2:6.36
69  H1167TS439_1       439     Yang                 0.601    0.622    3        A1B1C1   C1        3        0.00     154      0        56.7     54.55      59.15       0.820      0.291      0.62           2          416        0.01     1.20       1.11       -52.7      -729.2     676.6      0.826     c3:31.82; c2:5.63
70  H1167TS187_2       187     TRFold               0.601    0.618    3        A1B1C1   C1        3        0.00     160      0        59.1     54.86      64.05       0.840      0.154      0.64           1          124        0.00     0.66       7.06       -68.6      278.7      -347.3     0.705     c3:31.73; c2:7.33
71  H1167TS446_4       446s    ColabFold            0.600    0.620    3        A1B1C1   C1        3        0.00     154      0        57.3     52.82      62.69       0.832      0.152      0.63           1          124        0.00     0.63       7.10       253.8      510.0      -256.2     0.704     c3:32.28; c2:7.44
72  H1167TS461_4       461     colabfold_human      0.600    0.620    3        A1B1C1   C1        3        0.00     154      0        57.3     52.82      62.69       0.832      0.152      0.63           1          124        0.00     0.63       7.10       253.8      510.0      -256.2     0.704     c3:32.28; c2:7.44
73  H1167TS180_2       180     McGuffin             0.600    0.621    3        A1B1C1   C1        3        0.00     155      0        57.5     52.60      63.37       0.833      0.153      0.63           1          124        0.00     0.65       6.94       -180.1     291.5      -471.5     0.707     c3:31.90; c2:7.15
74  H1167TS188_5       188s    GuijunLab-DeepDA     0.600    0.601    3        A1B1C1   C1        3        0.00     177      8        38.8     32.63      47.92       0.732      0.191      0.51           2          416        0.08     4.16       3.28       1496.0     1254.9     241.1      0.693     c3:32.30; c2:3.05
75  H1167TS348_5       348     Takeda-Shitaka_Lab   0.600    0.622    3        A1B1C1   C1        3        0.00     156      0        57.0     52.37      62.69       0.836      0.151      0.62           1          124        0.00     0.68       7.19       -109.1     243.1      -352.2     0.699     c3:31.97; c2:7.54
76  H1167TS239_5       239s    Yang-Multimer        0.599    0.620    3        A1B1C1   C1        3        0.00     151      0        55.3     51.92      59.15       0.809      0.143      0.60           1          124        0.00     0.77       7.27       -156.9     -728.9     572.0      0.703     c3:31.59; c2:7.70
77  H1167TS150_3       150     Grudinin             0.599    0.617    3        A1B1C1   C1        3        0.00     156      0        57.8     53.65      62.69       0.838      0.182      0.64           2          416        0.08     6.26       4.75       157.3      380.3      -223.0     0.679     c3:33.29; c2:3.72
78  H1167TS071_1       071s    RaptorX-Multimer     0.599    0.622    3        A1B1C1   C1        3        0.00     156      1        57.3     52.82      62.69       0.820      0.151      0.61           1          124        0.00     1.15       7.15       -226.2     447.8      -674.0     0.700     c3:31.80; c2:7.50
79  H1167TS180_1       180     McGuffin             0.599    0.620    3        A1B1C1   C1        3        0.00     152      0        58.2     53.80      63.37       0.833      0.154      0.64           1          124        0.00     0.65       6.92       -64.4      340.9      -405.3     0.704     c3:32.01; c2:7.12
80  H1167TS360_5       360     MUFold_H             0.599    0.623    3        A1B1C1   C1        3        0.00     159      0        57.0     52.37      62.69       0.835      0.152      0.62           1          124        0.00     0.63       7.02       -23.6      355.2      -378.8     0.700     c3:32.34; c2:7.34
81  H1167TS439_5       439     Yang                 0.599    0.620    3        A1B1C1   C1        3        0.00     151      0        55.3     51.92      59.15       0.809      0.143      0.60           1          124        0.00     0.77       7.27       -156.9     -728.9     572.0      0.703     c3:31.59; c2:7.70
82  H1167TS180_5       180     McGuffin             0.599    0.620    3        A1B1C1   C1        3        0.00     156      0        57.9     53.42      63.37       0.836      0.196      0.64           2          416        0.06     5.30       4.07       245.9      418.9      -173.0     0.648     c3:33.56; c2:2.88
83  H1167TS360_4       360     MUFold_H             0.598    0.621    3        A1B1C1   C1        3        0.00     162      0        56.8     51.99      62.69       0.834      0.152      0.61           1          124        0.00     0.63       7.08       -16.5      399.0      -415.5     0.700     c3:32.24; c2:7.43
84  H1167TS037_5       037     Wallner              0.598    0.610    3        A1B1C1   C1        3        0.00     145      0        56.8     53.58      60.58       0.809      0.172      0.63           2          416        0.07     6.76       5.20       536.3      462.8      73.4       0.591     c3:33.27; c2:2.94
85  H1167TS071_3       071s    RaptorX-Multimer     0.597    0.619    3        A1B1C1   C1        3        0.00     157      1        57.6     53.20      62.69       0.821      0.151      0.62           1          124        0.00     1.30       7.11       -14.9      490.3      -505.3     0.703     c3:31.81; c2:7.42
86  H1167TS360_2       360     MUFold_H             0.597    0.620    3        A1B1C1   C1        3        0.00     162      0        57.3     52.82      62.69       0.833      0.152      0.62           1          124        0.00     0.64       7.04       -18.5      377.0      -395.6     0.701     c3:32.21; c2:7.35
87  H1167TS185_4       185     BAKER                0.597    0.617    3        A1B1C1   C1        3        0.00     148      0        56.7     55.69      57.72       0.846      0.248      0.63           2          416        0.04     2.51       1.87       517.5      1032.8     -515.3     0.770     c3:32.01; c2:3.65
88  H1167TS131_4       131s    Kiharalab_Server     0.596    0.617    3        A1B1C1   C1        3        0.00     158      0        57.6     53.88      61.94       0.856      0.289      0.63           2          416        0.02     1.25       1.24       6.9        251.4      -244.5     0.821     c3:31.73; c2:6.57
89  H1167TS185_2       185     BAKER                0.596    0.623    3        A1B1C1   C1        3        0.00     159      0        58.3     54.55      62.69       0.851      0.297      0.63           2          416        0.01     1.23       1.14       533.0      1165.6     -632.6     0.819     c3:32.20; c2:5.43
90  H1167TS071_4       071s    RaptorX-Multimer     0.596    0.619    3        A1B1C1   C1        3        0.00     156      1        57.6     53.88      61.94       0.822      0.189      0.63           2          416        0.08     5.65       4.26       242.4      532.9      -290.4     0.665     c3:33.20; c2:3.12
91  H1167TS477_1       477     DMP                  0.596    0.619    3        A1B1C1   C1        3        0.00     154      1        57.2     52.14      63.37       0.833      0.157      0.63           1          124        0.00     0.75       6.60       1.2        543.5      -542.4     0.706     c3:31.80; c2:6.57
92  H1167TS298_5       298s    MUFold               0.595    0.618    3        A1B1C1   C1        3        0.00     155      0        57.3     52.82      62.69       0.836      0.151      0.62           1          124        0.00     0.68       7.13       -264.0     221.5      -485.5     0.704     c3:31.91; c2:7.42
93  H1167TS011_2       011s    GinobiFold-SER       0.595    0.615    3        A1B1C1   C1        3        0.00     159      0        58.1     53.12      64.05       0.834      0.152      0.62           1          124        0.00     0.61       7.23       -199.5     160.3      -359.8     0.701     c3:31.68; c2:7.63
94  H1167TS185_1       185     BAKER                0.595    0.620    3        A1B1C1   C1        3        0.00     152      0        58.1     54.10      62.69       0.849      0.292      0.63           2          416        0.01     1.29       1.16       534.7      1219.4     -684.7     0.820     c3:32.37; c2:5.42
95  H1167TS011_4       011s    GinobiFold-SER       0.595    0.616    3        A1B1C1   C1        3        0.00     157      0        57.7     52.97      63.37       0.836      0.154      0.62           1          124        0.00     0.60       6.85       -118.7     329.3      -448.0     0.705     c3:31.93; c2:7.07
96  H1167TS434_2       434     Coqualia             0.595    0.615    3        A1B1C1   C1        3        0.00     159      0        58.1     53.12      64.05       0.834      0.152      0.62           1          124        0.00     0.61       7.23       -199.5     160.3      -359.8     0.701     c3:31.68; c2:7.63
97  H1167TS003_2       003     MULTICOM_human       0.595    0.617    3        A1B1C1   C1        3        0.00     158      0        57.7     52.97      63.37       0.853      0.279      0.63           2          416        0.02     1.56       1.36       -81.3      265.0      -346.3     0.814     c3:31.53; c2:6.91
98  H1167TS205_2       205     Zou                  0.595    0.616    3        A1B1C1   C1        3        0.00     160      0        58.5     53.35      64.80       0.836      0.185      0.58           2          416        0.08     6.15       4.65       109.0      168.3      -59.3      0.678     c3:33.11; c2:3.59
99  H1167TS367_5       367     MULTICOM             0.595    0.617    3        A1B1C1   C1        3        0.00     158      0        57.7     52.97      63.37       0.853      0.279      0.63           2          416        0.02     1.56       1.36       -81.3      265.0      -346.3     0.814     c3:31.53; c2:6.91
100 H1167TS434_4       434     Coqualia             0.595    0.616    3        A1B1C1   C1        3        0.00     157      0        57.7     52.97      63.37       0.836      0.154      0.62           1          124        0.00     0.60       6.85       -118.7     329.3      -448.0     0.705     c3:31.93; c2:7.07
101 H1167TS071_2       071s    RaptorX-Multimer     0.594    0.617    3        A1B1C1   C1        3        0.00     159      1        57.0     52.37      62.69       0.827      0.151      0.61           1          124        0.00     0.81       7.08       -161.5     389.5      -551.0     0.701     c3:31.81; c2:7.41
102 H1167TS003_4       003     MULTICOM_human       0.594    0.617    3        A1B1C1   C1        3        0.00     157      0        57.6     53.20      62.69       0.852      0.283      0.63           2          416        0.02     1.44       1.29       -92.9      231.1      -324.0     0.821     c3:31.66; c2:6.71
103 H1167TS011_5       011s    GinobiFold-SER       0.594    0.613    3        A1B1C1   C1        3        0.00     161      0        57.9     53.42      63.37       0.836      0.180      0.64           2          416        0.09     6.51       4.88       226.2      401.3      -175.1     0.686     c3:33.23; c2:3.94
104 H1167TS227_3       227     GinobiFold           0.594    0.614    3        A1B1C1   C1        3        0.00     157      0        58.5     53.35      64.80       0.835      0.152      0.63           1          124        0.00     0.61       7.21       -282.4     161.0      -443.4     0.698     c3:31.54; c2:7.65
105 H1167TS133_3       133s    ShanghaiTech-TS-SER  0.594    0.614    3        A1B1C1   C1        3        0.00     157      0        58.5     53.35      64.80       0.835      0.152      0.63           1          124        0.00     0.61       7.21       -282.4     161.0      -443.4     0.698     c3:31.54; c2:7.65
106 H1167TS131_5       131s    Kiharalab_Server     0.594    0.615    3        A1B1C1   C1        3        0.00     159      0        57.4     53.50      61.94       0.855      0.288      0.63           2          416        0.01     1.30       1.20       -24.7      268.0      -292.7     0.820     c3:31.57; c2:6.56
107 H1167TS131_2       131s    Kiharalab_Server     0.594    0.615    3        A1B1C1   C1        3        0.00     159      0        57.9     53.42      63.37       0.853      0.282      0.64           2          416        0.02     1.50       1.36       -197.4     196.1      -393.4     0.812     c3:31.07; c2:6.91
108 H1167TS434_5       434     Coqualia             0.594    0.613    3        A1B1C1   C1        3        0.00     161      0        57.9     53.42      63.37       0.836      0.180      0.64           2          416        0.09     6.51       4.88       226.2      401.3      -175.1     0.686     c3:33.23; c2:3.94
109 H1167TS374_2       374     Zheng                0.594    0.616    3        A1B1C1   C1        3        0.00     157      0        57.6     53.20      62.69       0.855      0.288      0.62           2          416        0.01     1.38       1.31       -193.8     190.3      -384.2     0.820     c3:31.28; c2:6.61
110 H1167TS119_3       119     Kiharalab            0.594    0.615    3        A1B1C1   C1        3        0.00     159      0        57.9     53.42      63.37       0.853      0.282      0.64           2          416        0.02     1.50       1.36       -205.2     197.9      -403.1     0.812     c3:31.07; c2:6.91
111 H1167TS288_3       288s    DFolding-server      0.593    0.610    3        A1B1C1   C1        3        0.00     161      0        58.6     54.03      64.05       0.840      0.153      0.62           1          124        0.00     0.66       7.09       -79.2      256.8      -336.0     0.704     c3:31.62; c2:7.38
112 H1167TS086_4       086s    MULTICOM_qa          0.593    0.617    3        A1B1C1   C1        3        0.00     158      0        56.8     51.99      62.69       0.851      0.286      0.63           2          416        0.02     1.38       1.24       -220.1     183.9      -404.1     0.823     c3:31.62; c2:6.56
113 H1167TS158_5       158s    MULTICOM_deep        0.593    0.617    3        A1B1C1   C1        3        0.00     158      0        56.8     51.99      62.69       0.851      0.286      0.63           2          416        0.02     1.38       1.24       -220.1     183.9      -404.1     0.823     c3:31.62; c2:6.56
114 H1167TS185_3       185     BAKER                0.593    0.619    3        A1B1C1   C1        3        0.00     152      0        57.9     54.33      61.94       0.850      0.296      0.61           2          416        0.01     1.26       1.14       409.7      997.2      -587.5     0.823     c3:32.12; c2:5.56
115 H1167TS291_1       291     Kozakov-Vajda        0.593    0.614    3        A1B1C1   C1        3        0.00     159      0        56.1     50.79      62.69       0.825      0.154      0.58           2          374        0.02     4.30       6.74       -843.3     75.8       -919.0     0.704     c3:32.02; c2:6.83
116 H1167TS374_3       374     Zheng                0.593    0.616    3        A1B1C1   C1        3        0.00     158      0        57.7     52.97      63.37       0.853      0.287      0.65           2          416        0.02     1.36       1.29       65.7       360.7      -294.9     0.818     c3:31.43; c2:6.61
117 H1167TS348_2       348     Takeda-Shitaka_Lab   0.593    0.616    3        A1B1C1   C1        3        0.00     157      0        57.9     53.42      63.37       0.853      0.283      0.65           2          416        0.02     1.49       1.31       -150.0     102.1      -252.1     0.817     c3:31.45; c2:6.81
118 H1167TS350_1       350     ClusPro              0.593    0.614    3        A1B1C1   C1        3        0.00     159      0        56.1     50.79      62.69       0.825      0.154      0.58           2          374        0.02     4.30       6.74       -843.3     75.8       -919.0     0.704     c3:32.02; c2:6.83
119 H1167TS298_3       298s    MUFold               0.592    0.614    3        A1B1C1   C1        3        0.00     160      0        57.0     52.37      62.69       0.835      0.150      0.62           1          124        0.00     0.68       7.15       -259.4     258.8      -518.1     0.702     c3:31.79; c2:7.48
120 H1167TS131_3       131s    Kiharalab_Server     0.592    0.614    3        A1B1C1   C1        3        0.00     159      0        57.3     52.82      62.69       0.853      0.289      0.64           2          416        0.02     1.30       1.24       103.2      401.8      -298.6     0.820     c3:31.70; c2:6.49
121 H1167TS360_3       360     MUFold_H             0.592    0.614    3        A1B1C1   C1        3        0.00     162      0        57.7     52.97      63.37       0.835      0.154      0.62           1          124        0.00     0.60       6.86       -98.7      339.9      -438.6     0.704     c3:32.01; c2:7.05
122 H1167TS119_5       119     Kiharalab            0.592    0.614    3        A1B1C1   C1        3        0.00     159      0        57.3     52.82      62.69       0.853      0.289      0.64           2          416        0.01     1.30       1.24       112.1      405.9      -293.8     0.821     c3:31.70; c2:6.49
123 H1167TS348_4       348     Takeda-Shitaka_Lab   0.592    0.612    3        A1B1C1   C1        3        0.00     160      0        59.1     54.86      64.05       0.850      0.294      0.64           2          416        0.01     1.35       1.18       -172.1     137.8      -309.8     0.823     c3:31.43; c2:5.82
124 H1167TS348_1       348     Takeda-Shitaka_Lab   0.592    0.614    3        A1B1C1   C1        3        0.00     158      0        57.3     52.82      62.69       0.833      0.152      0.63           1          124        0.00     0.60       6.85       -130.9     172.4      -303.3     0.707     c3:31.86; c2:7.04
125 H1167TS367_3       367     MULTICOM             0.592    0.614    3        A1B1C1   C1        3        0.00     164      0        57.0     52.37      62.69       0.835      0.149      0.61           1          124        0.00     0.68       7.29       -236.5     260.4      -496.9     0.700     c3:31.69; c2:7.71
126 H1167TS360_1       360     MUFold_H             0.592    0.615    3        A1B1C1   C1        3        0.00     159      0        57.7     52.97      63.37       0.835      0.156      0.63           1          124        0.00     0.61       6.75       -116.9     280.5      -397.3     0.708     c3:32.16; c2:6.85
127 H1167TS158_3       158s    MULTICOM_deep        0.592    0.614    3        A1B1C1   C1        3        0.00     164      0        57.0     52.37      62.69       0.835      0.149      0.61           1          124        0.00     0.68       7.29       -236.5     260.4      -496.9     0.700     c3:31.69; c2:7.71
128 H1167TS390_4       390s    NBIS-AF2-multimer    0.591    0.614    3        A1B1C1   C1        3        0.00     161      0        57.2     53.05      61.94       0.835      0.149      0.61           1          124        0.00     0.67       7.21       -191.8     244.9      -436.7     0.701     c3:31.88; c2:7.59
129 H1167TS367_4       367     MULTICOM             0.591    0.615    3        A1B1C1   C1        3        0.00     157      0        57.9     53.42      63.37       0.852      0.284      0.63           2          416        0.02     1.44       1.28       -78.7      227.4      -306.1     0.819     c3:31.63; c2:6.70
130 H1167TS158_4       158s    MULTICOM_deep        0.591    0.615    3        A1B1C1   C1        3        0.00     157      0        57.9     53.42      63.37       0.852      0.284      0.63           2          416        0.02     1.44       1.28       -78.7      227.4      -306.1     0.819     c3:31.63; c2:6.70
131 H1167TS086_1       086s    MULTICOM_qa          0.591    0.615    3        A1B1C1   C1        3        0.00     157      0        57.9     53.42      63.37       0.852      0.284      0.63           2          416        0.02     1.44       1.28       -78.7      227.4      -306.1     0.819     c3:31.63; c2:6.70
132 H1167TS003_1       003     MULTICOM_human       0.591    0.615    3        A1B1C1   C1        3        0.00     157      0        57.9     53.42      63.37       0.852      0.284      0.63           2          416        0.02     1.44       1.28       -78.7      227.4      -306.1     0.819     c3:31.63; c2:6.70
133 H1167TS054_2       054     UltraFold            0.591    0.613    3        A1B1C1   C1        3        0.00     160      0        57.6     53.20      62.69       0.835      0.152      0.62           1          124        0.00     0.63       6.94       -132.0     313.7      -445.6     0.705     c3:31.91; c2:7.16
134 H1167TS399_2       399     BeijingAIProtein     0.591    0.613    3        A1B1C1   C1        3        0.00     160      0        57.6     53.20      62.69       0.835      0.152      0.62           1          124        0.00     0.63       6.94       -132.0     313.7      -445.6     0.705     c3:31.91; c2:7.16
135 H1167TS320_4       320     Elofsson             0.591    0.614    3        A1B1C1   C1        3        0.00     161      0        57.2     53.05      61.94       0.835      0.149      0.61           1          124        0.00     0.67       7.21       -191.8     244.9      -436.7     0.701     c3:31.88; c2:7.59
136 H1167TS125_2       125s    UltraFold_Server     0.591    0.613    3        A1B1C1   C1        3        0.00     160      0        57.6     53.20      62.69       0.835      0.152      0.62           1          124        0.00     0.63       6.94       -132.0     313.7      -445.6     0.705     c3:31.91; c2:7.16
137 H1167TS158_2       158s    MULTICOM_deep        0.590    0.612    3        A1B1C1   C1        3        0.00     164      0        56.9     52.60      61.94       0.835      0.148      0.60           1          124        0.00     0.68       7.25       -275.3     257.4      -532.6     0.700     c3:31.63; c2:7.66
138 H1167TS367_2       367     MULTICOM             0.590    0.612    3        A1B1C1   C1        3        0.00     164      0        56.9     52.60      61.94       0.835      0.148      0.60           1          124        0.00     0.68       7.25       -275.3     257.4      -532.6     0.700     c3:31.63; c2:7.66
139 H1167TS054_5       054     UltraFold            0.590    0.613    3        A1B1C1   C1        3        0.00     160      0        57.3     52.82      62.69       0.836      0.153      0.62           1          124        0.00     0.62       6.81       -162.5     330.1      -492.6     0.707     c3:31.91; c2:6.94
140 H1167TS348_3       348     Takeda-Shitaka_Lab   0.590    0.612    3        A1B1C1   C1        3        0.00     161      0        57.6     53.20      62.69       0.835      0.152      0.61           1          124        0.00     0.68       7.14       -241.3     141.1      -382.4     0.701     c3:31.97; c2:7.45
141 H1167TS399_5       399     BeijingAIProtein     0.590    0.613    3        A1B1C1   C1        3        0.00     160      0        57.3     52.82      62.69       0.836      0.153      0.62           1          124        0.00     0.62       6.81       -162.5     330.1      -492.6     0.707     c3:31.91; c2:6.94
142 H1167TS125_5       125s    UltraFold_Server     0.590    0.613    3        A1B1C1   C1        3        0.00     160      0        57.3     52.82      62.69       0.836      0.153      0.62           1          124        0.00     0.62       6.81       -162.5     330.1      -492.6     0.707     c3:31.91; c2:6.94
143 H1167TS003_5       003     MULTICOM_human       0.590    0.612    3        A1B1C1   C1        3        0.00     164      0        56.9     52.60      61.94       0.835      0.148      0.60           1          124        0.00     0.68       7.25       -275.3     257.4      -532.6     0.700     c3:31.63; c2:7.66
144 H1167TS439_4       439     Yang                 0.590    0.611    3        A1B1C1   C1        3        0.00     159      1        56.8     53.58      60.58       0.806      0.148      0.62           1          124        0.00     0.65       6.95       -276.3     -752.5     476.2      0.704     c3:31.70; c2:7.18
145 H1167TS086_3       086s    MULTICOM_qa          0.590    0.612    3        A1B1C1   C1        3        0.00     164      0        56.9     52.60      61.94       0.835      0.148      0.60           1          124        0.00     0.68       7.25       -275.3     257.4      -532.6     0.700     c3:31.63; c2:7.66
146 H1167TS320_5       320     Elofsson             0.590    0.612    3        A1B1C1   C1        3        0.00     161      0        57.6     53.20      62.69       0.835      0.152      0.61           1          124        0.00     0.68       7.14       -221.5     244.6      -466.1     0.701     c3:31.97; c2:7.45
147 H1167TS298_4       298s    MUFold               0.590    0.613    3        A1B1C1   C1        3        0.00     164      0        57.3     52.82      62.69       0.835      0.150      0.61           1          124        0.00     0.68       7.11       -161.6     295.3      -456.9     0.705     c3:31.85; c2:7.44
148 H1167TS073_2       073s    DFolding-refine      0.590    0.601    3        A1B1C1   C1        3        0.00     134      1        54.8     51.01      59.15       0.740      0.148      0.57           1          124        0.00     1.61       7.37       -321.8     -1130.5    808.8      0.684     c3:31.98; c2:7.74
149 H1167TS390_5       390s    NBIS-AF2-multimer    0.590    0.612    3        A1B1C1   C1        3        0.00     161      0        57.6     53.20      62.69       0.835      0.152      0.61           1          124        0.00     0.68       7.14       -221.5     244.6      -466.1     0.701     c3:31.97; c2:7.45
150 H1167TS011_1       011s    GinobiFold-SER       0.590    0.609    3        A1B1C1   C1        3        0.00     163      0        57.2     52.14      63.37       0.835      0.151      0.62           1          124        0.00     0.61       7.14       -268.0     165.2      -433.2     0.700     c3:31.50; c2:7.50
151 H1167TS003_3       003     MULTICOM_human       0.590    0.612    3        A1B1C1   C1        3        0.00     164      0        55.8     51.84      60.58       0.835      0.146      0.59           1          124        0.00     0.68       7.27       -272.9     254.3      -527.2     0.700     c3:31.65; c2:7.68
152 H1167TS367_1       367     MULTICOM             0.590    0.612    3        A1B1C1   C1        3        0.00     164      0        55.8     51.84      60.58       0.835      0.146      0.59           1          124        0.00     0.68       7.27       -272.9     254.3      -527.2     0.700     c3:31.65; c2:7.68
153 H1167TS239_4       239s    Yang-Multimer        0.590    0.611    3        A1B1C1   C1        3        0.00     159      1        56.8     53.58      60.58       0.806      0.148      0.62           1          124        0.00     0.65       6.95       -276.3     -752.5     476.2      0.704     c3:31.70; c2:7.18
154 H1167TS434_1       434     Coqualia             0.590    0.609    3        A1B1C1   C1        3        0.00     163      0        57.2     52.14      63.37       0.835      0.151      0.62           1          124        0.00     0.61       7.14       -268.0     165.2      -433.2     0.700     c3:31.50; c2:7.50
155 H1167TS092_1       092     Agemo_mix            0.590    0.613    3        A1B1C1   C1        3        0.00     157      1        57.5     52.60      63.37       0.827      0.152      0.62           1          124        0.00     0.77       7.14       -291.9     340.8      -632.6     0.699     c3:31.50; c2:7.49
156 H1167TS086_2       086s    MULTICOM_qa          0.590    0.612    3        A1B1C1   C1        3        0.00     164      0        55.8     51.84      60.58       0.835      0.146      0.59           1          124        0.00     0.68       7.27       -272.9     254.3      -527.2     0.700     c3:31.65; c2:7.68
157 H1167TS158_1       158s    MULTICOM_deep        0.590    0.612    3        A1B1C1   C1        3        0.00     164      0        55.8     51.84      60.58       0.835      0.146      0.59           1          124        0.00     0.68       7.27       -272.9     254.3      -527.2     0.700     c3:31.65; c2:7.68
158 H1167TS227_5       227     GinobiFold           0.588    0.609    3        A1B1C1   C1        3        0.00     158      0        57.3     52.82      62.69       0.834      0.150      0.64           1          124        0.00     0.59       7.10       -143.1     216.8      -359.9     0.700     c3:31.76; c2:7.45
159 H1167TS239_3       239s    Yang-Multimer        0.588    0.609    3        A1B1C1   C1        3        0.00     159      1        56.1     52.29      60.58       0.812      0.151      0.61           1          124        0.00     0.67       6.73       -324.5     -764.5     439.9      0.705     c3:31.78; c2:6.84
160 H1167TS439_3       439     Yang                 0.588    0.609    3        A1B1C1   C1        3        0.00     159      1        56.1     52.29      60.58       0.812      0.151      0.61           1          124        0.00     0.67       6.73       -324.5     -764.5     439.9      0.705     c3:31.78; c2:6.84
161 H1167TS278_2       278     PEZYFoldings         0.588    0.623    3        A1B1C1   C1        3        0.00     166      1        58.2     52.76      64.76       0.742      0.312      0.62           2          416        0.02     1.42       1.37       117.4      193.9      -76.5      0.804     c3:29.94; c2:6.71
162 H1167TS133_5       133s    ShanghaiTech-TS-SER  0.588    0.609    3        A1B1C1   C1        3        0.00     158      0        57.3     52.82      62.69       0.834      0.150      0.64           1          124        0.00     0.59       7.10       -143.1     216.8      -359.9     0.700     c3:31.76; c2:7.45
163 H1167TS133_1       133s    ShanghaiTech-TS-SER  0.587    0.606    3        A1B1C1   C1        3        0.00     163      0        57.9     53.42      63.37       0.833      0.149      0.63           1          124        0.00     0.60       7.38       -215.5     166.3      -381.7     0.695     c3:31.69; c2:7.90
164 H1167TS086_5       086s    MULTICOM_qa          0.587    0.610    3        A1B1C1   C1        3        0.00     160      0        57.7     52.97      63.37       0.852      0.281      0.63           2          416        0.02     1.51       1.32       -144.2     174.3      -318.6     0.816     c3:31.58; c2:6.82
165 H1167TS227_1       227     GinobiFold           0.587    0.606    3        A1B1C1   C1        3        0.00     163      0        57.9     53.42      63.37       0.833      0.149      0.63           1          124        0.00     0.60       7.38       -215.5     166.3      -381.7     0.695     c3:31.69; c2:7.90
166 H1167TS227_4       227     GinobiFold           0.587    0.607    3        A1B1C1   C1        3        0.00     158      0        58.2     53.80      63.37       0.834      0.152      0.63           1          124        0.00     0.60       6.99       -102.1     352.2      -454.3     0.701     c3:31.78; c2:7.30
167 H1167TS133_4       133s    ShanghaiTech-TS-SER  0.587    0.607    3        A1B1C1   C1        3        0.00     158      0        58.2     53.80      63.37       0.834      0.152      0.63           1          124        0.00     0.60       6.99       -102.1     352.2      -454.3     0.701     c3:31.78; c2:7.30
168 H1167TS298_2       298s    MUFold               0.586    0.607    3        A1B1C1   C1        3        0.00     162      0        57.0     52.37      62.69       0.837      0.153      0.62           1          124        0.00     0.62       6.81       -187.4     282.9      -470.3     0.704     c3:31.86; c2:6.95
169 H1167TS390_3       390s    NBIS-AF2-multimer    0.586    0.608    3        A1B1C1   C1        3        0.00     160      0        57.5     52.60      63.37       0.835      0.154      0.62           1          124        0.00     0.62       6.90       -108.5     353.9      -462.4     0.706     c3:31.87; c2:7.08
170 H1167TS320_3       320     Elofsson             0.586    0.608    3        A1B1C1   C1        3        0.00     160      0        57.5     52.60      63.37       0.835      0.154      0.62           1          124        0.00     0.62       6.90       -108.5     353.9      -462.4     0.706     c3:31.87; c2:7.08
171 H1167TS150_2       150     Grudinin             0.586    0.608    3        A1B1C1   C1        3        0.00     160      0        57.5     52.60      63.37       0.835      0.154      0.62           1          124        0.00     0.62       6.90       -101.9     352.7      -454.6     0.706     c3:31.87; c2:7.08
172 H1167TS298_1       298s    MUFold               0.585    0.607    3        A1B1C1   C1        3        0.00     161      0        57.3     52.82      62.69       0.834      0.153      0.62           1          124        0.00     0.60       6.83       -184.6     269.3      -453.9     0.705     c3:31.79; c2:6.99
173 H1167TS011_3       011s    GinobiFold-SER       0.585    0.605    3        A1B1C1   C1        3        0.00     157      0        57.7     52.97      63.37       0.834      0.152      0.63           1          124        0.00     0.59       6.98       -145.3     269.2      -414.5     0.701     c3:31.73; c2:7.28
174 H1167TS434_3       434     Coqualia             0.585    0.605    3        A1B1C1   C1        3        0.00     157      0        57.7     52.97      63.37       0.834      0.152      0.63           1          124        0.00     0.59       6.98       -145.3     269.2      -414.5     0.701     c3:31.73; c2:7.28
175 H1167TS374_4       374     Zheng                0.585    0.608    3        A1B1C1   C1        3        0.00     164      0        58.1     53.12      64.05       0.853      0.289      0.63           2          416        0.02     1.34       1.22       -117.8     228.4      -346.2     0.824     c3:31.77; c2:6.48
176 H1167TS390_1       390s    NBIS-AF2-multimer    0.583    0.605    3        A1B1C1   C1        3        0.00     163      0        57.5     52.60      63.37       0.853      0.286      0.63           2          416        0.02     1.42       1.27       -100.7     254.4      -355.1     0.819     c3:31.56; c2:6.66
177 H1167TS320_1       320     Elofsson             0.583    0.605    3        A1B1C1   C1        3        0.00     163      0        57.5     52.60      63.37       0.853      0.286      0.63           2          416        0.02     1.42       1.27       -100.7     254.4      -355.1     0.819     c3:31.56; c2:6.66
178 H1167TS314_1       314     Pierce               0.583    0.605    3        A1B1C1   C1        3        0.00     163      0        57.5     52.60      63.37       0.853      0.286      0.59           1          124        0.00     0.63       1.27       -100.7     254.4      -355.1     0.819     c3:31.56; c2:6.66
179 H1167TS350_3       350     ClusPro              0.583    0.602    3        A1B1C1   C1        3        0.00     168      0        54.6     49.28      61.26       0.817      0.165      0.57           2          374        0.04     4.15       5.90       -1245.2    -285.8     -959.4     0.712     c3:32.17; c2:5.36
180 H1167TS150_1       150     Grudinin             0.583    0.605    3        A1B1C1   C1        3        0.00     163      0        57.5     52.60      63.37       0.853      0.286      0.63           2          416        0.02     1.42       1.27       -100.7     254.4      -355.1     0.819     c3:31.56; c2:6.66
181 H1167TS291_3       291     Kozakov-Vajda        0.583    0.602    3        A1B1C1   C1        3        0.00     168      0        54.6     49.28      61.26       0.817      0.165      0.57           2          374        0.04     4.15       5.90       -1245.2    -285.8     -959.4     0.712     c3:32.17; c2:5.36
182 H1167TS131_1       131s    Kiharalab_Server     0.582    0.603    3        A1B1C1   C1        3        0.00     164      0        57.3     52.82      62.69       0.856      0.292      0.62           2          416        0.02     1.23       1.22       -122.4     211.3      -333.7     0.821     c3:31.62; c2:6.58
183 H1167TS390_2       390s    NBIS-AF2-multimer    0.582    0.605    3        A1B1C1   C1        3        0.00     163      0        58.5     54.25      63.37       0.852      0.276      0.64           2          416        0.02     1.63       1.41       -191.6     144.7      -336.4     0.811     c3:31.42; c2:7.02
184 H1167TS320_2       320     Elofsson             0.582    0.605    3        A1B1C1   C1        3        0.00     163      0        58.5     54.25      63.37       0.852      0.276      0.64           2          416        0.02     1.63       1.41       -191.6     144.7      -336.4     0.811     c3:31.42; c2:7.02
185 H1167TS119_1       119     Kiharalab            0.582    0.603    3        A1B1C1   C1        3        0.00     164      0        57.3     52.82      62.69       0.856      0.292      0.62           2          416        0.02     1.23       1.22       -118.8     215.2      -333.9     0.821     c3:31.62; c2:6.58
186 H1167TS374_1       374     Zheng                0.580    0.602    3        A1B1C1   C1        3        0.00     159      0        57.7     52.97      63.37       0.854      0.292      0.65           2          416        0.01     1.29       1.25       -92.7      231.5      -324.2     0.821     c3:31.35; c2:6.40
187 H1167TS205_1       205     Zou                  0.580    0.601    3        A1B1C1   C1        3        0.00     163      0        57.0     52.37      62.69       0.847      0.276      0.58           2          416        0.08     1.60       1.38       -243.2     -68.7      -174.6     0.811     c3:31.24; c2:6.96
188 H1167TS374_5       374     Zheng                0.580    0.600    3        A1B1C1   C1        3        0.00     160      1        57.1     51.54      64.05       0.838      0.160      0.62           1          124        0.00     0.64       6.52       -220.4     209.4      -429.8     0.710     c3:32.03; c2:6.45
189 H1167TS188_4       188s    GuijunLab-DeepDA     0.579    0.583    3        A1B1C1   C1        3        0.00     172      7        37.5     32.93      43.63       0.737      0.162      0.49           2          416        0.10     7.03       5.19       1213.9     897.9      316.0      0.632     c3:32.03; c2:3.92
190 H1167TS215_2       215s    XRC_VU               0.577    0.591    3        A1B1C1   C1        3        0.00     175      0        57.5     52.60      63.37       0.834      0.252      0.61           2          416        0.03     1.83       1.71       567.3      716.3      -149.0     0.739     c3:19.79; c2:4.25
191 H1167TS037_2       037     Wallner              0.576    0.596    3        A1B1C1   C1        3        0.00     170      0        59.8     55.46      64.80       0.851      0.303      0.64           2          416        0.01     1.17       0.88       -295.7     98.4       -394.2     0.806     c3:31.18; c2:6.25
192 H1167TS133_2       133s    ShanghaiTech-TS-SER  0.574    0.593    3        A1B1C1   C1        3        0.00     165      0        56.7     51.39      63.37       0.834      0.152      0.62           1          124        0.00     0.60       6.99       -392.7     105.8      -498.5     0.701     c3:31.65; c2:7.28
193 H1167TS037_4       037     Wallner              0.574    0.594    3        A1B1C1   C1        3        0.00     166      2        57.2     53.05      61.94       0.838      0.176      0.64           2          416        0.12     7.18       5.36       -251.7     126.0      -377.8     0.739     c3:32.16; c2:4.61
194 H1167TS227_2       227     GinobiFold           0.574    0.593    3        A1B1C1   C1        3        0.00     165      0        56.7     51.39      63.37       0.834      0.152      0.62           1          124        0.00     0.60       6.99       -392.7     105.8      -498.5     0.701     c3:31.65; c2:7.28
195 H1167TS037_3       037     Wallner              0.574    0.595    3        A1B1C1   C1        3        0.00     170      0        56.2     51.39      61.94       0.825      0.153      0.61           1          124        0.00     0.96       6.97       -201.9     299.0      -500.9     0.701     c3:32.12; c2:7.17
196 H1167TS444_4       444     CoDock               0.572    0.590    3        A1B1C1   C1        3        0.00     164      0        56.4     51.16      62.69       0.835      0.284      0.64           2          416        0.02     1.45       1.27       47.6       644.9      -597.3     0.820     c3:31.00; c2:6.71
197 H1167TS314_4       314     Pierce               0.572    0.592    3        A1B1C1   C1        3        0.00     160      1        57.8     54.63      61.26       0.834      0.194      0.60           2          374        0.02     5.21       3.93       810.2      1018.7     -208.5     0.674     c3:33.05; c2:2.77
198 H1167TS291_4       291     Kozakov-Vajda        0.568    0.586    3        A1B1C1   C1        3        0.00     169      0        56.5     51.01      63.37       0.819      0.171      0.57           2          374        0.03     4.18       5.64       -1376.9    -374.2     -1002.7    0.713     c3:30.63; c2:5.10
199 H1167TS350_4       350     ClusPro              0.568    0.586    3        A1B1C1   C1        3        0.00     169      0        56.5     51.01      63.37       0.819      0.171      0.57           2          374        0.03     4.18       5.64       -1376.9    -374.2     -1002.7    0.713     c3:30.63; c2:5.10
200 H1167TS205_4       205     Zou                  0.568    0.588    3        A1B1C1   C1        3        0.00     167      0        58.5     53.35      64.80       0.830      0.155      0.59           1          124        0.00     0.63       7.13       -449.1     -7.5       -441.6     0.700     c3:31.74; c2:7.48
201 H1167TS035_1       035s    Manifold-E           0.567    0.581    3        A1B1C1   C2        2        3.36     135      0        59.0     61.04      57.04       0.767      0.208      0.66           2          416        0.06     3.69       2.89       1363.3     1373.7     -10.3      0.696     c3:33.02; c2:2.72
202 H1167TS248_1       248     Manifold             0.567    0.581    3        A1B1C1   C2        2        3.36     135      0        59.0     61.04      57.04       0.767      0.208      0.66           2          416        0.06     3.69       2.89       1363.3     1373.7     -10.3      0.696     c3:33.02; c2:2.72
203 H1167TS037_1       037     Wallner              0.566    0.584    3        A1B1C1   C1        3        0.00     171      0        62.2     58.55      66.23       0.838      0.194      0.67           2          416        0.08     5.77       4.21       -83.3      206.5      -289.9     0.658     c3:32.56; c2:3.15
204 H1167TS398_2       398     ChaePred             0.565    0.591    3        A1B1C1   C1        3        0.00     195      1        60.4     54.84      67.60       0.844      0.323      0.66           2          416        0.02     1.42       1.27       -847.3     -187.9     -659.4     0.811     c3:29.79; c2:6.66
205 H1167TS494_3       494     Venclovas            0.564    0.582    3        A1B1C1   C1        3        0.00     167      0        58.5     53.35      64.80       0.831      0.157      0.62           1          124        0.00     0.69       6.87       -621.7     154.5      -776.2     0.695     c3:29.96; c2:7.57
206 H1167TS314_5       314     Pierce               0.563    0.588    3        A1B1C1   C1        3        0.00     185      0        56.4     51.84      61.94       0.842      0.284      0.57           1          124        0.00     0.93       1.15       -82.5      558.7      -641.1     0.808     c3:30.67; c2:6.70
207 H1167TS278_4       278     PEZYFoldings         0.559    0.572    3        A1B1C1   C1        3        0.00     163      1        53.7     49.66      58.47       0.709      0.155      0.57           1          204        0.00     8.27       6.91       -114.8     139.8      -254.6     0.715     c3:30.19; c2:6.90
208 H1167TS073_1       073s    DFolding-refine      0.556    0.571    3        A1B1C1   C1        3        0.00     140      0        48.9     46.64      51.39       0.776      0.252      0.55           2          416        0.02     1.79       1.58       -314.3     -1372.4    1058.2     0.805     c3:31.61; c2:6.80
209 H1167TS073_3       073s    DFolding-refine      0.555    0.589    3        A1B1C1   C1        3        0.00     145      0        46.9     41.82      53.50       0.755      0.135      0.54           1          124        0.00     1.45       7.33       -646.0     -1140.8    494.7      0.670     c3:30.52; c2:7.74
210 H1167TS444_3       444     CoDock               0.551    0.568    3        A1B1C1   C1        3        0.00     174      1        56.4     51.16      62.69       0.814      0.155      0.64           1          124        0.00     0.72       6.94       34.9       696.3      -661.4     0.703     c3:31.79; c2:7.10
211 H1167TS165_3       165     FTBiot0119           0.551    0.581    3        A1B1C1   C1        3        0.00     221      5        49.6     44.56      56.34       0.787      0.183      0.62           1          124        0.00     0.85       5.94       -1626.2    -669.1     -957.0     0.684     c3:30.44; c2:7.01
212 H1167TS278_3       278     PEZYFoldings         0.550    0.563    3        A1B1C1   C1        3        0.00     175      0        53.5     49.40      58.43       0.830      0.285      0.62           2          416        0.03     1.61       1.27       85.4       432.0      -346.6     0.804     c3:31.74; c2:5.84
213 H1167TS054_4       054     UltraFold            0.550    0.560    3        A1B1C1   C1        3        0.00     175      2        59.1     55.69      63.35       0.837      0.203      0.67           2          416        0.08     5.52       4.19       -83.7      133.2      -216.8     0.644     c3:32.24; c2:2.96
214 H1167TS125_4       125s    UltraFold_Server     0.550    0.560    3        A1B1C1   C1        3        0.00     175      2        59.1     55.69      63.35       0.837      0.203      0.67           2          416        0.08     5.52       4.19       -83.7      133.2      -216.8     0.644     c3:32.24; c2:2.96
215 H1167TS399_4       399     BeijingAIProtein     0.550    0.560    3        A1B1C1   C1        3        0.00     175      2        59.1     55.69      63.35       0.837      0.203      0.67           2          416        0.08     5.52       4.19       -83.7      133.2      -216.8     0.644     c3:32.24; c2:2.96
216 H1167TS054_1       054     UltraFold            0.550    0.559    3        A1B1C1   C1        3        0.00     172      0        58.9     54.51      64.08       0.831      0.196      0.65           2          416        0.08     5.69       4.32       -198.6     -149.2     -49.3      0.659     c3:32.49; c2:3.11
217 H1167TS399_1       399     BeijingAIProtein     0.550    0.559    3        A1B1C1   C1        3        0.00     172      0        58.9     54.51      64.08       0.831      0.196      0.65           2          416        0.08     5.69       4.32       -198.6     -149.2     -49.3      0.659     c3:32.49; c2:3.11
218 H1167TS125_1       125s    UltraFold_Server     0.550    0.559    3        A1B1C1   C1        3        0.00     172      0        58.9     54.51      64.08       0.831      0.196      0.65           2          416        0.08     5.69       4.32       -198.6     -149.2     -49.3      0.659     c3:32.49; c2:3.11
219 H1167TS225_4       225     ShanghaiTech         0.549    0.597    3        A1B1C1   C1        3        0.00     176      2        59.2     55.75      63.35       0.841      0.200      0.68           2          416        0.08     5.80       4.49       -304.7     -98.8      -205.9     0.695     c3:31.84; c2:3.26
220 H1167TS073_5       073s    DFolding-refine      0.549    0.580    3        A1B1C1   C1        3        0.00     154      0        50.4     45.21      57.04       0.763      0.183      0.61           2          416        0.02     5.71       4.31       -118.5     -1078.5    959.9      0.654     c3:33.19; c2:3.26
221 H1167TS278_1       278     PEZYFoldings         0.548    0.564    3        A1B1C1   C1        3        0.00     177      0        60.1     55.91      64.80       0.832      0.156      0.63           1          124        0.00     0.83       6.99       -212.2     344.8      -557.0     0.683     c3:30.29; c2:7.41
222 H1167TS291_5       291     Kozakov-Vajda        0.547    0.562    3        A1B1C1   C1        3        0.00     180      0        56.7     51.39      63.37       0.822      0.180      0.58           2          374        0.04     4.20       5.54       -1654.3    -643.9     -1010.4    0.700     c3:31.79; c2:4.86
223 H1167TS350_5       350     ClusPro              0.547    0.562    3        A1B1C1   C1        3        0.00     180      0        56.7     51.39      63.37       0.822      0.180      0.58           2          374        0.04     4.20       5.54       -1654.3    -643.9     -1010.4    0.700     c3:31.79; c2:4.86
224 H1167TS205_3       205     Zou                  0.546    0.564    3        A1B1C1   C1        3        0.00     181      0        57.6     52.37      64.05       0.830      0.152      0.58           1          124        0.00     0.63       7.12       -504.2     -45.7      -458.5     0.699     c3:31.36; c2:7.47
225 H1167TS312_3       312     Fernandez-Recio      0.546    0.559    3        A1B1C1   C1        3        0.00     165      0        46.9     44.23      50.03       0.826      0.236      0.57           2          416        0.03     2.01       1.89       199.7      523.1      -323.4     0.803     c3:31.93; c2:7.07
226 H1167TS444_5       444     CoDock               0.545    0.570    3        A1B1C1   C1        3        0.00     170      0        59.3     56.48      62.65       0.815      0.198      0.65           2          416        0.08     5.65       4.39       -84.8      547.6      -632.4     0.648     c3:32.46; c2:3.10
227 H1167TS493_2       493     Shen-CAPRI           0.545    0.565    3        A1B1C1   C1        3        0.00     171      0        52.7     47.10      59.83       0.813      0.240      0.56           1          124        0.00     1.51       1.93       -1172.0    -733.0     -439.0     0.774     c3:31.28; c2:8.07
228 H1167TS205_5       205     Zou                  0.545    0.563    3        A1B1C1   C1        3        0.00     182      0        59.1     53.84      65.46       0.834      0.166      0.61           1          124        0.00     0.61       6.39       -779.0     -223.5     -555.5     0.666     c3:27.23; c2:7.36
229 H1167TS399_3       399     BeijingAIProtein     0.542    0.557    3        A1B1C1   C1        3        0.00     176      2        58.8     55.47      62.65       0.836      0.195      0.66           2          416        0.08     5.73       4.35       -212.2     115.7      -327.9     0.655     c3:32.05; c2:3.14
230 H1167TS054_3       054     UltraFold            0.542    0.557    3        A1B1C1   C1        3        0.00     176      2        58.8     55.47      62.65       0.836      0.195      0.66           2          416        0.08     5.73       4.35       -212.2     115.7      -327.9     0.655     c3:32.05; c2:3.14
231 H1167TS291_2       291     Kozakov-Vajda        0.542    0.559    3        A1B1C1   C1        3        0.00     174      0        56.8     50.64      64.80       0.823      0.171      0.56           2          374        0.03     4.14       5.91       -1633.3    -494.1     -1139.2    0.708     c3:30.01; c2:5.50
232 H1167TS350_2       350     ClusPro              0.542    0.559    3        A1B1C1   C1        3        0.00     174      0        56.8     50.64      64.80       0.823      0.171      0.56           2          374        0.03     4.14       5.91       -1633.3    -494.1     -1139.2    0.708     c3:30.01; c2:5.50
233 H1167TS073_4       073s    DFolding-refine      0.542    0.554    3        A1B1C1   C1        3        0.00     113      0        49.3     51.54      47.17       0.749      0.176      0.57           2          416        0.02     5.10       3.89       -190.1     -1336.6    1146.5     0.646     c3:32.27; c2:2.80
234 H1167TS125_3       125s    UltraFold_Server     0.542    0.557    3        A1B1C1   C1        3        0.00     176      2        58.8     55.47      62.65       0.836      0.195      0.66           2          416        0.08     5.73       4.35       -212.2     115.7      -327.9     0.655     c3:32.05; c2:3.14
235 H1167TS312_1       312     Fernandez-Recio      0.540    0.546    3        A1B1C1   C1        3        0.00     148      0        48.8     49.73      47.92       0.826      0.240      0.53           2          416        0.04     1.93       1.88       628.6      696.8      -68.1      0.804     c3:31.48; c2:6.98
236 H1167TS385_1       385     FoldEver-Hybrid      0.538    0.547    3        A1B1C1   C1        3        0.00     169      0        56.9     52.60      61.94       0.825      0.194      0.65           2          416        0.08     5.50       4.17       -269.9     -126.4     -143.6     0.654     c3:31.73; c2:2.94
237 H1167TS225_5       225     ShanghaiTech         0.538    0.597    3        A1B1C1   C1        3        0.00     190      2        60.9     56.41      66.91       0.844      0.224      0.69           2          416        0.09     6.00       4.59       -612.9     -134.1     -478.8     0.711     c3:32.05; c2:3.40
238 H1167TS245_1       245s    FoldEver             0.538    0.547    3        A1B1C1   C1        3        0.00     169      0        56.9     52.60      61.94       0.825      0.194      0.65           2          416        0.08     5.50       4.17       -269.9     -126.4     -143.6     0.654     c3:31.73; c2:2.94
239 H1167TS314_2       314     Pierce               0.537    0.562    3        A1B1C1   C1        3        0.00     199      0        58.2     52.90      64.80       0.843      0.313      0.59           1          124        0.00     0.93       1.03       -233.2     539.5      -772.7     0.819     c3:31.79; c2:6.61
240 H1167TS312_5       312     Fernandez-Recio      0.536    0.541    3        A1B1C1   C1        3        0.00     150      0        48.8     49.73      47.92       0.825      0.240      0.53           2          416        0.04     1.93       1.88       603.0      699.0      -96.0      0.806     c3:31.53; c2:6.98
241 H1167TS225_2       225     ShanghaiTech         0.528    0.575    3        A1B1C1   C1        3        0.00     193      2        62.0     58.72      66.91       0.831      0.225      0.70           2          416        0.08     6.03       4.60       -512.2     -200.9     -311.4     0.688     c3:32.03; c2:3.40
242 H1167TS225_3       225     ShanghaiTech         0.525    0.566    3        A1B1C1   C1        3        0.00     201      0        58.9     54.71      64.11       0.832      0.206      0.69           2          416        0.08     5.91       4.55       -635.1     -408.5     -226.6     0.699     c3:32.02; c2:3.31
243 H1167TS447_1       447     DELCLAB              0.524    0.554    3        A1B1C1   C1        3        0.00     194      0        51.4     44.31      61.26       0.782      0.186      0.58           2          416        0.08     5.77       4.41       -1634.6    -1462.5    -172.1     0.654     c3:32.32; c2:3.20
244 H1167TS444_2       444     CoDock               0.522    0.539    3        A1B1C1   C1        3        0.00     177      0        58.2     54.88      61.97       0.808      0.197      0.64           2          416        0.08     5.64       4.40       -458.2     329.0      -787.2     0.653     c3:32.18; c2:3.11
245 H1167TS444_1       444     CoDock               0.521    0.536    3        A1B1C1   C1        3        0.00     187      0        56.4     51.16      62.69       0.829      0.282      0.64           2          416        0.02     1.49       1.29       -327.8     517.7      -845.5     0.814     c3:31.03; c2:6.72
246 H1167TS312_4       312     Fernandez-Recio      0.519    0.531    3        A1B1C1   C1        3        0.00     176      1        46.5     43.93      49.28       0.826      0.239      0.59           2          416        0.03     2.01       1.90       137.7      512.6      -374.9     0.778     c3:32.56; c2:7.06
247 H1167TS314_3       314     Pierce               0.513    0.528    3        A1B1C1   C1        3        0.00     186      0        56.6     53.12      60.58       0.837      0.196      0.57           2          374        0.07     5.22       3.96       100.2      652.9      -552.6     0.661     c3:31.10; c2:2.79
248 H1167TS225_1       225     ShanghaiTech         0.512    0.564    3        A1B1C1   C1        3        0.00     201      0        59.2     55.43      64.80       0.841      0.226      0.66           2          416        0.07     5.61       4.30       -731.0     -286.0     -444.9     0.683     c3:32.10; c2:3.01
249 H1167TS147_1       147     SHT                  0.506    0.555    3        A1B1C1   C1        3        0.00     201      0        51.8     47.32      57.73       0.744      0.283      0.62           1          181        0.00     8.51       1.69       -2476.2    -2323.9    -152.3     0.799     c3:29.16; c2:5.35
250 H1167TS493_4       493     Shen-CAPRI           0.505    0.521    3        A1B1C1   C1        3        0.00     182      0        55.0     48.98      62.69       0.810      0.286      0.57           1          124        0.00     1.77       1.63       -1913.0    -973.5     -939.5     0.788     c3:28.59; c2:6.48
251 H1167TS165_2       165     FTBiot0119           0.505    0.525    3        A1B1C1   C1        3        0.00     221      3        49.0     44.16      54.93       0.788      0.156      0.59           1          124        0.00     0.67       6.91       -1372.0    -433.6     -938.4     0.700     c3:30.52; c2:7.01
252 H1167TS447_2       447     DELCLAB              0.505    0.533    3        A1B1C1   C1        3        0.00     210      0        52.0     45.21      61.26       0.783      0.187      0.57           2          416        0.08     5.76       4.40       -1843.5    -1493.2    -350.4     0.652     c3:32.03; c2:3.21
253 H1167TS398_4       398     ChaePred             0.504    0.570    3        A1B1C1   C1        3        0.00     206      2        58.9     53.52      66.19       0.838      0.306      0.64           2          416        0.02     1.42       1.27       -691.9     -120.7     -571.2     0.791     c3:28.67; c2:6.66
254 H1167TS494_1       494     Venclovas            0.503    0.517    3        A1B1C1   C1        3        0.00     187      1        57.2     52.14      63.37       0.830      0.158      0.62           1          124        0.00     0.62       6.79       -878.0     200.4      -1078.4    0.673     c3:27.67; c2:6.93
255 H1167TS494_2       494     Venclovas            0.502    0.518    3        A1B1C1   C1        3        0.00     193      0        59.7     55.49      64.76       0.843      0.275      0.62           2          416        0.03     1.59       1.33       -960.7     -16.8      -943.9     0.786     c3:27.19; c2:6.99
256 H1167TS312_2       312     Fernandez-Recio      0.494    0.500    3        A1B1C1   C1        3        0.00     163      1        46.6     48.23      45.06       0.819      0.230      0.57           2          416        0.04     2.09       2.07       470.0      697.6      -227.6     0.775     c3:32.53; c2:7.08
257 H1167TS447_5       447     DELCLAB              0.493    0.554    3        A1B1C1   C1        3        0.00     219      0        52.0     44.83      61.94       0.781      0.190      0.57           2          416        0.08     5.77       4.34       -2076.8    -1695.5    -381.3     0.650     c3:31.90; c2:3.16
258 H1167TS494_4       494     Venclovas            0.492    0.497    3        A1B1C1   C1        3        0.00     151      0        45.2     44.01      46.49       0.712      0.172      0.54           2          405        0.10     5.49       4.30       839.4      794.3      45.0       0.641     c3:33.58; c2:2.80
259 H1167TS447_4       447     DELCLAB              0.491    0.516    3        A1B1C1   C1        3        0.00     205      0        51.0     44.91      59.15       0.783      0.186      0.58           2          416        0.08     5.82       4.43       -1954.8    -1474.8    -480.0     0.657     c3:31.82; c2:3.26
260 H1167TS165_1       165     FTBiot0119           0.490    0.498    3        A1B1C1   C1        3        0.00     240      5        47.0     39.33      58.47       0.772      0.164      0.57           1          124        0.00     0.80       7.21       -1624.7    -548.0     -1076.6    0.683     c3:30.39; c2:7.34
261 H1167TS398_3       398     ChaePred             0.489    0.504    3        A1B1C1   C1        3        0.00     204      4        57.5     52.60      63.37       0.835      0.283      0.62           2          416        0.02     1.42       1.27       -672.5     -142.7     -529.7     0.800     c3:30.12; c2:6.66
262 H1167TS447_3       447     DELCLAB              0.489    0.516    3        A1B1C1   C1        3        0.00     207      0        50.3     44.08      58.47       0.782      0.186      0.57           2          416        0.08     5.78       4.40       -2024.5    -1511.3    -513.2     0.653     c3:31.82; c2:3.24
263 H1167TS493_3       493     Shen-CAPRI           0.487    0.536    3        A1B1C1   C1        3        0.00     197      0        55.0     49.51      61.94       0.794      0.218      0.57           1          124        0.00     1.65       1.98       -2485.3    -1440.1    -1045.2    0.713     c3:25.72; c2:7.76
264 H1167TS493_5       493     Shen-CAPRI           0.484    0.499    3        A1B1C1   C1        3        0.00     178      0        54.4     48.90      61.26       0.801      0.265      0.56           1          124        0.00     1.31       1.60       -1894.3    -1172.6    -721.8     0.766     c3:28.19; c2:5.22
265 H1167TS493_1       493     Shen-CAPRI           0.484    0.499    3        A1B1C1   C1        3        0.00     201      0        54.1     48.07      61.94       0.811      0.285      0.55           1          124        0.00     2.50       1.35       -1869.8    -923.7     -946.1     0.806     c3:29.75; c2:6.50
266 H1167TS398_5       398     ChaePred             0.479    0.494    3        A1B1C1   C1        3        0.00     216      6        57.5     52.60      63.37       0.834      0.282      0.63           2          416        0.02     1.42       1.27       -740.1     -52.7      -687.4     0.818     c3:30.93; c2:6.66
267 H1167TS147_2       147     SHT                  0.475    0.508    3        A1B1C1   C1        3        0.00     202      0        50.0     45.89      54.93       0.743      0.262      0.59           1          181        0.00     8.51       1.73       -2320.4    -2119.1    -201.3     0.796     c3:29.59; c2:5.36
268 H1167TS165_4       165     FTBiot0119           0.475    0.479    3        A1B1C1   C1        3        0.00     236      7        48.9     41.29      59.83       0.753      0.176      0.51           1          124        0.00     0.95       7.07       -1754.5    -999.8     -754.8     0.677     c3:30.42; c2:7.46
269 H1167TS398_1       398     ChaePred             0.472    0.486    3        A1B1C1   C1        3        0.00     214      3        57.5     52.60      63.37       0.838      0.283      0.61           2          416        0.02     1.42       1.27       -1213.5    -324.2     -889.3     0.801     c3:27.22; c2:6.66
270 H1167TS188_3       188s    GuijunLab-DeepDA     0.466    0.466    3        A1B1C1   C2        2        3.36     198      11       25.5     20.04      35.19       0.702      0.158      0.38           2          416        0.09     6.84       5.08       1390.3     1186.2     204.1      0.612     c3:31.76; c2:2.77
271 H1167TS098_1       098s    GuijunLab-Assembly   0.466    0.466    3        A1B1C1   C2        2        3.36     198      11       25.5     20.04      35.19       0.702      0.158      0.38           2          416        0.09     6.84       5.08       1390.3     1186.2     204.1      0.612     c3:31.76; c2:2.77
272 H1167TS169_1       169     GuijunLab-Human      0.466    0.466    3        A1B1C1   C2        2        3.36     198      11       25.5     20.04      35.19       0.702      0.158      0.38           2          416        0.09     6.84       5.08       1390.3     1186.2     204.1      0.612     c3:31.76; c2:2.77
273 H1167TS147_3       147     SHT                  0.463    0.481    3        A1B1C1   C1        3        0.00     215      0        49.6     44.99      55.64       0.727      0.262      0.59           1          181        0.00     8.55       1.77       -2063.3    -2153.3    90.0       0.794     c3:27.95; c2:5.44
274 H1167TS165_5       165     FTBiot0119           0.458    0.464    3        A1B1C1   C1        3        0.00     259      7        47.0     39.33      58.47       0.768      0.165      0.57           1          124        0.00     0.95       7.21       -1841.2    -816.2     -1024.9    0.683     c3:30.26; c2:7.34
275 H1167TS147_5       147     SHT                  0.453    0.477    3        A1B1C1   C1        3        0.00     220      0        49.4     45.81      53.50       0.737      0.256      0.60           1          181        0.00     8.49       1.83       -2230.6    -2325.9    95.3       0.791     c3:29.43; c2:5.31
276 H1167TS188_2       188s    GuijunLab-DeepDA     0.449    0.450    3        A1B1C1   C1        3        0.00     192      12       24.1     19.52      31.72       0.705      0.153      0.39           2          416        0.09     6.92       5.20       1624.9     1176.1     448.8      0.600     c3:31.81; c2:2.92
277 H1167TS188_1       188s    GuijunLab-DeepDA     0.449    0.450    3        A1B1C1   C1        3        0.00     192      12       24.1     19.52      31.72       0.706      0.153      0.40           2          416        0.09     6.92       5.20       1541.5     985.1      556.4      0.600     c3:31.76; c2:2.92
278 H1167TS147_4       147     SHT                  0.442    0.462    3        A1B1C1   C1        3        0.00     212      0        51.3     48.15      54.93       0.730      0.257      0.60           1          181        0.00     8.76       1.75       -2408.4    -2369.1    -39.3      0.785     c3:29.09; c2:5.63
279 H1167TS169_3       169     GuijunLab-Human      0.374    0.452    3        A1B1C1   C2        2        3.38     272      17       24.9     19.52      34.51       0.691      0.140      0.38           2          416        0.09     6.83       5.08       515.0      801.3      -286.4     0.575     c3:29.82; c2:2.78
280 H1167TS098_5       098s    GuijunLab-Assembly   0.374    0.452    3        A1B1C1   C2        2        3.38     272      17       24.9     19.52      34.51       0.691      0.140      0.38           2          416        0.09     6.83       5.08       515.0      801.3      -286.4     0.575     c3:29.82; c2:2.78
281 H1167TS098_2       098s    GuijunLab-Assembly   0.374    0.452    3        A1B1C1   C2        2        3.38     272      17       24.9     19.52      34.51       0.691      0.140      0.38           2          416        0.09     6.83       5.08       515.0      801.3      -286.4     0.575     c3:29.82; c2:2.78
282 H1167TS169_2       169     GuijunLab-Human      0.374    0.452    3        A1B1C1   C2        2        3.38     272      17       24.9     19.52      34.51       0.691      0.140      0.38           2          416        0.09     6.83       5.08       515.0      801.3      -286.4     0.575     c3:29.82; c2:2.78
283 H1167TS098_4       098s    GuijunLab-Assembly   0.374    0.452    3        A1B1C1   C2        2        3.38     272      17       24.9     19.52      34.51       0.691      0.140      0.38           2          416        0.09     6.83       5.08       515.0      801.3      -286.4     0.575     c3:29.82; c2:2.78
284 H1167TS169_4       169     GuijunLab-Human      0.374    0.452    3        A1B1C1   C2        2        3.38     272      17       24.9     19.52      34.51       0.691      0.140      0.38           2          416        0.09     6.83       5.08       515.0      801.3      -286.4     0.575     c3:29.82; c2:2.78
285 H1167TS169_5       169     GuijunLab-Human      0.374    0.452    3        A1B1C1   C2        2        3.38     272      17       24.9     19.52      34.51       0.691      0.140      0.38           2          416        0.09     6.83       5.08       515.0      801.3      -286.4     0.575     c3:29.82; c2:2.78
286 H1167TS098_3       098s    GuijunLab-Assembly   0.374    0.452    3        A1B1C1   C2        2        3.38     272      17       24.9     19.52      34.51       0.691      0.140      0.38           2          416        0.09     6.83       5.08       515.0      801.3      -286.4     0.575     c3:29.82; c2:2.78
287 H1167TS091_2       091     UNRES                0.313    0.315    3        A1B1C1   C2        2        2.61     123      0        23.8     30.14      19.74       0.689      0.133      0.37           2          416        0.14     7.00       5.45       2612.7     1437.7     1175.0     0.610     c3:29.12; c2:2.57
288 H1167TS091_1       091     UNRES                0.299    0.300    3        A1B1C1   C2        2        2.88     135      0        20.1     26.67      16.20       0.682      0.123      0.36           2          416        0.17     7.25       5.71       2841.2     1315.8     1525.5     0.605     c3:28.95; c2:2.70
289 H1167TS091_5       091     UNRES                0.284    0.284    3        A1B1C1   C2        2        5.83     131      0        19.5     26.30      15.52       0.679      0.121      0.34           2          416        0.07     7.08       5.47       2326.2     1413.3     912.9      0.593     c3:27.63; c2:3.61
290 H1167TS091_3       091     UNRES                0.242    0.242    3        A1B1C1   C1        3        0.00     190      0        17.9     17.48      18.31       0.694      0.094      0.42           1          124        0.00     0.74       7.08       673.9      819.9      -146.0     0.626     c3:29.27; c2:3.89
291 H1167TS091_4       091     UNRES                0.230    0.230    3        A1B1C1   C2        2        4.76     106      0        13.9     23.96      9.87        0.698      0.072      0.30           1          124        0.00     0.69       6.07       3464.4     2048.9     1415.5     0.582     c3:28.19; c2:3.56
292 H1167TS234_4       234     Panlab               0.012    0.012    3        A1B1C1   C1        3        0.00     22       0        0.0      0.00       0.00        0.609      0.029      0.05           1          124        0.00     1.82       13.50      2306.2     -1585.8    3892.0     0.438     c3:25.93; c2:8.38
293 H1167TS234_2       234     Panlab               0.011    0.011    3        A1B1C1   C1        3        0.00     35       0        0.0      0.00       0.00        0.607      0.029      0.02           1          124        0.00     1.82       24.04      1886.2     -1763.8    3650.1     0.419     c3:20.89; c2:9.38
294 H1167TS234_3       234     Panlab               0.004    0.004    3        A1B1C1   C1        3        0.00     44       0        0.0      0.00       0.00        0.609      0.015      0.07           1          124        0.00     1.82       14.13      1853.5     -1743.2    3596.7     0.320     c3:24.36; c2:4.60
295 H1167TS234_1       234     Panlab               0.003    0.003    3        A1B1C1   C1        3        0.00     40       1        0.0      0.00       0.00        0.610      0.019      0.06           1          124        0.00     1.82       13.62      1974.9     -1678.8    3653.7     0.431     c3:20.24; c2:5.13
296 H1167TS333_2       333s    FALCON0              0.000    0.000    3        A1B1C1   C1        3        0.00     63       1        0.0      0.00       0.00        0.388      0.003      0.00           1          212        0.00     2.98       31.10      7714.6     2374.6     5339.9     0.351     c3:50.76; c2:16.21
297 H1167TS368_2       368s    FALCON2              0.000    0.000    3        A1B1C1   C1        3        0.00     63       1        0.0      0.00       0.00        0.388      0.003      0.00           1          212        0.00     2.98       31.10      7714.6     2374.6     5339.9     0.351     c3:50.76; c2:16.21
298 H1167TS368_5       368s    FALCON2              0.000    0.000    3        A1B1C1   C1        3        0.00     0        0        -        -          -           0.369      0.002      -              1          212        0.00     6.25       -          16317.7    5209.4     11108.3    0.314     c3:86.43; c2:15.48
299 H1167TS368_4       368s    FALCON2              0.000    0.000    3        A1B1C1   C1        3        0.00     0        0        -        -          -           0.375      0.002      -              1          212        0.00     5.61       -          15945.0    5532.8     10412.3    0.305     c3:62.00; c2:20.84
300 H1167TS333_4       333s    FALCON0              0.000    0.000    3        A1B1C1   C1        3        0.00     0        0        -        -          -           0.375      0.002      -              1          212        0.00     5.61       -          15945.0    5532.8     10412.3    0.305     c3:62.00; c2:20.84
301 H1167TS333_5       333s    FALCON0              0.000    0.000    3        A1B1C1   C1        3        0.00     0        0        -        -          -           0.369      0.002      -              1          212        0.00     6.25       -          16317.7    5209.4     11108.3    0.314     c3:86.43; c2:15.48
302 H1167TS234_5       234     Panlab               0.000    0.000    3        A1B1C1   C1        3        0.00     31       2        0.0      0.00       0.00        0.606      0.019      0.05           1          124        0.00     1.82       24.18      2199.2     -1665.5    3864.7     0.420     c3:21.42; c2:8.50
303 H1167TS368_1       368s    FALCON2              -        -        3        A1B1C1   C1        3        0.00     0        0        -        -          -           -          -          -              1          131        0.00     9.37       -          5263.8     -4691.1    9769.8     0.213     c3:42.75; c2:16.97
304 H1167TS368_3       368s    FALCON2              -        -        3        A1B1C1   C1        3        0.00     0        0        -        -          -           -          -          -              1          131        0.00     9.37       -          5263.8     -4691.1    9769.8     0.213     c3:42.75; c2:16.97
305 H1167TS333_3       333s    FALCON0              -        -        3        A1B1C1   C1        3        0.00     0        0        -        -          -           -          -          -              1          131        0.00     9.37       -          5263.8     -4691.1    9769.8     0.213     c3:42.75; c2:16.97
306 H1167TS333_1       333s    FALCON0              -        -        3        A1B1C1   C1        3        0.00     0        0        -        -          -           -          -          -              1          131        0.00     9.37       -          5263.8     -4691.1    9769.8     0.213     c3:42.75; c2:16.97