    Model              Gr.Code Group                QSglob   QSbest   Mol.Size Stoich.  Symm.     SymmSize SymmRMSD No.Conts No.Clash F1       Prec.Iface Recal.Iface lDDToligo  DockQ_Avg  Jaccard.Coeff. Align.Size Align.Len  Orient   LocalRMSD  Iface.RMSD SA.total   SA.polar  SA.apolar  TMscore    SymmGr.RMSD
1   T1109TS239_1o      239s    Yang-Multimer        0.926    0.926    2        A2       C2        2        0.02     150      1        84.9     81.90      88.20       0.848      0.734      0.86           2          442        0.02     1.92       1.60       103.8      -1071.5    1175.3     0.960     c3:10.60; c2:0.02
2   T1109TS439_2o      439     Yang                 0.926    0.926    2        A2       C2        2        0.02     150      1        84.9     81.90      88.20       0.848      0.734      0.86           2          442        0.02     1.92       1.60       103.8      -1071.5    1175.3     0.960     c3:10.60; c2:0.02
3   T1109TS278_2o      278     PEZYFoldings         0.923    0.923    2        A2       C2        2        0.06     154      1        83.4     81.50      85.40       0.869      0.740      0.84           2          442        0.02     1.90       1.43       390.1      414.3      -24.2      0.959     c3:10.54; c2:0.04
4   T1109TS239_5o      239s    Yang-Multimer        0.921    0.921    2        A2       C2        2        0.04     151      1        83.1     79.60      86.80       0.847      0.729      0.85           2          442        0.02     1.93       1.59       123.8      -979.4     1103.2     0.959     c3:10.61; c2:0.03
5   T1109TS035_2o      035s    Manifold-E           0.913    0.913    2        A2       C2        2        0.04     156      2        84.9     80.60      89.60       0.888      0.750      0.89           2          442        0.01     1.85       1.49       63.5       100.5      -37.0      0.965     c3:10.69; c2:0.03
6   T1109TS037_4o      037     Wallner              0.910    0.910    2        A2       C2        2        0.22     162      1        84.9     79.00      91.70       0.899      0.763      0.88           2          442        0.01     1.63       1.48       -65.7      200.1      -265.8     0.975     c3:10.68; c2:0.15
7   T1109TS037_3o      037     Wallner              0.909    0.909    2        A2       C2        2        0.28     149      2        85.2     80.70      90.30       0.885      0.756      0.89           2          442        0.00     1.84       1.45       -223.4     7.9        -231.2     0.966     c3:10.57; c2:0.19
8   T1109TS239_3o      239s    Yang-Multimer        0.906    0.906    2        A2       C2        2        0.03     155      1        84.8     82.40      87.50       0.854      0.743      0.89           2          442        0.01     1.83       1.48       42.5       -941.6     984.1      0.964     c3:10.67; c2:0.02
9   T1109TS119_4o      119     Kiharalab            0.903    0.903    2        A2       C2        2        0.11     162      2        84.8     82.40      87.50       0.867      0.736      0.89           2          442        0.02     1.84       1.53       411.1      317.0      94.1       0.963     c3:10.66; c2:0.08
10  T1109TS131_1o      131s    Kiharalab_Server     0.903    0.903    2        A2       C2        2        0.11     162      2        84.8     82.40      87.50       0.867      0.736      0.89           2          442        0.02     1.84       1.53       439.6      405.7      33.9       0.963     c3:10.66; c2:0.08
11  T1109TS131_3o      131s    Kiharalab_Server     0.900    0.900    2        A2       C2        2        0.04     162      1        83.4     78.50      88.90       0.865      0.741      0.88           2          442        0.02     1.85       1.50       213.8      203.4      10.4       0.963     c3:10.63; c2:0.03
12  T1109TS131_4o      131s    Kiharalab_Server     0.896    0.896    2        A2       C2        2        0.05     163      2        84.4     79.30      90.30       0.867      0.751      0.88           2          442        0.02     1.82       1.49       180.7      149.3      31.4       0.963     c3:10.66; c2:0.03
13  T1109TS494_1o      494     Venclovas            0.887    0.887    2        A2       C2        2        0.09     166      3        81.9     76.50      88.20       0.868      0.738      0.86           2          442        0.01     1.92       1.56       407.1      640.4      -233.3     0.960     c3:10.74; c2:0.06
14  T1109TS374_1o      374     Zheng                0.886    0.886    2        A2       C2        2        0.04     163      2        82.5     76.00      90.30       0.875      0.745      0.88           2          442        0.01     1.95       1.60       -161.2     3.4        -164.6     0.960     c3:10.66; c2:0.03
15  T1109TS035_5o      035s    Manifold-E           0.875    0.875    2        A2       C2        2        0.55     153      1        75.6     72.90      78.50       0.796      0.695      0.78           2          442        0.01     2.14       1.73       662.2      315.1      347.1      0.953     c3:10.24; c2:0.38
16  T1109TS374_3o      374     Zheng                0.864    0.864    2        A2       C2        2        0.17     179      3        80.9     71.90      92.40       0.885      0.775      0.84           2          442        0.01     1.70       1.35       108.4      -32.4      140.8      0.967     c3:10.66; c2:0.12
17  T1109TS119_2o      119     Kiharalab            0.858    0.858    2        A2       C2        2        0.71     160      1        77.7     74.50      81.20       0.811      0.698      0.84           2          442        0.01     1.94       1.79       504.3      185.8      318.5      0.957     c3:10.82; c2:0.50
18  T1109TS035_4o      035s    Manifold-E           0.824    0.824    2        A2       C2        2        0.33     136      1        75.4     81.50      70.10       0.809      0.642      0.79           2          442        0.03     2.15       1.87       2406.3     1182.4     1223.9     0.947     c3:10.75; c2:0.23
19  T1109TS248_5o      248     Manifold             0.824    0.824    2        A2       C2        2        0.33     136      1        75.4     81.50      70.10       0.809      0.642      0.79           2          442        0.03     2.15       1.87       2406.3     1182.4     1223.9     0.947     c3:10.75; c2:0.23
20  T1109TS278_5o      278     PEZYFoldings         0.575    0.575    2        A2       C2        2        0.04     83       0        61.7     82.60      49.30       0.830      0.233      0.55           1          221        0.00     9.98       19.26      2610.0     872.6      1737.4     0.905     c3:9.57; c2:0.03
21  T1109TS185_4o      185     BAKER                0.562    0.562    2        A2       C2        2        0.05     92       1        56.4     70.10      47.20       0.799      0.231      0.52           1          220        0.00     9.85       20.83      779.3      638.6      140.6      0.902     c3:10.08; c2:0.03
22  T1109TS185_3o      185     BAKER                0.558    0.558    2        A2       C2        2        0.08     90       0        54.1     66.00      45.80       0.799      0.227      0.50           1          220        0.00     9.82       20.75      876.7      613.5      263.2      0.903     c3:10.06; c2:0.06
23  T1109TS185_1o      185     BAKER                0.555    0.555    2        A2       C2        2        0.04     98       1        56.2     69.40      47.20       0.797      0.229      0.54           1          220        0.00     9.89       20.98      1014.2     723.8      290.4      0.899     c3:10.13; c2:0.03
24  T1109TS185_2o      185     BAKER                0.551    0.551    2        A2       C2        2        0.08     99       0        55.0     62.30      49.30       0.796      0.237      0.53           1          220        0.00     9.90       20.96      691.1      538.1      153.1      0.899     c3:10.14; c2:0.06
25  T1109TS037_5o      037     Wallner              0.547    0.547    2        A2       C2        2        0.31     106      2        59.7     64.50      55.60       0.839      0.264      0.56           1          220        0.00     9.78       20.59      163.3      -188.8     352.2      0.910     c3:9.94; c2:0.21
26  T1109TS185_5o      185     BAKER                0.544    0.544    2        A2       C2        2        0.05     96       0        53.1     60.70      47.20       0.792      0.229      0.47           1          220        0.00     9.93       21.03      704.9      645.7      59.2       0.897     c3:10.15; c2:0.03
27  T1109TS239_4o      239s    Yang-Multimer        0.486    0.486    2        A2       C2        2        0.33     134      2        53.0     51.30      54.90       0.807      0.265      0.51           1          220        0.00     9.55       19.99      982.3      -484.0     1466.2     0.905     c3:10.15; c2:0.23
28  T1109TS447_1o      447     DELCLAB              0.485    0.485    2        A2       C2        2        0.33     170      1        50.6     47.00      54.90       0.807      0.258      0.48           1          220        0.00     9.89       20.59      -1121.7    -1042.9    -78.8      0.903     c3:10.18; c2:0.23
29  T1109TS447_2o      447     DELCLAB              0.485    0.485    2        A2       C2        2        0.33     170      1        50.6     47.00      54.90       0.807      0.258      0.48           1          220        0.00     9.89       20.59      -1121.7    -1042.9    -78.8      0.903     c3:10.18; c2:0.23
30  T1109TS119_5o      119     Kiharalab            0.482    0.482    2        A2       C2        2        0.67     137      1        49.7     48.10      51.40       0.790      0.243      0.49           1          219        0.00     9.46       21.27      592.5      283.8      308.7      0.897     c3:10.33; c2:0.47
31  T1109TS447_4o      447     DELCLAB              0.479    0.479    2        A2       C2        2        0.39     175      2        50.3     48.10      52.80       0.801      0.249      0.46           1          220        0.00     9.93       20.76      -1058.3    -1003.0    -55.3      0.900     c3:10.20; c2:0.27
32  T1109TS447_5o      447     DELCLAB              0.479    0.479    2        A2       C2        2        0.39     175      2        50.3     48.10      52.80       0.801      0.249      0.46           1          220        0.00     9.93       20.76      -1058.3    -1003.0    -55.3      0.900     c3:10.20; c2:0.27
33  T1109TS447_3o      447     DELCLAB              0.479    0.479    2        A2       C2        2        0.39     175      2        50.3     48.10      52.80       0.801      0.249      0.46           1          220        0.00     9.93       20.76      -1058.3    -1003.0    -55.3      0.900     c3:10.20; c2:0.27
34  T1109TS119_1o      119     Kiharalab            0.478    0.478    2        A2       C2        2        0.55     138      1        53.4     52.00      54.90       0.801      0.256      0.52           1          219        0.00     9.44       21.18      329.8      146.3      183.5      0.899     c3:10.30; c2:0.39
35  T1109TS398_1o      398     ChaePred             0.477    0.477    2        A2       C2        2        2.74     179      4        47.7     43.00      53.50       0.787      0.261      0.46           1          220        0.00     9.84       20.49      -228.9     -53.6      -175.3     0.891     c3:8.96; c2:1.60
36  T1109TS444_4o      444     CoDock               0.477    0.477    2        A2       C2        2        0.25     177      1        50.3     45.10      56.90       0.809      0.267      0.48           1          220        0.00     9.95       20.55      -258.5     164.8      -423.3     0.896     c3:10.24; c2:0.16
37  T1109TS091_3o      091     UNRES                0.477    0.477    2        A2       C2        2        0.51     164      1        50.2     48.40      52.10       0.771      0.246      0.45           1          220        0.00     9.87       20.59      1053.5     771.5      282.0      0.904     c3:10.26; c2:0.36
38  T1109TS037_2o      037     Wallner              0.477    0.477    2        A2       C2        2        0.21     150      2        51.9     48.80      55.60       0.854      0.262      0.50           1          220        0.00     9.87       20.63      -69.4      194.9      -264.3     0.908     c3:10.24; c2:0.14
39  T1109TS444_5o      444     CoDock               0.475    0.475    2        A2       C2        2        0.29     170      1        50.2     45.30      56.20       0.807      0.264      0.50           1          220        0.00     9.93       20.63      51.4       463.6      -412.2     0.899     c3:10.35; c2:0.21
40  T1109TS091_5o      091     UNRES                0.475    0.475    2        A2       C2        2        1.19     154      1        49.7     47.50      52.10       0.769      0.242      0.44           1          220        0.00     9.90       20.61      807.4      549.6      257.8      0.901     c3:9.78; c2:0.71
41  T1109TS091_4o      091     UNRES                0.471    0.471    2        A2       C2        2        0.46     145      1        51.0     49.40      52.80       0.763      0.251      0.45           1          220        0.00     9.86       20.64      1104.6     710.6      394.1      0.904     c3:10.27; c2:0.33
42  T1109TS278_1o      278     PEZYFoldings         0.469    0.469    2        A2       C2        2        0.10     163      1        48.5     46.00      51.40       0.820      0.249      0.50           1          220        0.00     9.90       20.63      15.9       106.2      -90.4      0.897     c3:10.27; c2:0.07
43  T1109TS131_5o      131s    Kiharalab_Server     0.469    0.469    2        A2       C2        2        0.05     157      1        49.8     48.40      51.40       0.826      0.248      0.50           1          220        0.00     9.83       20.62      -148.6     -18.4      -130.2     0.897     c3:10.21; c2:0.04
44  T1109TS119_3o      119     Kiharalab            0.469    0.469    2        A2       C2        2        0.05     155      1        49.0     46.80      51.40       0.830      0.246      0.48           1          220        0.00     9.83       20.71      -146.1     -197.7     51.6       0.900     c3:10.24; c2:0.03
45  T1109TS131_2o      131s    Kiharalab_Server     0.469    0.469    2        A2       C2        2        0.05     155      1        49.0     46.80      51.40       0.830      0.246      0.48           1          220        0.00     9.83       20.71      -110.7     -110.6     -0.1       0.900     c3:10.23; c2:0.03
46  T1109TS462_1o      462s    MultiFOLD            0.466    0.466    2        A2       C2        2        0.02     161      1        48.3     44.00      53.50       0.838      0.254      0.47           1          220        0.00     9.83       20.53      -142.3     79.3       -221.5     0.903     c3:10.23; c2:0.01
47  T1109TS180_1o      180     McGuffin             0.466    0.466    2        A2       C2        2        0.02     161      1        48.3     44.00      53.50       0.838      0.254      0.47           1          220        0.00     9.83       20.53      -142.3     79.3       -221.5     0.903     c3:10.23; c2:0.01
48  T1109TS003_2o      003     MULTICOM_human       0.466    0.466    2        A2       C2        2        0.10     158      2        47.9     44.80      51.40       0.834      0.249      0.48           1          220        0.00     9.83       20.53      -14.9      1.2        -16.1      0.905     c3:10.24; c2:0.07
49  T1109TS180_2o      180     McGuffin             0.465    0.465    2        A2       C2        2        0.02     158      1        49.2     44.60      54.90       0.836      0.259      0.49           1          220        0.00     9.84       20.54      -166.6     103.3      -270.0     0.903     c3:10.23; c2:0.01
50  T1109TS201_3o      201     UTMB                 0.465    0.465    2        A2       C2        2        0.03     156      1        50.6     47.00      54.90       0.843      0.258      0.48           1          220        0.00     9.82       20.59      109.7      215.7      -106.0     0.905     c3:10.23; c2:0.02
51  T1109TS462_2o      462s    MultiFOLD            0.465    0.465    2        A2       C2        2        0.02     158      1        49.2     44.60      54.90       0.836      0.259      0.49           1          220        0.00     9.84       20.54      -166.6     103.3      -270.0     0.903     c3:10.23; c2:0.01
52  T1109TS188_5o      188s    GuijunLab-DeepDA     0.465    0.465    2        A2       C2        2        1.11     156      1        45.9     42.40      50.00       0.831      0.242      0.46           1          220        0.00     9.78       20.58      -251.6     -95.0      -156.6     0.902     c3:10.03; c2:0.77
53  T1109TS125_2o      125s    UltraFold_Server     0.464    0.464    2        A2       C2        2        0.04     151      1        48.2     45.90      50.70       0.834      0.246      0.48           1          220        0.00     9.82       20.54      -298.2     -75.4      -222.8     0.902     c3:10.21; c2:0.03
54  T1109TS444_1o      444     CoDock               0.464    0.464    2        A2       C2        2        0.29     162      1        49.4     44.40      55.60       0.812      0.262      0.50           1          220        0.00     9.93       20.68      240.1      547.0      -306.9     0.901     c3:10.37; c2:0.20
55  T1109TS477_1o      477     DMP                  0.464    0.464    2        A2       C2        2        0.02     157      1        50.2     45.30      56.20       0.837      0.263      0.47           1          220        0.00     9.86       20.56      -1168.9    -304.5     -864.4     0.903     c3:9.64; c2:0.01
56  T1109TS091_2o      091     UNRES                0.464    0.464    2        A2       C2        2        0.70     162      1        49.8     47.80      52.10       0.767      0.249      0.46           1          220        0.00     9.85       20.66      1275.4     921.3      354.1      0.900     c3:10.16; c2:0.47
57  T1109TS180_5o      180     McGuffin             0.464    0.464    2        A2       C2        2        0.02     162      1        48.9     45.00      53.50       0.837      0.254      0.48           1          220        0.00     9.84       20.53      -158.6     81.8       -240.5     0.903     c3:10.24; c2:0.01
58  T1109TS462_5o      462s    MultiFOLD            0.464    0.464    2        A2       C2        2        0.02     162      1        48.9     45.00      53.50       0.837      0.254      0.48           1          220        0.00     9.84       20.53      -158.6     81.8       -240.5     0.903     c3:10.24; c2:0.01
59  T1109TS298_5o      298s    MUFold               0.464    0.464    2        A2       C2        2        0.03     164      1        48.2     45.40      51.40       0.845      0.248      0.49           1          220        0.00     9.79       20.48      -155.6     -85.5      -70.1      0.905     c3:10.23; c2:0.02
60  T1109TS360_3o      360     MUFold_H             0.464    0.464    2        A2       C2        2        0.03     167      2        51.1     46.80      56.20       0.843      0.264      0.48           1          220        0.00     9.82       20.52      -132.3     -116.7     -15.6      0.906     c3:10.26; c2:0.02
61  T1109TS360_1o      360     MUFold_H             0.463    0.463    2        A2       C2        2        0.09     164      2        50.8     46.30      56.20       0.845      0.264      0.48           1          220        0.00     9.82       20.49      -128.9     8.9        -137.8     0.905     c3:10.25; c2:0.06
62  T1109TS348_1o      348     Takeda-Shitaka_Lab   0.463    0.463    2        A2       C2        2        0.02     152      1        48.5     46.50      50.70       0.839      0.246      0.49           1          220        0.00     9.83       20.55      -229.1     -132.8     -96.3      0.903     c3:10.23; c2:0.02
63  T1109TS125_3o      125s    UltraFold_Server     0.463    0.463    2        A2       C2        2        0.04     164      1        50.8     46.80      55.60       0.855      0.262      0.48           1          220        0.00     9.79       20.54      -107.5     -123.0     15.5       0.914     c3:10.28; c2:0.03
64  T1109TS374_5o      374     Zheng                0.463    0.463    2        A2       C2        2        0.05     164      2        51.7     47.40      56.90       0.838      0.266      0.48           1          220        0.00     9.86       20.57      19.9       185.1      -165.2     0.905     c3:10.21; c2:0.03
65  T1109TS187_5o      187     TRFold               0.463    0.463    2        A2       C2        2        0.06     165      2        51.3     47.60      55.60       0.829      0.264      0.48           1          220        0.00     9.84       20.46      50.3       238.1      -187.7     0.903     c3:10.24; c2:0.04
66  T1109TS423_5o      423     trComplex            0.463    0.463    2        A2       C2        2        0.06     165      2        51.3     47.60      55.60       0.829      0.264      0.48           1          220        0.00     9.84       20.46      50.3       238.1      -187.7     0.903     c3:10.24; c2:0.04
67  T1109TS188_4o      188s    GuijunLab-DeepDA     0.463    0.463    2        A2       C2        2        1.14     160      1        47.1     42.10      53.50       0.827      0.254      0.48           1          220        0.00     9.83       20.63      -387.9     -80.0      -307.9     0.900     c3:9.96; c2:0.78
68  T1109TS439_1o      439     Yang                 0.463    0.463    2        A2       C2        2        0.03     160      1        50.8     47.30      54.90       0.817      0.259      0.48           1          220        0.00     9.86       20.56      -164.3     -820.9     656.5      0.903     c3:10.22; c2:0.02
69  T1109TS288_5o      288s    DFolding-server      0.463    0.463    2        A2       C2        2        0.17     160      1        50.0     45.50      55.60       0.836      0.262      0.48           1          220        0.00     9.84       20.53      -22.4      85.5       -107.8     0.905     c3:10.25; c2:0.12
70  T1109TS180_3o      180     McGuffin             0.463    0.463    2        A2       C2        2        0.02     159      1        50.6     46.50      55.60       0.837      0.261      0.48           1          220        0.00     9.84       20.53      -151.2     63.0       -214.1     0.903     c3:10.23; c2:0.01
71  T1109TS462_3o      462s    MultiFOLD            0.463    0.463    2        A2       C2        2        0.02     159      1        50.6     46.50      55.60       0.837      0.261      0.48           1          220        0.00     9.84       20.53      -151.2     63.0       -214.1     0.903     c3:10.23; c2:0.01
72  T1109TS461_1o      461     colabfold_human      0.462    0.462    2        A2       C2        2        0.01     160      2        50.5     45.80      56.20       0.836      0.263      0.48           1          220        0.00     9.86       20.56      40.2       212.6      -172.4     0.903     c3:10.22; c2:0.01
73  T1109TS314_4o      314     Pierce               0.462    0.462    2        A2       C2        2        0.04     164      1        51.0     47.10      55.60       0.843      0.262      0.49           1          220        0.00     9.83       20.53      -43.4      31.4       -74.8      0.906     c3:10.25; c2:0.03
74  T1109TS446_4o      446s    ColabFold            0.462    0.462    2        A2       C2        2        0.03     157      2        49.7     45.90      54.20       0.837      0.256      0.49           1          220        0.00     9.80       20.57      109.8      168.6      -58.9      0.905     c3:10.23; c2:0.02
75  T1109TS091_1o      091     UNRES                0.462    0.462    2        A2       C2        2        0.44     153      1        51.0     50.70      51.40       0.778      0.248      0.45           1          220        0.00     9.85       20.56      903.8      619.5      284.2      0.903     c3:10.25; c2:0.30
76  T1109TS125_5o      125s    UltraFold_Server     0.462    0.462    2        A2       C2        2        0.04     165      1        49.5     46.10      53.50       0.845      0.254      0.48           1          220        0.00     9.81       20.51      -207.3     -38.9      -168.4     0.904     c3:10.22; c2:0.03
77  T1109TS003_3o      003     MULTICOM_human       0.462    0.462    2        A2       C2        2        0.11     162      1        51.4     46.90      56.90       0.834      0.267      0.48           1          220        0.00     9.88       20.58      -3.1       166.0      -169.2     0.903     c3:10.25; c2:0.08
78  T1109TS446_1o      446s    ColabFold            0.462    0.462    2        A2       C2        2        0.01     160      2        50.5     45.80      56.20       0.836      0.263      0.48           1          220        0.00     9.86       20.56      40.2       212.6      -172.4     0.903     c3:10.22; c2:0.01
79  T1109TS461_4o      461     colabfold_human      0.462    0.462    2        A2       C2        2        0.03     157      2        49.7     45.90      54.20       0.837      0.256      0.49           1          220        0.00     9.80       20.57      109.8      168.6      -58.9      0.905     c3:10.23; c2:0.02
80  T1109TS360_4o      360     MUFold_H             0.462    0.462    2        A2       C2        2        0.04     165      2        51.3     47.10      56.20       0.844      0.264      0.48           1          220        0.00     9.81       20.52      -163.9     -53.9      -110.1     0.906     c3:10.25; c2:0.03
81  T1109TS003_5o      003     MULTICOM_human       0.462    0.462    2        A2       C2        2        0.02     162      1        49.4     45.30      54.20       0.841      0.257      0.48           1          220        0.00     9.79       20.53      -75.0      58.2       -133.2     0.906     c3:10.24; c2:0.01
82  T1109TS288_2o      288s    DFolding-server      0.462    0.462    2        A2       C2        2        0.10     163      1        50.3     46.00      55.60       0.835      0.259      0.46           1          220        0.00     9.87       20.58      -122.2     -30.4      -91.8      0.903     c3:10.23; c2:0.07
83  T1109TS003_1o      003     MULTICOM_human       0.462    0.462    2        A2       C2        2        0.03     163      1        50.0     45.90      54.90       0.840      0.259      0.48           1          220        0.00     9.79       20.52      -38.1      50.5       -88.6      0.906     c3:10.24; c2:0.02
84  T1109TS205_3o      205     Zou                  0.462    0.462    2        A2       C2        2        0.07     163      1        52.4     48.00      57.60       0.842      0.267      0.48           1          220        0.00     9.83       20.50      -381.1     -349.2     -31.9      0.906     c3:10.26; c2:0.05
85  T1109TS201_1o      201     UTMB                 0.462    0.462    2        A2       C2        2        0.03     160      1        48.6     45.00      52.80       0.838      0.251      0.47           1          220        0.00     9.87       20.58      58.3       240.8      -182.4     0.903     c3:10.22; c2:0.02
86  T1109TS423_4o      423     trComplex            0.461    0.461    2        A2       C2        2        0.14     161      1        48.6     44.50      53.50       0.793      0.255      0.46           1          220        0.00     9.84       20.49      3.1        213.2      -210.1     0.891     c3:10.11; c2:0.10
87  T1109TS374_4o      374     Zheng                0.461    0.461    2        A2       C2        2        0.04     154      1        49.4     44.90      54.90       0.836      0.258      0.46           1          220        0.00     9.88       20.66      -108.3     16.6       -124.9     0.903     c3:10.22; c2:0.03
88  T1109TS003_4o      003     MULTICOM_human       0.461    0.461    2        A2       C2        2        0.06     158      1        50.0     46.40      54.20       0.833      0.258      0.50           1          220        0.00     9.88       20.63      97.9       345.9      -248.0     0.903     c3:10.26; c2:0.04
89  T1109TS180_4o      180     McGuffin             0.461    0.461    2        A2       C2        2        0.02     159      1        48.4     44.30      53.50       0.837      0.254      0.47           1          220        0.00     9.83       20.54      -90.2      143.1      -233.2     0.903     c3:10.22; c2:0.01
90  T1109TS288_3o      288s    DFolding-server      0.461    0.461    2        A2       C2        2        0.38     161      1        50.9     46.60      56.20       0.837      0.263      0.47           1          220        0.00     9.84       20.55      -220.8     -91.3      -129.6     0.904     c3:10.21; c2:0.27
91  T1109TS239_2o      239s    Yang-Multimer        0.461    0.461    2        A2       C2        2        0.05     158      1        52.2     50.30      54.20       0.820      0.256      0.46           1          220        0.00     9.86       20.60      -191.4     -930.8     739.4      0.903     c3:10.23; c2:0.04
92  T1109TS291_3o      291     Kozakov-Vajda        0.461    0.461    2        A2       C2        2        0.03     157      1        48.6     45.00      52.80       0.829      0.252      0.49           1          220        0.00     9.78       20.50      -823.3     -336.4     -486.9     0.904     c3:10.23; c2:0.02
93  T1109TS350_3o      350     ClusPro              0.461    0.461    2        A2       C2        2        0.03     157      1        48.6     45.00      52.80       0.829      0.252      0.49           1          220        0.00     9.78       20.50      -823.3     -336.4     -486.9     0.904     c3:10.23; c2:0.02
94  T1109TS187_4o      187     TRFold               0.461    0.461    2        A2       C2        2        0.14     161      1        48.6     44.50      53.50       0.793      0.255      0.46           1          220        0.00     9.84       20.49      3.1        213.2      -210.1     0.891     c3:10.11; c2:0.10
95  T1109TS288_1o      288s    DFolding-server      0.461    0.461    2        A2       C2        2        0.08     164      1        51.7     46.90      57.60       0.838      0.269      0.47           1          220        0.00     9.82       20.51      -258.1     -45.9      -212.2     0.904     c3:10.24; c2:0.05
96  T1109TS439_3o      439     Yang                 0.461    0.461    2        A2       C2        2        0.05     158      1        52.2     50.30      54.20       0.820      0.256      0.46           1          220        0.00     9.86       20.60      -191.4     -930.8     739.4      0.903     c3:10.23; c2:0.04
97  T1109TS360_2o      360     MUFold_H             0.461    0.461    2        A2       C2        2        0.04     165      2        51.1     46.80      56.20       0.844      0.262      0.48           1          220        0.00     9.82       20.49      -120.1     -3.5       -116.6     0.906     c3:10.24; c2:0.03
98  T1109TS288_4o      288s    DFolding-server      0.461    0.461    2        A2       C2        2        0.14     161      1        49.5     45.10      54.90       0.836      0.258      0.46           1          220        0.00     9.85       20.61      -98.0      -49.5      -48.4      0.904     c3:10.21; c2:0.10
99  T1109TS360_5o      360     MUFold_H             0.461    0.461    2        A2       C2        2        0.05     166      1        51.0     47.10      55.60       0.845      0.262      0.48           1          220        0.00     9.81       20.47      -231.7     -63.9      -167.8     0.905     c3:10.24; c2:0.03
100 T1109TS462_4o      462s    MultiFOLD            0.461    0.461    2        A2       C2        2        0.02     159      1        48.4     44.30      53.50       0.837      0.254      0.47           1          220        0.00     9.83       20.54      -90.2      143.1      -233.2     0.903     c3:10.22; c2:0.01
101 T1109TS158_5o      158s    MULTICOM_deep        0.460    0.460    2        A2       C2        2        0.04     160      1        49.7     45.90      54.20       0.839      0.256      0.48           1          220        0.00     9.82       20.53      -171.7     -65.3      -106.3     0.905     c3:10.22; c2:0.03
102 T1109TS390_4o      390s    NBIS-AF2-multimer    0.460    0.460    2        A2       C2        2        0.04     159      1        51.8     47.90      56.20       0.844      0.261      0.48           1          220        0.00     9.83       20.55      -230.0     -68.1      -161.8     0.905     c3:10.22; c2:0.03
103 T1109TS446_5o      446s    ColabFold            0.460    0.460    2        A2       C2        2        0.02     161      2        52.5     47.70      58.30       0.842      0.271      0.49           1          220        0.00     9.82       20.53      123.1      298.3      -175.1     0.906     c3:10.25; c2:0.02
104 T1109TS374_2o      374     Zheng                0.460    0.460    2        A2       C2        2        0.03     160      1        49.5     45.10      54.90       0.838      0.258      0.48           1          220        0.00     9.81       20.54      -477.2     -287.2     -190.0     0.904     c3:10.21; c2:0.02
105 T1109TS461_5o      461     colabfold_human      0.460    0.460    2        A2       C2        2        0.02     161      2        52.5     47.70      58.30       0.842      0.271      0.49           1          220        0.00     9.82       20.53      123.1      298.3      -175.1     0.906     c3:10.25; c2:0.02
106 T1109TS348_3o      348     Takeda-Shitaka_Lab   0.460    0.460    2        A2       C2        2        0.06     162      1        50.6     47.00      54.90       0.841      0.260      0.48           1          220        0.00     9.82       20.44      -204.9     -79.3      -125.6     0.904     c3:10.21; c2:0.04
107 T1109TS439_5o      439     Yang                 0.460    0.460    2        A2       C2        2        0.02     157      1        51.0     48.10      54.20       0.820      0.256      0.48           1          220        0.00     9.82       20.57      -259.7     -898.2     638.5      0.905     c3:10.23; c2:0.02
108 T1109TS201_5o      201     UTMB                 0.460    0.460    2        A2       C2        2        0.04     162      1        51.6     47.60      56.20       0.842      0.264      0.47           1          220        0.00     9.83       20.53      156.1      226.5      -70.5      0.906     c3:10.25; c2:0.03
109 T1109TS320_4o      320     Elofsson             0.460    0.460    2        A2       C2        2        0.04     159      1        51.8     47.90      56.20       0.844      0.261      0.48           1          220        0.00     9.83       20.55      -230.0     -68.1      -161.8     0.905     c3:10.22; c2:0.03
110 T1109TS390_1o      390s    NBIS-AF2-multimer    0.459    0.459    2        A2       C2        2        0.03     161      1        50.8     47.90      54.20       0.838      0.257      0.48           1          220        0.00     9.84       20.52      -265.8     -124.7     -141.0     0.903     c3:10.20; c2:0.02
111 T1109TS320_2o      320     Elofsson             0.459    0.459    2        A2       C2        2        0.03     160      1        48.9     45.00      53.50       0.839      0.254      0.48           1          220        0.00     9.84       20.56      -101.6     -6.4       -95.2      0.904     c3:10.22; c2:0.02
112 T1109TS367_5o      367     MULTICOM             0.459    0.459    2        A2       C2        2        0.02     158      1        48.2     44.90      52.10       0.839      0.249      0.48           1          220        0.00     9.83       20.54      -293.8     -194.9     -98.9      0.903     c3:10.21; c2:0.02
113 T1109TS037_1o      037     Wallner              0.459    0.459    2        A2       C2        2        0.18     159      1        49.2     45.10      54.20       0.838      0.254      0.48           1          220        0.00     9.86       20.58      -251.8     -102.6     -149.2     0.903     c3:10.14; c2:0.12
114 T1109TS298_3o      298s    MUFold               0.459    0.459    2        A2       C2        2        0.03     161      1        48.5     45.50      52.10       0.844      0.249      0.48           1          220        0.00     9.80       20.53      -332.7     -198.5     -134.3     0.905     c3:10.21; c2:0.02
115 T1109TS201_2o      201     UTMB                 0.459    0.459    2        A2       C2        2        0.03     156      1        51.1     47.30      55.60       0.842      0.262      0.45           1          220        0.00     9.85       20.52      66.7       155.2      -88.6      0.904     c3:10.23; c2:0.02
116 T1109TS054_5o      054     UltraFold            0.459    0.459    2        A2       C2        2        0.04     160      1        49.4     45.80      53.50       0.841      0.254      0.48           1          220        0.00     9.80       20.53      -371.3     -215.7     -155.6     0.905     c3:10.22; c2:0.03
117 T1109TS125_1o      125s    UltraFold_Server     0.459    0.459    2        A2       C2        2        0.04     160      1        49.4     45.80      53.50       0.841      0.254      0.48           1          220        0.00     9.80       20.53      -371.3     -215.7     -155.6     0.905     c3:10.22; c2:0.03
118 T1109TS291_2o      291     Kozakov-Vajda        0.459    0.459    2        A2       C2        2        0.08     153      1        48.9     45.50      52.80       0.830      0.251      0.48           1          220        0.00     9.83       20.60      -709.8     -273.6     -436.2     0.904     c3:10.23; c2:0.05
119 T1109TS298_4o      298s    MUFold               0.459    0.459    2        A2       C2        2        0.04     162      1        48.2     45.40      51.40       0.844      0.247      0.48           1          220        0.00     9.81       20.50      -283.9     -130.7     -153.2     0.905     c3:10.22; c2:0.03
120 T1109TS320_5o      320     Elofsson             0.459    0.459    2        A2       C2        2        0.03     160      1        51.1     47.30      55.60       0.841      0.262      0.48           1          220        0.00     9.81       20.47      -393.5     -157.3     -236.2     0.906     c3:10.23; c2:0.02
121 T1109TS350_2o      350     ClusPro              0.459    0.459    2        A2       C2        2        0.08     153      1        48.9     45.50      52.80       0.830      0.251      0.48           1          220        0.00     9.83       20.60      -709.8     -273.6     -436.2     0.904     c3:10.23; c2:0.05
122 T1109TS298_2o      298s    MUFold               0.459    0.459    2        A2       C2        2        0.03     160      1        48.4     45.20      52.10       0.838      0.250      0.48           1          220        0.00     9.84       20.52      -246.5     -118.9     -127.6     0.903     c3:10.21; c2:0.02
123 T1109TS390_3o      390s    NBIS-AF2-multimer    0.459    0.459    2        A2       C2        2        0.04     160      1        48.9     45.00      53.50       0.839      0.254      0.48           1          220        0.00     9.82       20.52      -252.3     -166.3     -86.0      0.905     c3:10.22; c2:0.03
124 T1109TS158_4o      158s    MULTICOM_deep        0.459    0.459    2        A2       C2        2        0.23     160      1        48.5     45.50      52.10       0.841      0.249      0.48           1          220        0.00     9.81       20.51      -245.1     -196.6     -48.5      0.904     c3:10.21; c2:0.16
125 T1109TS298_1o      298s    MUFold               0.459    0.459    2        A2       C2        2        0.04     160      1        49.4     46.30      52.80       0.839      0.252      0.48           1          220        0.00     9.83       20.51      -295.0     -161.4     -133.6     0.903     c3:10.20; c2:0.03
126 T1109TS390_2o      390s    NBIS-AF2-multimer    0.459    0.459    2        A2       C2        2        0.03     160      1        48.9     45.00      53.50       0.839      0.254      0.48           1          220        0.00     9.84       20.56      -101.6     -6.4       -95.2      0.904     c3:10.22; c2:0.02
127 T1109TS399_5o      399     BeijingAIProtein     0.459    0.459    2        A2       C2        2        0.04     160      1        49.4     45.80      53.50       0.841      0.254      0.48           1          220        0.00     9.80       20.53      -371.3     -215.7     -155.6     0.905     c3:10.22; c2:0.03
128 T1109TS205_1o      205     Zou                  0.459    0.459    2        A2       C2        2        0.03     166      1        51.8     47.90      56.20       0.839      0.265      0.48           1          220        0.00     9.83       20.45      -413.2     -228.8     -184.4     0.904     c3:10.21; c2:0.02
129 T1109TS348_5o      348     Takeda-Shitaka_Lab   0.459    0.459    2        A2       C2        2        0.03     160      1        51.1     47.30      55.60       0.841      0.262      0.48           1          220        0.00     9.81       20.47      -420.6     -244.7     -175.9     0.906     c3:10.23; c2:0.02
130 T1109TS439_4o      439     Yang                 0.459    0.459    2        A2       C2        2        0.05     158      1        52.3     49.40      55.60       0.822      0.262      0.45           1          220        0.00     9.86       20.55      101.7      -640.1     741.9      0.904     c3:10.22; c2:0.03
131 T1109TS348_4o      348     Takeda-Shitaka_Lab   0.459    0.459    2        A2       C2        2        0.03     161      1        50.2     47.20      53.50       0.841      0.256      0.48           1          220        0.00     9.83       20.43      -209.4     -50.1      -159.2     0.904     c3:10.20; c2:0.02
132 T1109TS390_5o      390s    NBIS-AF2-multimer    0.459    0.459    2        A2       C2        2        0.03     160      1        51.1     47.30      55.60       0.841      0.262      0.48           1          220        0.00     9.81       20.47      -393.5     -157.3     -236.2     0.906     c3:10.23; c2:0.02
133 T1109TS446_3o      446s    ColabFold            0.459    0.459    2        A2       C2        2        0.02     157      4        51.3     47.10      56.20       0.826      0.263      0.47           1          220        0.00     9.85       20.59      -47.0      31.7       -78.7      0.904     c3:10.23; c2:0.02
134 T1109TS461_3o      461     colabfold_human      0.459    0.459    2        A2       C2        2        0.02     157      4        51.3     47.10      56.20       0.826      0.263      0.47           1          220        0.00     9.85       20.59      -47.0      31.7       -78.7      0.904     c3:10.23; c2:0.02
135 T1109TS125_4o      125s    UltraFold_Server     0.459    0.459    2        A2       C2        2        0.03     161      1        50.8     47.90      54.20       0.843      0.257      0.48           1          220        0.00     9.79       20.44      -381.4     -133.2     -248.2     0.905     c3:10.21; c2:0.02
136 T1109TS320_3o      320     Elofsson             0.459    0.459    2        A2       C2        2        0.04     160      1        48.9     45.00      53.50       0.839      0.254      0.48           1          220        0.00     9.82       20.52      -252.3     -166.3     -86.0      0.905     c3:10.22; c2:0.03
137 T1109TS320_1o      320     Elofsson             0.459    0.459    2        A2       C2        2        0.03     161      1        50.8     47.90      54.20       0.838      0.257      0.48           1          220        0.00     9.84       20.52      -265.8     -124.7     -141.0     0.903     c3:10.20; c2:0.02
138 T1109TS205_2o      205     Zou                  0.459    0.459    2        A2       C2        2        0.04     165      1        51.9     48.20      56.20       0.843      0.264      0.48           1          220        0.00     9.80       20.47      -447.7     -257.9     -189.8     0.905     c3:10.22; c2:0.03
139 T1109TS201_4o      201     UTMB                 0.459    0.459    2        A2       C2        2        0.03     157      1        50.2     46.70      54.20       0.838      0.255      0.47           1          220        0.00     9.84       20.61      -280.7     -43.6      -237.0     0.904     c3:10.20; c2:0.02
140 T1109TS188_3o      188s    GuijunLab-DeepDA     0.458    0.458    2        A2       C2        2        0.04     160      1        47.6     44.30      51.40       0.843      0.247      0.48           1          220        0.00     9.81       20.54      -268.2     -123.1     -145.1     0.905     c3:10.21; c2:0.03
141 T1109TS169_4o      169     GuijunLab-Human      0.458    0.458    2        A2       C2        2        0.14     160      1        49.5     46.10      53.50       0.841      0.254      0.48           1          220        0.00     9.81       20.53      -263.4     -212.7     -50.7      0.904     c3:10.20; c2:0.10
142 T1109TS035_1o      035s    Manifold-E           0.458    0.458    2        A2       C2        2        0.03     158      1        48.2     44.90      52.10       0.839      0.249      0.48           1          220        0.00     9.83       20.55      -128.6     -55.4      -73.2      0.903     c3:10.21; c2:0.02
143 T1109TS071_2o      071s    RaptorX-Multimer     0.458    0.458    2        A2       C2        2        0.02     160      2        50.8     45.80      56.90       0.839      0.267      0.48           1          220        0.00     9.80       20.42      -183.4     20.5       -203.9     0.904     c3:10.21; c2:0.01
144 T1109TS248_2o      248     Manifold             0.458    0.458    2        A2       C2        2        0.03     158      1        48.2     44.90      52.10       0.839      0.249      0.48           1          220        0.00     9.83       20.55      -128.6     -55.4      -73.2      0.903     c3:10.21; c2:0.02
145 T1109TS071_5o      071s    RaptorX-Multimer     0.458    0.458    2        A2       C2        2        0.05     164      4        52.2     47.70      57.60       0.836      0.269      0.49           1          220        0.00     9.82       20.50      -187.8     -9.2       -178.5     0.903     c3:10.19; c2:0.04
146 T1109TS461_2o      461     colabfold_human      0.458    0.458    2        A2       C2        2        0.08     154      2        50.6     46.50      55.60       0.832      0.262      0.45           1          220        0.00     9.86       20.50      115.6      178.4      -62.8      0.905     c3:10.24; c2:0.05
147 T1109TS169_2o      169     GuijunLab-Human      0.458    0.458    2        A2       C2        2        0.05     162      1        49.5     46.10      53.50       0.841      0.254      0.48           1          220        0.00     9.81       20.49      -228.6     -113.4     -115.2     0.905     c3:10.22; c2:0.03
148 T1109TS169_1o      169     GuijunLab-Human      0.458    0.458    2        A2       C2        2        0.04     160      1        47.6     44.30      51.40       0.843      0.247      0.48           1          220        0.00     9.81       20.54      -268.2     -123.1     -145.1     0.905     c3:10.21; c2:0.03
149 T1109TS098_1o      098s    GuijunLab-Assembly   0.458    0.458    2        A2       C2        2        0.01     160      1        48.1     44.60      52.10       0.843      0.249      0.48           1          220        0.00     9.81       20.54      -252.3     -97.6      -154.6     0.905     c3:10.21; c2:0.01
150 T1109TS098_5o      098s    GuijunLab-Assembly   0.458    0.458    2        A2       C2        2        0.05     162      1        49.5     46.10      53.50       0.841      0.254      0.48           1          220        0.00     9.81       20.49      -228.6     -113.4     -115.2     0.905     c3:10.22; c2:0.03
151 T1109TS054_2o      054     UltraFold            0.458    0.458    2        A2       C2        2        0.06     165      2        51.8     47.90      56.20       0.841      0.265      0.49           1          220        0.00     9.80       20.45      -68.2      64.3       -132.4     0.907     c3:10.24; c2:0.04
152 T1109TS367_4o      367     MULTICOM             0.458    0.458    2        A2       C2        2        0.02     160      1        47.6     44.30      51.40       0.839      0.247      0.48           1          220        0.00     9.83       20.54      -132.1     -45.4      -86.7      0.903     c3:10.21; c2:0.02
153 T1109TS098_4o      098s    GuijunLab-Assembly   0.458    0.458    2        A2       C2        2        0.14     160      1        49.5     46.10      53.50       0.841      0.254      0.48           1          220        0.00     9.81       20.53      -263.4     -212.7     -50.7      0.904     c3:10.20; c2:0.10
154 T1109TS446_2o      446s    ColabFold            0.458    0.458    2        A2       C2        2        0.08     154      2        50.6     46.50      55.60       0.832      0.262      0.45           1          220        0.00     9.86       20.50      115.6      178.4      -62.8      0.905     c3:10.24; c2:0.05
155 T1109TS399_2o      399     BeijingAIProtein     0.458    0.458    2        A2       C2        2        0.06     165      2        51.8     47.90      56.20       0.841      0.265      0.49           1          220        0.00     9.80       20.45      -68.2      64.3       -132.4     0.907     c3:10.24; c2:0.04
156 T1109TS350_4o      350     ClusPro              0.457    0.457    2        A2       C2        2        0.02     155      1        50.5     46.20      55.60       0.830      0.262      0.49           1          220        0.00     9.80       20.50      -840.4     -299.8     -540.6     0.906     c3:10.24; c2:0.02
157 T1109TS348_2o      348     Takeda-Shitaka_Lab   0.457    0.457    2        A2       C2        2        0.05     156      1        50.2     47.20      53.50       0.837      0.253      0.50           1          220        0.00     9.81       20.63      -244.8     -169.9     -74.8      0.903     c3:10.23; c2:0.04
158 T1109TS291_4o      291     Kozakov-Vajda        0.457    0.457    2        A2       C2        2        0.02     155      1        50.5     46.20      55.60       0.830      0.262      0.49           1          220        0.00     9.80       20.50      -840.4     -299.8     -540.6     0.906     c3:10.24; c2:0.02
159 T1109TS399_3o      399     BeijingAIProtein     0.457    0.457    2        A2       C2        2        0.03     161      1        50.5     46.20      55.60       0.839      0.262      0.48           1          220        0.00     9.83       20.51      -232.4     -97.9      -134.5     0.903     c3:10.22; c2:0.02
160 T1109TS054_3o      054     UltraFold            0.457    0.457    2        A2       C2        2        0.03     161      1        50.5     46.20      55.60       0.839      0.262      0.48           1          220        0.00     9.83       20.51      -232.4     -97.9      -134.5     0.903     c3:10.22; c2:0.02
161 T1109TS071_1o      071s    RaptorX-Multimer     0.457    0.457    2        A2       C2        2        0.04     159      2        54.4     50.90      58.30       0.831      0.269      0.51           1          220        0.00     9.79       20.59      -311.8     -87.7      -224.1     0.903     c3:10.20; c2:0.03
162 T1109TS291_1o      291     Kozakov-Vajda        0.457    0.457    2        A2       C2        2        0.05     158      1        49.5     45.10      54.90       0.829      0.260      0.47           1          220        0.00     9.81       20.49      -690.1     -187.1     -503.0     0.906     c3:10.23; c2:0.03
163 T1109TS071_3o      071s    RaptorX-Multimer     0.457    0.457    2        A2       C2        2        0.02     165      2        51.7     46.90      57.60       0.832      0.268      0.49           1          220        0.00     9.80       20.49      -228.6     -102.4     -126.2     0.904     c3:10.21; c2:0.01
164 T1109TS071_4o      071s    RaptorX-Multimer     0.457    0.457    2        A2       C2        2        0.03     166      2        52.0     47.40      57.60       0.836      0.268      0.49           1          220        0.00     9.79       20.53      -256.9     -29.2      -227.7     0.904     c3:10.21; c2:0.02
165 T1109TS350_1o      350     ClusPro              0.457    0.457    2        A2       C2        2        0.05     158      1        49.5     45.10      54.90       0.829      0.260      0.47           1          220        0.00     9.81       20.49      -690.1     -187.1     -503.0     0.906     c3:10.23; c2:0.03
166 T1109TS291_5o      291     Kozakov-Vajda        0.456    0.456    2        A2       C2        2        0.05     160      1        49.7     46.40      53.50       0.831      0.254      0.49           1          220        0.00     9.78       20.50      -824.8     -264.3     -560.5     0.904     c3:10.21; c2:0.03
167 T1109TS494_3o      494     Venclovas            0.456    0.456    2        A2       C2        2        0.05     162      1        51.0     48.10      54.20       0.843      0.258      0.48           1          220        0.00     9.77       20.39      -316.1     -119.7     -196.4     0.905     c3:10.22; c2:0.03
168 T1109TS385_1o      385     FoldEver-Hybrid      0.456    0.456    2        A2       C2        2        0.01     167      4        47.5     45.30      50.00       0.823      0.242      0.46           1          220        0.00     9.96       20.77      -249.5     -10.0      -239.6     0.905     c3:10.28; c2:0.00
169 T1109TS350_5o      350     ClusPro              0.456    0.456    2        A2       C2        2        0.05     160      1        49.7     46.40      53.50       0.831      0.254      0.49           1          220        0.00     9.78       20.50      -824.8     -264.3     -560.5     0.904     c3:10.21; c2:0.03
170 T1109TS367_1o      367     MULTICOM             0.453    0.453    2        A2       C2        2        0.02     164      2        46.4     43.80      49.30       0.831      0.239      0.45           1          220        0.00     9.89       20.70      -432.1     -204.9     -227.3     0.904     c3:10.27; c2:0.02
171 T1109TS444_2o      444     CoDock               0.453    0.453    2        A2       C2        2        0.22     162      0        48.4     44.70      52.80       0.811      0.253      0.48           1          220        0.00     9.97       20.67      181.3      334.9      -153.5     0.900     c3:10.27; c2:0.13
172 T1109TS158_2o      158s    MULTICOM_deep        0.452    0.452    2        A2       C2        2        0.02     165      2        46.1     43.30      49.30       0.831      0.239      0.45           1          220        0.00     9.89       20.71      -418.2     -191.0     -227.2     0.904     c3:10.27; c2:0.01
173 T1109TS086_5o      086s    MULTICOM_qa          0.452    0.452    2        A2       C2        2        0.02     162      2        44.2     41.10      47.90       0.831      0.234      0.47           1          220        0.00     9.89       20.73      -383.1     -136.1     -247.0     0.903     c3:10.27; c2:0.01
174 T1109TS158_1o      158s    MULTICOM_deep        0.452    0.452    2        A2       C2        2        0.02     162      2        46.1     43.30      49.30       0.831      0.239      0.45           1          220        0.00     9.89       20.70      -423.4     -203.1     -220.2     0.904     c3:10.27; c2:0.02
175 T1109TS086_3o      086s    MULTICOM_qa          0.452    0.452    2        A2       C2        2        0.02     162      2        46.1     43.30      49.30       0.831      0.239      0.45           1          220        0.00     9.89       20.70      -423.4     -203.1     -220.2     0.904     c3:10.27; c2:0.02
176 T1109TS367_3o      367     MULTICOM             0.452    0.452    2        A2       C2        2        0.02     163      2        46.1     43.30      49.30       0.832      0.239      0.45           1          220        0.00     9.89       20.70      -431.7     -203.6     -228.1     0.904     c3:10.27; c2:0.02
177 T1109TS086_4o      086s    MULTICOM_qa          0.452    0.452    2        A2       C2        2        0.02     165      2        46.1     43.30      49.30       0.831      0.239      0.45           1          220        0.00     9.89       20.71      -418.2     -191.0     -227.2     0.904     c3:10.27; c2:0.01
178 T1109TS086_1o      086s    MULTICOM_qa          0.451    0.451    2        A2       C2        2        0.02     158      2        44.7     42.50      47.20       0.830      0.232      0.44           1          220        0.00     9.89       20.72      -260.6     59.6       -320.1     0.904     c3:10.26; c2:0.01
179 T1109TS158_3o      158s    MULTICOM_deep        0.451    0.451    2        A2       C2        2        0.02     158      2        44.7     42.50      47.20       0.830      0.232      0.44           1          220        0.00     9.89       20.72      -260.6     59.6       -320.1     0.904     c3:10.26; c2:0.01
180 T1109TS399_4o      399     BeijingAIProtein     0.451    0.451    2        A2       C2        2        0.04     161      1        47.1     44.40      50.00       0.827      0.246      0.49           1          220        0.00     9.84       20.48      -115.7     96.2       -211.9     0.900     c3:10.23; c2:0.03
181 T1109TS054_4o      054     UltraFold            0.451    0.451    2        A2       C2        2        0.04     161      1        47.1     44.40      50.00       0.827      0.246      0.49           1          220        0.00     9.84       20.48      -115.7     96.2       -211.9     0.900     c3:10.23; c2:0.03
182 T1109TS367_2o      367     MULTICOM             0.450    0.450    2        A2       C2        2        0.02     160      2        45.2     42.90      47.90       0.830      0.234      0.45           1          220        0.00     9.89       20.72      -265.4     65.2       -330.6     0.904     c3:10.26; c2:0.01
183 T1109TS086_2o      086s    MULTICOM_qa          0.450    0.450    2        A2       C2        2        0.03     157      2        43.3     41.00      45.80       0.830      0.227      0.44           1          220        0.00     9.89       20.72      -278.9     51.0       -329.8     0.904     c3:10.26; c2:0.02
184 T1109TS444_3o      444     CoDock               0.449    0.449    2        A2       C2        2        0.11     147      1        46.4     44.30      48.60       0.809      0.235      0.46           1          220        0.00     9.95       20.87      501.1      641.3      -140.2     0.901     c3:10.39; c2:0.08
185 T1109TS248_1o      248     Manifold             0.448    0.448    2        A2       C2        2        0.01     157      1        45.7     43.70      47.90       0.787      0.235      0.44           1          220        0.00     9.86       20.55      1063.2     804.3      258.9      0.901     c3:10.20; c2:0.01
186 T1109TS493_4o      493     Shen-CAPRI           0.448    0.448    2        A2       C2        2        3.42     137      0        47.2     45.20      49.30       0.815      0.244      0.47           1          220        0.00     9.90       20.81      115.3      161.9      -46.6      0.887     c3:9.18; c2:2.20
187 T1109TS314_1o      314     Pierce               0.447    0.447    2        A2       C2        2        0.00     160      1        48.2     45.40      51.40       0.809      0.244      0.46           1          220        0.00     9.93       20.79      -235.4     278.3      -513.7     0.896     c3:10.11; c2:0.00
188 T1109TS314_5o      314     Pierce               0.446    0.446    2        A2       C2        2        0.00     143      0        42.9     42.80      43.10       0.809      0.217      0.44           1          220        0.00     9.90       20.75      525.5      752.5      -227.0     0.896     c3:21.19; c2:0.00
189 T1109TS493_1o      493     Shen-CAPRI           0.445    0.445    2        A2       C2        2        2.77     147      0        47.4     45.00      50.00       0.811      0.240      0.45           1          220        0.00     9.91       20.60      48.5       90.0       -41.5      0.892     c3:9.86; c2:1.90
190 T1109TS205_4o      205     Zou                  0.444    0.444    2        A2       C2        2        1.69     127      1        43.7     45.20      42.40       0.755      0.216      0.44           1          220        0.00     9.72       20.55      1383.6     650.5      733.1      0.880     c3:10.23; c2:1.18
191 T1109TS493_3o      493     Shen-CAPRI           0.444    0.444    2        A2       C2        2        2.12     145      0        46.6     44.10      49.30       0.817      0.243      0.49           1          220        0.00     9.87       20.61      -20.8      37.9       -58.7      0.895     c3:10.04; c2:1.48
192 T1109TS314_3o      314     Pierce               0.443    0.443    2        A2       C2        2        0.00     167      1        49.0     45.80      52.80       0.808      0.249      0.46           1          220        0.00     9.94       20.82      1.7        394.4      -392.7     0.897     c3:20.77; c2:0.00
193 T1109TS399_1o      399     BeijingAIProtein     0.443    0.443    2        A2       C2        2        0.06     160      2        44.9     42.80      47.20       0.828      0.235      0.48           1          220        0.00     9.82       20.51      -144.7     60.2       -204.8     0.899     c3:10.26; c2:0.05
194 T1109TS054_1o      054     UltraFold            0.443    0.443    2        A2       C2        2        0.06     160      2        44.9     42.80      47.20       0.828      0.235      0.48           1          220        0.00     9.82       20.51      -144.7     60.2       -204.8     0.899     c3:10.26; c2:0.05
195 T1109TS248_3o      248     Manifold             0.442    0.442    2        A2       C2        2        0.00     154      1        45.7     43.70      47.90       0.788      0.235      0.44           1          220        0.00     9.85       20.56      1000.7     691.4      309.3      0.899     c3:10.21; c2:0.00
196 T1109TS314_2o      314     Pierce               0.441    0.441    2        A2       C2        2        0.00     162      0        50.5     47.80      53.50       0.812      0.252      0.48           1          220        0.00     9.93       20.75      0.2        425.7      -425.4     0.896     c3:20.88; c2:0.00
197 T1109TS248_4o      248     Manifold             0.435    0.435    2        A2       C2        2        3.11     259      5        44.0     35.30      58.30       0.827      0.457      0.62           2          442        0.06     3.90       6.28       -661.3     -536.3     -125.0     0.926     c3:9.71; c2:2.17
198 T1109TS035_3o      035s    Manifold-E           0.435    0.435    2        A2       C2        2        3.11     259      5        44.0     35.30      58.30       0.827      0.457      0.62           2          442        0.06     3.90       6.28       -661.3     -536.3     -125.0     0.926     c3:9.71; c2:2.17
199 T1109TS493_5o      493     Shen-CAPRI           0.428    0.428    2        A2       C2        2        2.25     135      0        42.7     41.70      43.80       0.803      0.222      0.42           1          220        0.00     9.90       20.47      177.5      272.8      -95.3      0.885     c3:9.64; c2:1.47
200 T1109TS312_4o      312     Fernandez-Recio      0.427    0.429    2        A2       C2        2        0.15     149      0        43.8     41.40      46.50       0.823      0.241      0.44           1          220        0.00     9.83       19.84      -1605.5    -588.6     -1016.9    0.895     c3:9.50; c2:0.10
201 T1109TS493_2o      493     Shen-CAPRI           0.427    0.427    2        A2       C2        2        2.38     138      0        39.7     39.90      39.60       0.803      0.208      0.42           1          220        0.00     9.85       20.60      296.4      311.6      -15.2      0.882     c3:10.32; c2:1.69
202 T1109TS312_5o      312     Fernandez-Recio      0.426    0.427    2        A2       C2        2        0.48     145      0        42.5     40.80      44.40       0.821      0.235      0.42           1          220        0.00     9.83       19.85      -1358.8    -417.8     -941.0     0.893     c3:9.35; c2:0.32
203 T1109TS073_4o      073s    DFolding-refine      0.423    0.423    2        A2       C2        2        2.39     138      0        43.1     41.80      44.40       0.727      0.218      0.41           1          220        0.00     9.89       20.82      994.8      124.6      870.2      0.878     c3:9.85; c2:1.63
204 T1109TS312_1o      312     Fernandez-Recio      0.420    0.422    2        A2       C2        2        0.21     143      0        42.5     40.80      44.40       0.820      0.232      0.42           1          220        0.00     9.83       19.89      -1516.0    -567.4     -948.6     0.892     c3:9.50; c2:0.15
205 T1109TS312_2o      312     Fernandez-Recio      0.419    0.421    2        A2       C2        2        0.21     142      0        40.0     39.10      41.00       0.820      0.222      0.41           1          220        0.00     9.85       19.87      -1162.8    -297.6     -865.2     0.891     c3:9.57; c2:0.15
206 T1109TS312_3o      312     Fernandez-Recio      0.417    0.419    2        A2       C2        2        0.50     140      0        38.8     38.00      39.60       0.818      0.217      0.40           1          220        0.00     9.85       19.90      -1282.4    -413.2     -869.2     0.890     c3:9.34; c2:0.33
207 T1109TS147_1o      147     SHT                  0.417    0.419    2        A2       C2        2        2.48     135      0        39.2     38.20      40.30       0.686      0.217      0.48           1          220        0.00     9.81       19.32      192.2      -67.7      259.9      0.873     c3:10.14; c2:1.75
208 T1109TS494_5o      494     Venclovas            0.404    0.510    2        A2       C2        2        3.36     184      0        44.4     40.90      48.60       0.655      0.367      0.46           2          424        0.03     5.58       7.12       -1260.3    -308.7     -951.6     0.850     c3:8.99; c2:2.35
209 T1109TS188_1o      188s    GuijunLab-DeepDA     0.403    0.403    2        A2       C2        2        1.11     127      0        33.7     35.70      31.90       0.801      0.181      0.37           1          220        0.00     9.83       20.63      348.4      282.8      65.6       0.896     c3:10.04; c2:0.77
210 T1109TS169_3o      169     GuijunLab-Human      0.403    0.403    2        A2       C2        2        1.11     127      0        33.7     35.70      31.90       0.801      0.181      0.37           1          220        0.00     9.83       20.63      348.4      282.8      65.6       0.896     c3:10.04; c2:0.77
211 T1109TS188_2o      188s    GuijunLab-DeepDA     0.402    0.402    2        A2       C2        2        1.36     122      0        35.7     40.40      31.90       0.798      0.183      0.38           1          220        0.00     9.83       20.64      558.0      316.5      241.5      0.895     c3:9.78; c2:0.89
212 T1109TS169_5o      169     GuijunLab-Human      0.402    0.402    2        A2       C2        2        1.36     122      0        35.7     40.40      31.90       0.798      0.183      0.38           1          220        0.00     9.83       20.64      558.0      316.5      241.5      0.895     c3:9.78; c2:0.89
213 T1109TS278_3o      278     PEZYFoldings         0.400    0.400    2        A2       C2        2        0.60     305      6        36.6     27.80      53.50       0.731      0.284      0.48           1          221        0.00     9.17       6.57       1207.9     427.3      780.5      0.840     c3:11.57; c2:0.42
214 T1109TS073_3o      073s    DFolding-refine      0.399    0.399    2        A2       C2        2        1.71     132      0        37.5     36.90      38.20       0.715      0.202      0.41           1          220        0.00     9.84       20.92      610.6      -330.3     940.9      0.867     c3:10.06; c2:1.20
215 T1109TS147_2o      147     SHT                  0.396    0.400    2        A2       C2        2        2.03     153      0        35.5     33.80      37.50       0.685      0.212      0.48           1          221        0.00     9.90       19.14      -407.4     -392.0     -15.4      0.872     c3:9.87; c2:1.43
216 T1109TS494_2o      494     Venclovas            0.389    0.389    2        A2       C2        2        0.20     302      2        46.2     34.60      69.40       0.741      0.341      0.50           1          221        0.00     9.36       6.68       422.1      276.6      145.5      0.851     c3:11.51; c2:0.14
217 T1109TS165_2o      165     FTBiot0119           0.373    0.373    2        A2       C2        2        3.42     202      2        41.3     36.80      47.20       0.636      0.238      0.47           1          221        0.00     9.30       17.49      -492.5     -521.9     29.5       0.846     c3:9.33; c2:2.41
218 T1109TS073_2o      073s    DFolding-refine      0.371    0.371    2        A2       C2        2        1.97     123      0        36.7     36.00      37.50       0.706      0.198      0.41           1          220        0.00     9.71       20.70      469.4      -677.4     1146.8     0.845     c3:10.01; c2:1.38
219 T1109TS165_1o      165     FTBiot0119           0.370    0.371    2        A2       C2        2        0.06     203      2        42.0     37.00      48.60       0.649      0.247      0.48           1          221        0.00     9.31       17.49      -484.8     -451.6     -33.1      0.856     c3:9.40; c2:0.04
220 T1109TS165_4o      165     FTBiot0119           0.369    0.369    2        A2       C2        2        0.07     206      2        41.1     36.80      46.50       0.649      0.236      0.48           1          221        0.00     9.37       17.45      -166.6     -212.4     45.9       0.847     c3:9.41; c2:0.04
221 T1109TS073_5o      073s    DFolding-refine      0.366    0.366    2        A2       C2        2        2.43     121      0        35.7     36.80      34.70       0.702      0.184      0.38           1          219        0.00     9.44       21.03      560.2      -441.4     1001.6     0.842     c3:10.39; c2:1.72
222 T1109TS205_5o      205     Zou                  0.363    0.363    2        A2       C2        2        2.88     99       0        36.4     39.20      34.00       0.713      0.186      0.39           1          220        0.00     9.64       20.76      1806.8     777.9      1028.9     0.825     c3:9.70; c2:1.92
223 T1109TS165_3o      165     FTBiot0119           0.358    0.358    2        A2       C2        2        2.52     216      2        40.4     35.60      46.50       0.636      0.232      0.47           1          221        0.00     9.31       17.51      -615.1     -331.7     -283.4     0.848     c3:9.38; c2:1.78
224 T1109TS073_1o      073s    DFolding-refine      0.357    0.357    2        A2       C2        2        1.80     116      0        32.4     32.90      31.90       0.705      0.180      0.38           1          220        0.00     9.74       20.68      409.0      -598.2     1007.2     0.851     c3:10.07; c2:1.27
225 T1109TS278_4o      278     PEZYFoldings         0.357    0.357    2        A2       C2        2        0.04     82       0        47.9     73.90      35.40       0.783      0.133      0.37           1          221        0.00     9.99       19.80      2908.7     978.9      1929.8     0.506     c3:10.99; c2:0.03
226 T1109TS494_4o      494     Venclovas            0.349    0.349    2        A2       C2        2        2.71     80       1        24.6     30.00      20.80       0.725      0.135      0.27           1          220        0.00     9.87       20.84      3043.3     1582.8     1460.5     0.843     c3:10.20; c2:1.91
227 T1109TS398_2o      398     ChaePred             0.327    0.327    2        A2       C2        2        2.66     102      3        20.6     23.90      18.10       0.748      0.129      0.32           1          220        0.00     9.84       20.57      1309.8     436.3      873.5      0.764     c3:8.86; c2:1.59
228 T1109TS398_3o      398     ChaePred             0.291    0.291    2        A2       C2        2        3.22     120      5        17.3     20.00      15.30       0.753      0.172      0.41           1          220        0.00     9.84       19.16      1140.9     447.7      693.2      0.795     c3:8.45; c2:1.89
229 T1109TS147_4o      147     SHT                  0.272    0.283    2        A2       C2        2        5.22     120      0        22.4     23.30      21.50       0.613      0.133      0.38           1          220        0.00     9.87       20.75      1774.2     181.1      1593.2     0.726     c3:9.57; c2:3.59
230 T1109TS147_3o      147     SHT                  0.269    0.280    2        A2       C2        2        5.22     110      0        25.0     26.60      23.60       0.617      0.141      0.38           1          220        0.00     9.73       20.62      1874.8     226.1      1648.8     0.739     c3:9.57; c2:3.60
231 T1109TS147_5o      147     SHT                  0.247    0.259    2        A2       C2        2        5.65     122      0        22.1     22.80      21.50       0.634      0.125      0.40           1          219        0.00     9.59       20.74      1353.9     114.7      1239.2     0.736     c3:9.71; c2:3.87
232 T1109TS398_5o      398     ChaePred             0.195    0.195    2        A2       C2        2        6.79     123      5        10.9     11.50      10.40       0.736      0.137      0.49           1          220        0.00     9.84       19.20      954.4      363.4      591.0      0.677     c3:7.95; c2:4.39
233 T1109TS423_3o      423     trComplex            0.064    0.064    2        A2       C2        2        0.27     53       0        1.9      3.10       1.40        0.652      0.026      0.24           1          219        0.00     9.58       21.88      2015.0     942.2      1072.8     0.498     c3:8.77; c2:0.19
234 T1109TS187_3o      187     TRFold               0.064    0.064    2        A2       C2        2        0.27     53       0        1.9      3.10       1.40        0.652      0.026      0.24           1          219        0.00     9.58       21.88      2015.0     942.2      1072.8     0.498     c3:8.77; c2:0.19
235 T1109TS423_2o      423     trComplex            0.054    0.054    2        A2       C2        2        0.48     52       1        2.1      4.50       1.40        0.676      0.024      0.25           1          219        0.00     9.47       22.98      2948.8     1511.7     1437.1     0.496     c3:8.90; c2:0.33
236 T1109TS423_1o      423     trComplex            0.054    0.054    2        A2       C2        2        0.27     57       1        2.1      4.10       1.40        0.659      0.025      0.25           1          219        0.00     9.62       23.24      3199.5     1658.6     1540.8     0.497     c3:8.91; c2:0.18
237 T1109TS187_1o      187     TRFold               0.054    0.054    2        A2       C2        2        0.27     57       1        2.1      4.10       1.40        0.659      0.025      0.25           1          219        0.00     9.62       23.24      3199.5     1658.6     1540.8     0.497     c3:8.91; c2:0.18
238 T1109TS187_2o      187     TRFold               0.054    0.054    2        A2       C2        2        0.48     52       1        2.1      4.50       1.40        0.676      0.024      0.25           1          219        0.00     9.47       22.98      2948.8     1511.7     1437.1     0.496     c3:8.90; c2:0.33
239 T1109TS165_5o      165     FTBiot0119           0.048    0.048    2        A2       C2        2        0.73     199      4        1.4      1.50       1.40        0.193      0.014      0.09           1          51         0.00     9.99       24.21      1561.3     -841.3     2402.6     0.241     c3:9.75; c2:0.49
240 T1109TS398_4o      398     ChaePred             0.027    0.027    2        A2       C2        2        1.56     139      2        1.5      1.60       1.40        0.729      0.017      0.10           1          220        0.00     9.84       25.08      881.0      -25.7      906.7      0.476     c3:8.08; c2:0.98
241 T1109TS098_2o      098s    GuijunLab-Assembly   0.025    0.025    2        A2       C2        2        0.00     2087     195      1.3      0.70       10.40       0.023      0.053      0.24           1          220        0.00     9.90       22.94      -4214.1    -1975.1    -2239.1    0.489     c3:10.81; c2:0.00
242 T1109TS098_3o      098s    GuijunLab-Assembly   0.013    0.013    2        A2       C2        2        0.00     2007     170      0.4      0.20       2.80        0.054      0.031      0.26           1          220        0.00     9.95       22.30      -4038.2    -1975.2    -2063.0    0.499     c3:10.16; c2:0.00
243 T1109TS234_1o      234     Panlab               0.000    0.000    2        A2       C1        2        0.00     4        0        0.0      0.00       0.00        0.663      0.005      0.03           1          220        0.00     9.52       30.07      932.6      -1457.2    2389.8     0.468     c3:39.32; c2:19.20