    Model              Gr.Code Group                QSglob   QSbest   Mol.Size Stoich.  Symm.     SymmSize SymmRMSD No.Conts No.Clash F1       Prec.Iface Recal.Iface lDDToligo  DockQ_Avg  Jaccard.Coeff. Align.Size Align.Len  Orient   LocalRMSD  Iface.RMSD SA.total   SA.polar  SA.apolar  TMscore    SymmGr.RMSD
1   T1113TS278_4o      278     PEZYFoldings         0.968    0.969    2        A2       C2        2        0.04     186      0        90.3     89.00      91.60       0.908      0.836      0.91           2          334        0.03     1.33       0.89       4193.0     2554.7     1638.3     0.963     c3:12.30; c2:0.03
2   T1113TS248_2o      248     Manifold             0.968    0.968    2        A2       C2        2        0.25     177      0        93.1     93.40      92.80       0.920      0.857      0.93           2          334        0.03     1.06       0.90       3863.8     2325.7     1538.2     0.974     c3:12.16; c2:0.17
3   T1113TS278_1o      278     PEZYFoldings         0.967    0.967    2        A2       C2        2        0.05     186      0        90.6     88.60      92.80       0.921      0.785      0.90           2          334        0.05     1.64       1.24       4033.2     2439.1     1594.1     0.944     c3:12.44; c2:0.04
4   T1113TS239_2o      239s    Yang-Multimer        0.967    0.968    2        A2       C2        2        0.06     182      0        92.2     89.30      95.20       0.913      0.781      0.91           2          334        0.05     1.73       1.29       4063.9     2188.2     1875.7     0.938     c3:12.49; c2:0.04
5   T1113TS288_1o      288s    DFolding-server      0.967    0.968    2        A2       C2        2        0.04     185      0        91.3     88.70      94.00       0.923      0.786      0.89           2          334        0.05     1.66       1.25       3947.7     2340.1     1607.7     0.942     c3:12.47; c2:0.03
6   T1113TS278_3o      278     PEZYFoldings         0.967    0.968    2        A2       C2        2        0.12     184      0        90.2     89.40      91.00       0.911      0.824      0.90           2          334        0.02     1.36       0.95       4188.4     2453.7     1734.7     0.960     c3:12.35; c2:0.08
7   T1113TS201_3o      201     UTMB                 0.966    0.967    2        A2       C2        2        0.04     178      0        89.5     87.00      92.20       0.918      0.773      0.90           2          334        0.05     1.71       1.30       3771.7     2085.7     1686.1     0.940     c3:12.44; c2:0.03
8   T1113TS035_1o      035s    Manifold-E           0.966    0.967    2        A2       C2        2        0.02     180      0        88.1     83.80      92.80       0.917      0.811      0.91           2          334        0.05     1.44       1.10       3921.1     2274.5     1646.6     0.955     c3:12.36; c2:0.02
9   T1113TS439_4o      439     Yang                 0.966    0.966    2        A2       C2        2        0.03     183      0        91.1     90.50      91.60       0.908      0.769      0.90           2          334        0.04     1.70       1.32       4113.8     2188.5     1925.3     0.940     c3:12.51; c2:0.02
10  T1113TS187_2o      187     TRFold               0.966    0.967    2        A2       C2        2        0.04     182      0        89.5     85.30      94.00       0.922      0.795      0.87           2          334        0.05     1.60       1.19       3828.5     2203.5     1625.0     0.947     c3:12.45; c2:0.03
11  T1113TS374_1o      374     Zheng                0.966    0.966    2        A2       C2        2        0.05     177      0        89.7     86.20      93.40       0.917      0.781      0.87           2          334        0.05     1.69       1.26       3928.4     2266.3     1662.1     0.941     c3:12.46; c2:0.03
12  T1113TS278_2o      278     PEZYFoldings         0.966    0.966    2        A2       C2        2        0.07     184      0        89.7     87.90      91.60       0.914      0.814      0.90           2          334        0.02     1.40       1.05       4083.4     2389.4     1694.0     0.958     c3:12.42; c2:0.05
13  T1113TS423_2o      423     trComplex            0.966    0.967    2        A2       C2        2        0.04     182      0        89.5     85.30      94.00       0.922      0.795      0.87           2          334        0.05     1.60       1.19       3828.5     2203.5     1625.0     0.947     c3:12.45; c2:0.03
14  T1113TS239_1o      239s    Yang-Multimer        0.966    0.967    2        A2       C2        2        0.10     182      0        91.4     90.10      92.80       0.909      0.782      0.90           2          334        0.04     1.64       1.27       4114.2     2155.3     1958.8     0.944     c3:12.46; c2:0.07
15  T1113TS446_4o      446s    ColabFold            0.965    0.966    2        A2       C2        2        0.02     174      0        90.4     88.10      92.80       0.920      0.754      0.90           2          334        0.05     1.86       1.44       3987.7     2383.7     1604.0     0.930     c3:12.50; c2:0.02
16  T1113TS439_5o      439     Yang                 0.965    0.965    2        A2       C2        2        0.03     184      0        90.9     89.10      92.80       0.914      0.765      0.91           2          334        0.05     1.82       1.35       4020.0     2213.2     1806.8     0.932     c3:12.50; c2:0.02
17  T1113TS201_5o      201     UTMB                 0.965    0.965    2        A2       C2        2        0.07     180      0        90.1     88.00      92.20       0.918      0.749      0.89           2          334        0.05     1.87       1.43       3990.5     2508.9     1481.7     0.929     c3:12.51; c2:0.05
18  T1113TS187_3o      187     TRFold               0.965    0.965    2        A2       C2        2        0.05     183      0        90.6     88.60      92.80       0.923      0.750      0.89           2          334        0.05     1.91       1.41       3847.1     2025.7     1821.4     0.927     c3:12.54; c2:0.04
19  T1113TS423_3o      423     trComplex            0.965    0.965    2        A2       C2        2        0.05     183      0        90.6     88.60      92.80       0.923      0.750      0.89           2          334        0.05     1.91       1.41       3847.1     2025.7     1821.4     0.927     c3:12.54; c2:0.04
20  T1113TS439_3o      439     Yang                 0.965    0.966    2        A2       C2        2        0.69     173      0        91.7     90.60      92.80       0.900      0.890      0.91           2          334        0.02     0.93       0.72       4288.1     2462.7     1825.4     0.980     c3:12.06; c2:0.48
21  T1113TS446_3o      446s    ColabFold            0.965    0.966    2        A2       C2        2        0.02     172      0        89.0     86.40      91.60       0.914      0.773      0.90           2          334        0.05     1.69       1.30       3785.1     2095.5     1689.6     0.941     c3:12.46; c2:0.01
22  T1113TS461_3o      461     colabfold_human      0.965    0.966    2        A2       C2        2        0.02     172      0        89.0     86.40      91.60       0.914      0.773      0.90           2          334        0.05     1.69       1.30       3785.1     2095.5     1689.6     0.941     c3:12.46; c2:0.01
23  T1113TS461_4o      461     colabfold_human      0.965    0.966    2        A2       C2        2        0.02     174      0        90.4     88.10      92.80       0.920      0.754      0.90           2          334        0.05     1.86       1.44       3987.7     2383.7     1604.0     0.930     c3:12.50; c2:0.02
24  T1113TS494_1o      494     Venclovas            0.965    0.966    2        A2       C2        2        0.03     178      0        90.1     87.60      92.80       0.912      0.760      0.90           2          334        0.06     1.84       1.36       4121.5     2372.2     1749.3     0.932     c3:12.50; c2:0.02
25  T1113TS439_2o      439     Yang                 0.965    0.966    2        A2       C2        2        0.02     174      0        90.4     88.10      92.80       0.908      0.754      0.90           2          334        0.05     1.86       1.44       4037.3     2255.7     1781.6     0.930     c3:12.50; c2:0.02
26  T1113TS201_4o      201     UTMB                 0.965    0.966    2        A2       C2        2        0.04     180      0        90.4     88.10      92.80       0.915      0.745      0.91           2          334        0.05     1.95       1.45       3998.3     2155.3     1843.0     0.925     c3:12.53; c2:0.03
27  T1113TS439_1o      439     Yang                 0.965    0.965    2        A2       C2        2        0.04     184      0        91.4     90.60      92.20       0.906      0.757      0.90           2          334        0.05     1.84       1.39       4016.6     2272.0     1744.5     0.931     c3:12.51; c2:0.03
28  T1113TS119_2o      119     Kiharalab            0.964    0.964    2        A2       C2        2        0.02     179      0        90.8     90.00      91.60       0.917      0.752      0.90           2          334        0.06     1.87       1.42       4050.5     2463.7     1586.8     0.929     c3:12.50; c2:0.02
29  T1113TS201_2o      201     UTMB                 0.964    0.964    2        A2       C2        2        0.13     179      0        89.9     89.30      90.40       0.915      0.764      0.90           2          334        0.05     1.70       1.32       3959.4     2437.6     1521.8     0.940     c3:12.44; c2:0.09
30  T1113TS446_2o      446s    ColabFold            0.964    0.965    2        A2       C2        2        0.02     174      0        91.5     89.20      94.00       0.918      0.766      0.93           2          334        0.05     1.81       1.37       3930.7     2334.2     1596.5     0.933     c3:12.46; c2:0.01
31  T1113TS119_5o      119     Kiharalab            0.964    0.965    2        A2       C2        2        0.02     174      0        91.5     89.20      94.00       0.918      0.766      0.93           2          334        0.06     1.81       1.37       3939.0     2332.8     1606.1     0.933     c3:12.46; c2:0.01
32  T1113TS461_2o      461     colabfold_human      0.964    0.965    2        A2       C2        2        0.02     174      0        91.5     89.20      94.00       0.918      0.766      0.93           2          334        0.05     1.81       1.37       3930.7     2334.2     1596.5     0.933     c3:12.46; c2:0.01
33  T1113TS461_1o      461     colabfold_human      0.964    0.964    2        A2       C2        2        0.02     179      0        90.8     90.00      91.60       0.917      0.752      0.90           2          334        0.05     1.87       1.42       4048.8     2455.7     1593.0     0.929     c3:12.50; c2:0.02
34  T1113TS201_1o      201     UTMB                 0.964    0.965    2        A2       C2        2        0.05     181      0        89.8     87.50      92.20       0.917      0.753      0.90           2          334        0.06     1.87       1.40       4008.9     2339.4     1669.5     0.929     c3:12.48; c2:0.03
35  T1113TS446_1o      446s    ColabFold            0.964    0.964    2        A2       C2        2        0.02     179      0        90.8     90.00      91.60       0.917      0.752      0.90           2          334        0.05     1.87       1.42       4048.8     2455.7     1593.0     0.929     c3:12.50; c2:0.02
36  T1113TS350_1o      350     ClusPro              0.962    0.962    2        A2       C2        2        0.06     182      0        88.4     85.90      91.00       0.905      0.737      0.87           2          334        0.05     1.95       1.48       3174.3     1883.0     1291.3     0.924     c3:12.53; c2:0.04
37  T1113TS462_3o      462s    MultiFOLD            0.959    0.960    2        A2       C2        2        0.03     182      2        88.2     87.10      89.20       0.913      0.707      0.89           2          334        0.06     2.19       1.61       3934.2     2417.3     1516.9     0.908     c3:12.56; c2:0.02
38  T1113TS462_5o      462s    MultiFOLD            0.959    0.960    2        A2       C2        2        0.03     184      2        88.4     87.60      89.20       0.911      0.696      0.89           2          334        0.07     2.28       1.65       3823.1     2268.0     1555.1     0.902     c3:12.60; c2:0.02
39  T1113TS462_4o      462s    MultiFOLD            0.958    0.959    2        A2       C2        2        0.03     180      2        88.4     87.60      89.20       0.911      0.699      0.90           2          334        0.07     2.25       1.64       3822.8     2199.8     1622.9     0.905     c3:12.59; c2:0.02
40  T1113TS462_1o      462s    MultiFOLD            0.957    0.958    2        A2       C2        2        0.03     183      2        88.5     87.20      89.80       0.910      0.690      0.89           2          334        0.07     2.34       1.72       3789.1     2234.4     1554.6     0.898     c3:12.60; c2:0.02
41  T1113TS374_4o      374     Zheng                0.957    0.958    2        A2       C2        2        0.71     184      0        90.2     89.40      91.00       0.898      0.567      0.89           2          334        0.10     3.78       2.46       4118.6     2254.8     1863.7     0.796     c3:13.10; c2:0.46
42  T1113TS374_5o      374     Zheng                0.956    0.957    2        A2       C2        2        0.05     184      0        88.2     87.10      89.20       0.906      0.722      0.90           2          334        0.06     2.02       1.51       3966.0     2269.1     1696.8     0.919     c3:12.54; c2:0.03
43  T1113TS288_3o      288s    DFolding-server      0.956    0.958    2        A2       C2        2        0.09     184      0        89.0     88.20      89.80       0.877      0.591      0.87           2          334        0.10     3.49       1.87       4433.8     2486.0     1947.8     0.810     c3:12.58; c2:0.07
44  T1113TS462_2o      462s    MultiFOLD            0.954    0.956    2        A2       C2        2        0.05     186      2        87.6     86.10      89.20       0.904      0.702      0.91           2          334        0.06     2.22       1.63       3863.3     2226.0     1637.3     0.906     c3:12.55; c2:0.03
45  T1113TS185_1o      185     BAKER                0.953    0.954    2        A2       C2        2        0.01     172      0        88.4     88.10      88.60       0.895      0.648      0.88           2          334        0.07     2.62       2.03       4192.9     2583.5     1609.4     0.876     c3:12.79; c2:0.01
46  T1113TS169_1o      169     GuijunLab-Human      0.953    0.954    2        A2       C2        2        0.01     172      0        88.4     88.10      88.60       0.895      0.648      0.88           2          334        0.09     2.62       2.03       4169.0     2582.7     1586.3     0.876     c3:12.79; c2:0.01
47  T1113TS185_2o      185     BAKER                0.943    0.946    2        A2       C2        2        0.04     184      0        88.0     85.80      90.40       0.879      0.622      0.92           2          334        0.03     2.95       2.30       3988.9     2438.6     1550.3     0.853     c3:12.83; c2:0.03
48  T1113TS071_1o      071s    RaptorX-Multimer     0.942    0.943    2        A2       C2        2        0.06     189      2        86.7     87.70      85.60       0.873      0.676      0.91           2          334        0.07     2.26       1.87       4065.2     2291.7     1773.5     0.904     c3:12.56; c2:0.04
49  T1113TS185_3o      185     BAKER                0.941    0.944    2        A2       C2        2        0.06     185      0        88.0     86.20      89.80       0.873      0.626      0.91           2          334        0.06     2.90       2.27       4152.2     2625.8     1526.5     0.857     c3:12.80; c2:0.04
50  T1113TS073_1o      073s    DFolding-refine      0.941    0.941    2        A2       C2        2        0.17     175      0        88.4     85.90      91.00       0.821      0.728      0.90           2          334        0.05     2.14       1.68       3583.3     1388.5     2194.8     0.909     c3:12.41; c2:0.11
51  T1113TS073_2o      073s    DFolding-refine      0.940    0.940    2        A2       C2        2        0.16     167      0        86.4     85.40      87.40       0.811      0.692      0.88           2          334        0.07     2.42       1.73       3522.1     1306.4     2215.7     0.890     c3:12.60; c2:0.09
52  T1113TS073_5o      073s    DFolding-refine      0.939    0.939    2        A2       C2        2        0.11     184      0        87.6     84.40      91.00       0.826      0.755      0.90           2          334        0.03     1.85       1.51       3516.5     1229.8     2286.7     0.929     c3:12.31; c2:0.07
53  T1113TS071_5o      071s    RaptorX-Multimer     0.938    0.940    2        A2       C2        2        0.10     177      0        84.5     82.80      86.20       0.860      0.716      0.89           2          334        0.07     1.96       1.53       3944.4     2202.5     1741.9     0.927     c3:12.41; c2:0.07
54  T1113TS073_4o      073s    DFolding-refine      0.936    0.937    2        A2       C2        2        0.16     170      0        87.1     87.30      86.80       0.812      0.639      0.88           2          334        0.09     2.95       1.96       3779.0     1473.9     2305.1     0.852     c3:12.80; c2:0.12
55  T1113TS073_3o      073s    DFolding-refine      0.934    0.934    2        A2       C2        2        0.17     171      0        87.0     86.00      88.00       0.812      0.654      0.89           2          334        0.08     2.70       2.02       3549.9     1435.0     2115.0     0.868     c3:12.61; c2:0.10
56  T1113TS037_2o      037     Wallner              0.891    0.892    2        A2       C2        2        0.39     174      0        78.1     78.30      77.80       0.835      0.545      0.91           2          334        0.08     3.43       1.99       4332.0     2503.5     1828.5     0.815     c3:12.68; c2:0.27
57  T1113TS298_5o      298s    MUFold               0.889    0.890    2        A2       C2        2        0.06     179      0        75.0     72.90      77.20       0.867      0.654      0.87           2          334        0.08     2.25       1.73       4009.8     2400.6     1609.1     0.906     c3:12.68; c2:0.04
58  T1113TS461_5o      461     colabfold_human      0.888    0.889    2        A2       C2        2        0.03     168      0        77.8     75.00      80.80       0.865      0.629      0.89           2          334        0.09     2.60       1.99       4061.1     2315.7     1745.5     0.885     c3:12.76; c2:0.02
59  T1113TS446_5o      446s    ColabFold            0.888    0.889    2        A2       C2        2        0.03     168      0        77.8     75.00      80.80       0.865      0.629      0.89           2          334        0.09     2.60       1.99       4061.1     2315.7     1745.5     0.885     c3:12.76; c2:0.02
60  T1113TS298_2o      298s    MUFold               0.887    0.887    2        A2       C2        2        0.11     181      0        77.9     74.70      81.40       0.865      0.666      0.87           2          334        0.08     2.27       1.73       3801.0     2140.0     1661.0     0.906     c3:12.68; c2:0.07
61  T1113TS180_5o      180     McGuffin             0.886    0.887    2        A2       C2        2        0.03     170      0        77.3     76.20      78.40       0.852      0.600      0.87           2          334        0.09     2.80       2.16       3709.8     2055.1     1654.7     0.867     c3:12.84; c2:0.02
62  T1113TS350_2o      350     ClusPro              0.886    0.886    2        A2       C2        2        0.05     178      0        77.5     74.90      80.20       0.855      0.640      0.89           2          334        0.09     2.46       1.88       3213.7     1621.9     1591.7     0.892     c3:12.70; c2:0.03
63  T1113TS180_4o      180     McGuffin             0.885    0.886    2        A2       C2        2        0.04     170      0        76.3     75.40      77.20       0.852      0.605      0.88           2          334        0.09     2.73       2.11       3730.3     2092.0     1638.2     0.872     c3:12.81; c2:0.03
64  T1113TS288_2o      288s    DFolding-server      0.885    0.886    2        A2       C2        2        0.05     186      0        76.4     73.50      79.60       0.871      0.636      0.87           2          334        0.09     2.49       1.86       3914.0     2261.7     1652.3     0.892     c3:12.78; c2:0.03
65  T1113TS180_1o      180     McGuffin             0.882    0.883    2        A2       C2        2        0.03     175      0        78.7     76.70      80.80       0.851      0.607      0.90           2          334        0.09     2.80       2.19       3802.8     2214.3     1588.6     0.866     c3:12.85; c2:0.02
66  T1113TS248_3o      248     Manifold             0.879    0.880    2        A2       C2        2        0.06     186      0        75.8     70.80      81.40       0.841      0.560      0.86           2          334        0.16     3.49       2.42       3826.8     2272.6     1554.2     0.826     c3:13.06; c2:0.04
67  T1113TS147_5o      147     SHT                  0.877    0.879    2        A2       C2        2        0.09     166      0        76.0     72.70      79.60       0.823      0.657      0.85           2          334        0.08     2.23       1.77       3184.2     1754.7     1429.6     0.910     c3:12.63; c2:0.06
68  T1113TS444_4o      444     CoDock               0.877    0.880    2        A2       C2        2        0.29     167      0        81.6     85.10      78.40       0.862      0.689      0.89           2          334        0.07     1.93       1.74       4490.8     2647.1     1843.7     0.927     c3:12.63; c2:0.20
69  T1113TS131_4o      131s    Kiharalab_Server     0.876    0.877    2        A2       C2        2        0.12     164      0        80.4     82.40      78.40       0.876      0.708      0.89           2          334        0.05     1.77       1.49       4606.9     2581.8     2025.2     0.937     c3:12.47; c2:0.08
70  T1113TS185_5o      185     BAKER                0.875    0.876    2        A2       C2        2        0.05     194      0        79.7     76.40      83.20       0.835      0.526      0.85           2          334        0.04     3.90       2.95       4329.5     2546.4     1783.2     0.792     c3:13.07; c2:0.03
71  T1113TS180_2o      180     McGuffin             0.873    0.874    2        A2       C2        2        0.03     166      0        77.7     77.10      78.40       0.852      0.613      0.90           2          334        0.08     2.63       2.09       3714.1     2105.4     1608.7     0.879     c3:12.79; c2:0.02
72  T1113TS187_1o      187     TRFold               0.873    0.873    2        A2       C2        2        0.18     188      0        78.0     75.40      80.80       0.868      0.584      0.88           2          334        0.09     3.03       2.24       3243.3     1747.8     1495.5     0.850     c3:12.84; c2:0.13
73  T1113TS423_1o      423     trComplex            0.873    0.873    2        A2       C2        2        0.18     188      0        78.0     75.40      80.80       0.868      0.584      0.88           2          334        0.09     3.03       2.24       3243.3     1747.8     1495.5     0.850     c3:12.84; c2:0.13
74  T1113TS180_3o      180     McGuffin             0.873    0.874    2        A2       C2        2        0.03     168      0        78.0     77.50      78.40       0.852      0.610      0.89           2          334        0.08     2.69       2.11       3855.6     2237.2     1618.4     0.874     c3:12.82; c2:0.02
75  T1113TS390_5o      390s    NBIS-AF2-multimer    0.872    0.874    2        A2       C2        2        0.08     167      0        79.1     76.80      81.40       0.863      0.667      0.90           2          334        0.08     2.22       1.78       4281.5     2595.9     1685.6     0.910     c3:12.61; c2:0.05
76  T1113TS320_5o      320     Elofsson             0.872    0.874    2        A2       C2        2        0.08     167      0        79.1     76.80      81.40       0.863      0.667      0.90           2          334        0.08     2.22       1.78       4281.5     2595.9     1685.6     0.910     c3:12.61; c2:0.05
77  T1113TS150_5o      150     Grudinin             0.872    0.874    2        A2       C2        2        0.08     167      0        79.1     76.80      81.40       0.863      0.667      0.90           2          334        0.08     2.22       1.78       4301.6     2597.0     1704.5     0.910     c3:12.61; c2:0.05
78  T1113TS444_3o      444     CoDock               0.872    0.877    2        A2       C2        2        0.25     155      0        75.7     80.00      71.90       0.852      0.635      0.88           2          334        0.08     2.23       1.89       4530.7     2670.8     1859.9     0.905     c3:12.67; c2:0.18
79  T1113TS348_2o      348     Takeda-Shitaka_Lab   0.872    0.874    2        A2       C2        2        0.08     167      0        79.1     76.80      81.40       0.863      0.667      0.90           2          334        0.08     2.22       1.78       4254.3     2508.5     1745.8     0.910     c3:12.61; c2:0.05
80  T1113TS091_5o      091     UNRES                0.870    0.871    2        A2       C2        2        0.70     165      0        74.8     78.80      71.30       0.762      0.632      0.85           2          334        0.08     2.27       1.80       5405.1     2738.6     2666.5     0.906     c3:12.60; c2:0.48
81  T1113TS003_4o      003     MULTICOM_human       0.870    0.871    2        A2       C2        2        0.06     169      0        78.1     76.10      80.20       0.881      0.700      0.91           2          334        0.06     1.88       1.57       3766.1     2075.7     1690.3     0.930     c3:12.51; c2:0.03
82  T1113TS288_4o      288s    DFolding-server      0.870    0.871    2        A2       C2        2        0.05     175      0        79.0     79.00      79.00       0.886      0.684      0.90           2          334        0.07     2.04       1.63       4335.3     2458.8     1876.5     0.919     c3:12.59; c2:0.03
83  T1113TS086_1o      086s    MULTICOM_qa          0.870    0.871    2        A2       C2        2        0.06     169      0        78.1     76.10      80.20       0.881      0.700      0.91           2          334        0.06     1.88       1.57       3766.1     2075.7     1690.3     0.930     c3:12.51; c2:0.03
84  T1113TS158_1o      158s    MULTICOM_deep        0.870    0.871    2        A2       C2        2        0.06     169      0        78.1     76.10      80.20       0.881      0.700      0.91           2          334        0.06     1.88       1.57       3766.1     2075.7     1690.3     0.930     c3:12.51; c2:0.03
85  T1113TS158_2o      158s    MULTICOM_deep        0.867    0.868    2        A2       C2        2        0.06     169      0        77.5     74.90      80.20       0.884      0.701      0.91           2          334        0.06     1.89       1.56       4090.5     2168.8     1921.7     0.929     c3:12.54; c2:0.04
86  T1113TS003_5o      003     MULTICOM_human       0.867    0.868    2        A2       C2        2        0.06     169      0        77.5     74.90      80.20       0.884      0.701      0.91           2          334        0.06     1.89       1.56       4090.5     2168.8     1921.7     0.929     c3:12.54; c2:0.04
87  T1113TS086_4o      086s    MULTICOM_qa          0.867    0.868    2        A2       C2        2        0.06     169      0        77.5     74.90      80.20       0.884      0.701      0.91           2          334        0.06     1.89       1.56       4090.5     2168.8     1921.7     0.929     c3:12.54; c2:0.04
88  T1113TS086_3o      086s    MULTICOM_qa          0.866    0.867    2        A2       C2        2        0.07     169      0        78.1     77.20      79.00       0.884      0.703      0.90           2          334        0.06     1.83       1.55       3975.1     2158.3     1816.8     0.933     c3:12.50; c2:0.05
89  T1113TS158_3o      158s    MULTICOM_deep        0.866    0.867    2        A2       C2        2        0.07     169      0        78.1     77.20      79.00       0.884      0.703      0.90           2          334        0.06     1.83       1.55       3975.1     2158.3     1816.8     0.933     c3:12.50; c2:0.05
90  T1113TS367_1o      367     MULTICOM             0.865    0.866    2        A2       C2        2        0.04     170      0        77.6     76.30      79.00       0.885      0.681      0.90           2          334        0.07     2.04       1.60       4386.0     2322.3     2063.7     0.919     c3:12.60; c2:0.02
91  T1113TS239_4o      239s    Yang-Multimer        0.864    0.865    2        A2       C2        2        0.05     174      0        77.0     76.80      77.20       0.874      0.687      0.90           2          334        0.07     1.96       1.58       4464.7     2386.3     2078.3     0.924     c3:12.55; c2:0.04
92  T1113TS147_2o      147     SHT                  0.861    0.861    2        A2       C2        2        0.07     184      0        76.0     72.70      79.60       0.835      0.650      0.86           2          334        0.08     2.31       1.85       3447.9     1767.4     1680.5     0.901     c3:12.68; c2:0.04
93  T1113TS444_2o      444     CoDock               0.861    0.862    2        A2       C2        2        0.29     150      0        78.6     81.40      76.00       0.861      0.650      0.86           2          334        0.07     2.20       1.86       4618.8     2761.2     1857.5     0.909     c3:12.65; c2:0.21
94  T1113TS248_1o      248     Manifold             0.860    0.861    2        A2       C2        2        0.06     177      2        76.2     73.10      79.60       0.866      0.693      0.86           2          334        0.07     1.96       1.57       4379.0     2498.3     1880.7     0.924     c3:12.54; c2:0.02
95  T1113TS239_5o      239s    Yang-Multimer        0.859    0.860    2        A2       C2        2        0.06     170      0        76.2     77.60      74.90       0.877      0.649      0.87           2          334        0.07     2.24       1.80       4183.3     2151.3     2032.0     0.906     c3:12.65; c2:0.04
96  T1113TS390_2o      390s    NBIS-AF2-multimer    0.857    0.858    2        A2       C2        2        0.07     176      0        77.0     76.80      77.20       0.845      0.644      0.88           2          334        0.08     2.29       1.85       4130.4     2305.6     1824.8     0.902     c3:12.66; c2:0.05
97  T1113TS348_5o      348     Takeda-Shitaka_Lab   0.857    0.857    2        A2       C2        2        0.05     173      0        77.0     75.00      79.00       0.845      0.640      0.85           2          334        0.08     2.39       1.92       3971.7     2240.7     1731.0     0.896     c3:12.69; c2:0.03
98  T1113TS360_5o      360     MUFold_H             0.857    0.857    2        A2       C2        2        0.05     173      0        77.0     75.00      79.00       0.845      0.640      0.85           2          334        0.08     2.39       1.92       3999.1     2327.4     1671.7     0.896     c3:12.69; c2:0.03
99  T1113TS150_2o      150     Grudinin             0.857    0.858    2        A2       C2        2        0.07     176      0        77.0     76.80      77.20       0.845      0.644      0.88           2          334        0.07     2.29       1.85       4119.3     2303.1     1816.2     0.902     c3:12.66; c2:0.05
100 T1113TS320_2o      320     Elofsson             0.857    0.858    2        A2       C2        2        0.07     176      0        77.0     76.80      77.20       0.845      0.644      0.88           2          334        0.08     2.29       1.85       4130.4     2305.6     1824.8     0.902     c3:12.66; c2:0.05
101 T1113TS447_5o      447     DELCLAB              0.857    0.858    2        A2       C2        2        0.06     171      2        77.2     75.40      79.00       0.874      0.629      0.87           2          334        0.08     2.51       1.96       4011.1     2401.9     1609.1     0.887     c3:12.73; c2:0.03
102 T1113TS147_4o      147     SHT                  0.856    0.857    2        A2       C2        2        0.13     170      0        76.9     74.30      79.60       0.838      0.655      0.86           2          334        0.08     2.28       1.86       3471.5     1734.2     1737.2     0.902     c3:12.63; c2:0.08
103 T1113TS350_5o      350     ClusPro              0.855    0.856    2        A2       C2        2        0.11     173      0        76.8     72.70      81.40       0.855      0.687      0.86           2          334        0.07     2.00       1.63       3602.5     1998.5     1604.0     0.921     c3:12.57; c2:0.08
104 T1113TS360_3o      360     MUFold_H             0.855    0.856    2        A2       C2        2        0.08     170      0        76.1     75.00      77.20       0.837      0.646      0.88           2          334        0.08     2.30       1.84       4280.2     2421.6     1858.6     0.904     c3:12.63; c2:0.05
105 T1113TS037_1o      037     Wallner              0.855    0.856    2        A2       C2        2        0.19     179      0        78.0     76.40      79.60       0.875      0.666      0.90           2          334        0.08     2.17       1.67       4437.7     2562.5     1875.3     0.911     c3:12.60; c2:0.13
106 T1113TS150_3o      150     Grudinin             0.855    0.856    2        A2       C2        2        0.18     165      0        76.6     77.80      75.40       0.876      0.629      0.88           2          334        0.09     2.42       1.81       4360.1     2343.7     2016.4     0.895     c3:12.76; c2:0.12
107 T1113TS320_3o      320     Elofsson             0.855    0.856    2        A2       C2        2        0.18     165      0        76.6     77.80      75.40       0.876      0.629      0.88           2          334        0.10     2.42       1.81       4370.5     2346.3     2024.2     0.895     c3:12.76; c2:0.12
108 T1113TS390_3o      390s    NBIS-AF2-multimer    0.855    0.856    2        A2       C2        2        0.18     165      0        76.6     77.80      75.40       0.876      0.629      0.88           2          334        0.10     2.42       1.81       4370.5     2346.3     2024.2     0.895     c3:12.76; c2:0.12
109 T1113TS390_1o      390s    NBIS-AF2-multimer    0.854    0.855    2        A2       C2        2        0.11     178      0        75.9     73.60      78.40       0.863      0.668      0.86           2          334        0.08     2.11       1.73       4369.5     2595.8     1773.7     0.914     c3:12.60; c2:0.07
110 T1113TS150_1o      150     Grudinin             0.854    0.855    2        A2       C2        2        0.11     178      0        75.9     73.60      78.40       0.863      0.668      0.86           2          334        0.08     2.11       1.73       4369.5     2595.8     1773.7     0.914     c3:12.60; c2:0.07
111 T1113TS320_1o      320     Elofsson             0.854    0.855    2        A2       C2        2        0.11     178      0        75.9     73.60      78.40       0.863      0.668      0.86           2          334        0.08     2.11       1.73       4369.5     2595.8     1773.7     0.914     c3:12.60; c2:0.07
112 T1113TS147_3o      147     SHT                  0.854    0.855    2        A2       C2        2        0.20     169      0        74.1     72.80      75.40       0.846      0.628      0.81           2          334        0.09     2.44       1.84       3407.6     1582.0     1825.7     0.893     c3:12.76; c2:0.13
113 T1113TS119_3o      119     Kiharalab            0.854    0.855    2        A2       C2        2        0.11     178      0        75.9     73.60      78.40       0.863      0.668      0.86           2          334        0.08     2.11       1.73       4369.5     2595.8     1773.7     0.914     c3:12.60; c2:0.07
114 T1113TS399_4o      399     BeijingAIProtein     0.853    0.854    2        A2       C2        2        0.08     174      0        76.5     75.10      77.80       0.836      0.657      0.86           2          334        0.08     2.23       1.80       4143.4     2339.9     1803.5     0.908     c3:12.60; c2:0.06
115 T1113TS054_4o      054     UltraFold            0.853    0.854    2        A2       C2        2        0.08     174      0        76.5     75.10      77.80       0.836      0.657      0.86           2          334        0.08     2.23       1.80       4143.4     2339.9     1803.5     0.908     c3:12.60; c2:0.06
116 T1113TS147_1o      147     SHT                  0.853    0.854    2        A2       C2        2        0.13     178      0        74.9     70.20      80.20       0.847      0.669      0.84           2          334        0.08     2.13       1.74       3515.3     1978.1     1537.2     0.912     c3:12.62; c2:0.09
117 T1113TS360_1o      360     MUFold_H             0.853    0.854    2        A2       C2        2        0.05     171      0        77.0     75.00      79.00       0.835      0.660      0.87           2          334        0.08     2.23       1.79       4291.2     2517.8     1773.4     0.908     c3:12.60; c2:0.04
118 T1113TS071_2o      071s    RaptorX-Multimer     0.852    0.852    2        A2       C2        2        0.04     174      0        77.4     75.90      79.00       0.843      0.656      0.85           2          334        0.08     2.28       1.82       4264.5     2572.3     1692.2     0.904     c3:12.63; c2:0.03
119 T1113TS348_1o      348     Takeda-Shitaka_Lab   0.852    0.853    2        A2       C2        2        0.08     180      0        76.7     73.90      79.60       0.849      0.657      0.87           2          334        0.09     2.26       1.77       4146.3     2423.9     1722.4     0.906     c3:12.64; c2:0.05
120 T1113TS003_2o      003     MULTICOM_human       0.852    0.853    2        A2       C2        2        0.05     177      0        74.6     72.70      76.60       0.851      0.684      0.87           2          334        0.06     1.88       1.58       4057.2     2305.3     1752.0     0.929     c3:19.77; c2:0.03
121 T1113TS367_4o      367     MULTICOM             0.852    0.853    2        A2       C2        2        0.03     171      0        75.6     73.40      77.80       0.858      0.661      0.90           2          334        0.07     2.14       1.65       4437.8     2510.9     1926.9     0.912     c3:12.63; c2:0.02
122 T1113TS374_3o      374     Zheng                0.852    0.853    2        A2       C2        2        0.06     172      0        75.4     73.00      77.80       0.846      0.695      0.89           2          334        0.06     1.83       1.54       4035.2     2216.6     1818.6     0.933     c3:12.50; c2:0.04
123 T1113TS374_2o      374     Zheng                0.852    0.852    2        A2       C2        2        0.04     172      0        75.7     73.20      78.40       0.856      0.702      0.87           2          334        0.06     1.75       1.53       3992.5     2092.8     1899.7     0.937     c3:12.45; c2:0.03
124 T1113TS367_5o      367     MULTICOM             0.852    0.853    2        A2       C2        2        0.04     166      0        75.7     74.10      77.20       0.871      0.661      0.90           2          334        0.07     2.13       1.73       4184.1     2270.9     1913.1     0.913     c3:12.59; c2:0.03
125 T1113TS086_2o      086s    MULTICOM_qa          0.851    0.851    2        A2       C2        2        0.05     173      0        74.6     72.70      76.60       0.849      0.673      0.87           2          334        0.06     1.96       1.63       4110.8     2249.6     1861.2     0.923     c3:12.53; c2:0.03
126 T1113TS158_4o      158s    MULTICOM_deep        0.851    0.851    2        A2       C2        2        0.05     173      0        74.6     72.70      76.60       0.849      0.673      0.87           2          334        0.06     1.96       1.63       4110.8     2249.6     1861.2     0.923     c3:12.53; c2:0.03
127 T1113TS071_4o      071s    RaptorX-Multimer     0.851    0.853    2        A2       C2        2        0.08     174      0        76.4     74.40      78.40       0.846      0.683      0.87           2          334        0.07     1.98       1.59       4306.2     2482.9     1823.3     0.925     c3:12.52; c2:0.06
128 T1113TS399_3o      399     BeijingAIProtein     0.851    0.852    2        A2       C2        2        0.10     173      0        75.7     73.20      78.40       0.846      0.635      0.85           2          334        0.09     2.43       1.95       3894.4     2197.8     1696.6     0.893     c3:12.66; c2:0.06
129 T1113TS298_3o      298s    MUFold               0.851    0.852    2        A2       C2        2        0.05     178      0        76.1     73.30      79.00       0.834      0.652      0.84           2          334        0.09     2.33       1.86       4082.3     2481.1     1601.2     0.901     c3:12.62; c2:0.04
130 T1113TS054_3o      054     UltraFold            0.851    0.852    2        A2       C2        2        0.10     173      0        75.7     73.20      78.40       0.846      0.635      0.85           2          334        0.09     2.43       1.95       3894.4     2197.8     1696.6     0.893     c3:12.66; c2:0.06
131 T1113TS423_5o      423     trComplex            0.850    0.851    2        A2       C2        2        0.08     176      0        76.2     74.70      77.80       0.842      0.642      0.85           2          334        0.09     2.39       1.88       4137.5     2441.9     1695.6     0.897     c3:12.66; c2:0.05
132 T1113TS360_2o      360     MUFold_H             0.850    0.851    2        A2       C2        2        0.09     177      0        77.0     74.00      80.20       0.838      0.636      0.85           2          334        0.09     2.47       1.95       4157.8     2402.0     1755.8     0.891     c3:12.70; c2:0.06
133 T1113TS444_1o      444     CoDock               0.850    0.852    2        A2       C2        2        0.21     168      0        76.7     77.40      76.00       0.854      0.612      0.89           2          334        0.08     2.54       1.96       4475.9     2714.7     1761.2     0.883     c3:12.70; c2:0.15
134 T1113TS125_2o      125s    UltraFold_Server     0.850    0.851    2        A2       C2        2        0.10     166      0        76.6     75.90      77.20       0.844      0.660      0.91           2          334        0.08     2.15       1.76       4332.7     2480.9     1851.8     0.916     c3:12.53; c2:0.07
135 T1113TS360_4o      360     MUFold_H             0.850    0.851    2        A2       C2        2        0.05     170      0        76.5     75.10      77.80       0.834      0.642      0.87           2          334        0.09     2.36       1.89       4397.6     2601.3     1796.3     0.899     c3:12.67; c2:0.04
136 T1113TS125_3o      125s    UltraFold_Server     0.850    0.851    2        A2       C2        2        0.06     176      0        75.0     72.90      77.20       0.831      0.643      0.87           2          334        0.09     2.34       1.87       4223.2     2399.0     1824.2     0.901     c3:12.63; c2:0.04
137 T1113TS348_4o      348     Takeda-Shitaka_Lab   0.850    0.851    2        A2       C2        2        0.05     172      0        76.8     75.30      78.40       0.846      0.634      0.86           2          334        0.09     2.44       1.93       4066.2     2283.5     1782.7     0.894     c3:12.70; c2:0.03
138 T1113TS298_4o      298s    MUFold               0.850    0.851    2        A2       C2        2        0.09     177      0        77.0     74.00      80.20       0.838      0.636      0.85           2          334        0.09     2.47       1.95       4157.8     2402.0     1755.8     0.891     c3:12.70; c2:0.06
139 T1113TS288_5o      288s    DFolding-server      0.850    0.850    2        A2       C2        2        0.07     178      0        76.6     74.90      78.40       0.833      0.649      0.86           2          334        0.09     2.33       1.85       4095.7     2294.1     1801.7     0.901     c3:12.61; c2:0.05
140 T1113TS187_5o      187     TRFold               0.850    0.851    2        A2       C2        2        0.08     176      0        76.2     74.70      77.80       0.842      0.642      0.85           2          334        0.09     2.39       1.88       4137.5     2441.9     1695.6     0.897     c3:12.66; c2:0.05
141 T1113TS350_4o      350     ClusPro              0.849    0.850    2        A2       C2        2        0.09     169      0        74.4     70.80      78.40       0.820      0.641      0.87           2          334        0.09     2.37       1.86       3517.8     1879.1     1638.7     0.899     c3:12.63; c2:0.06
142 T1113TS390_4o      390s    NBIS-AF2-multimer    0.849    0.849    2        A2       C2        2        0.13     167      0        77.8     79.00      76.60       0.876      0.646      0.87           2          334        0.08     2.27       1.84       4161.7     2241.2     1920.5     0.903     c3:12.62; c2:0.08
143 T1113TS150_4o      150     Grudinin             0.849    0.849    2        A2       C2        2        0.13     167      0        77.8     79.00      76.60       0.876      0.646      0.87           2          334        0.07     2.27       1.84       4183.4     2239.3     1944.1     0.903     c3:12.62; c2:0.08
144 T1113TS320_4o      320     Elofsson             0.849    0.849    2        A2       C2        2        0.13     167      0        77.8     79.00      76.60       0.876      0.646      0.87           2          334        0.08     2.27       1.84       4161.7     2241.2     1920.5     0.903     c3:12.62; c2:0.08
145 T1113TS350_3o      350     ClusPro              0.848    0.849    2        A2       C2        2        0.05     173      0        74.2     71.90      76.60       0.810      0.633      0.84           2          334        0.09     2.42       1.93       3447.8     1961.7     1486.2     0.895     c3:12.63; c2:0.03
146 T1113TS367_2o      367     MULTICOM             0.848    0.849    2        A2       C2        2        0.04     172      0        75.5     74.40      76.60       0.870      0.661      0.89           2          334        0.07     2.11       1.73       4221.2     2201.3     2019.9     0.914     c3:12.58; c2:0.03
147 T1113TS054_2o      054     UltraFold            0.848    0.849    2        A2       C2        2        0.05     175      0        78.4     76.60      80.20       0.840      0.646      0.85           2          334        0.10     2.45       1.90       4263.6     2516.1     1747.5     0.894     c3:12.65; c2:0.03
148 T1113TS125_1o      125s    UltraFold_Server     0.848    0.848    2        A2       C2        2        0.08     175      0        76.4     74.40      78.40       0.847      0.628      0.86           2          334        0.09     2.49       1.97       4100.2     2344.8     1755.4     0.890     c3:12.73; c2:0.06
149 T1113TS399_2o      399     BeijingAIProtein     0.848    0.849    2        A2       C2        2        0.05     175      0        78.4     76.60      80.20       0.840      0.646      0.85           2          334        0.10     2.45       1.90       4263.6     2516.1     1747.5     0.894     c3:12.65; c2:0.03
150 T1113TS348_3o      348     Takeda-Shitaka_Lab   0.847    0.849    2        A2       C2        2        0.16     160      0        76.7     75.60      77.80       0.845      0.657      0.90           2          334        0.08     2.20       1.79       4193.3     2279.9     1913.3     0.912     c3:12.53; c2:0.10
151 T1113TS119_4o      119     Kiharalab            0.846    0.847    2        A2       C2        2        0.04     172      0        75.7     74.90      76.60       0.860      0.692      0.89           2          334        0.06     1.80       1.53       4436.4     2455.0     1981.4     0.934     c3:12.52; c2:0.02
152 T1113TS131_5o      131s    Kiharalab_Server     0.846    0.846    2        A2       C2        2        0.06     175      0        75.7     74.10      77.20       0.830      0.642      0.84           2          334        0.09     2.35       1.90       4194.9     2469.4     1725.5     0.899     c3:12.64; c2:0.04
153 T1113TS131_2o      131s    Kiharalab_Server     0.846    0.847    2        A2       C2        2        0.04     172      0        75.7     74.90      76.60       0.860      0.692      0.89           2          334        0.06     1.80       1.53       4436.4     2455.0     1981.4     0.934     c3:12.52; c2:0.02
154 T1113TS312_1o      312     Fernandez-Recio      0.845    0.846    2        A2       C2        2        0.95     168      1        72.8     77.20      68.90       0.833      0.659      0.85           2          334        0.08     1.87       1.74       4721.5     2702.2     2019.3     0.931     c3:12.50; c2:0.67
155 T1113TS367_3o      367     MULTICOM             0.845    0.846    2        A2       C2        2        0.06     175      0        76.0     74.30      77.80       0.865      0.667      0.88           2          334        0.07     2.09       1.65       4236.4     2253.1     1983.4     0.915     c3:12.60; c2:0.04
156 T1113TS399_5o      399     BeijingAIProtein     0.844    0.845    2        A2       C2        2        0.19     172      2        78.0     77.50      78.40       0.839      0.651      0.88           2          334        0.08     2.28       1.83       4332.3     2494.9     1837.3     0.904     c3:12.58; c2:0.13
157 T1113TS054_5o      054     UltraFold            0.844    0.845    2        A2       C2        2        0.19     172      2        78.0     77.50      78.40       0.839      0.651      0.88           2          334        0.08     2.28       1.83       4332.3     2494.9     1837.3     0.904     c3:12.58; c2:0.13
158 T1113TS125_4o      125s    UltraFold_Server     0.844    0.845    2        A2       C2        2        0.08     170      0        75.2     73.30      77.20       0.827      0.642      0.86           2          334        0.09     2.40       1.91       4369.0     2603.3     1765.7     0.898     c3:12.65; c2:0.05
159 T1113TS071_3o      071s    RaptorX-Multimer     0.843    0.844    2        A2       C2        2        0.06     185      2        75.4     72.10      79.00       0.830      0.634      0.85           2          334        0.09     2.50       2.01       4202.6     2498.2     1704.4     0.889     c3:12.66; c2:0.04
160 T1113TS298_1o      298s    MUFold               0.842    0.842    2        A2       C2        2        0.05     176      0        77.1     75.70      78.40       0.887      0.674      0.89           2          334        0.07     2.10       1.70       4208.6     2430.1     1778.5     0.916     c3:12.59; c2:0.04
161 T1113TS399_1o      399     BeijingAIProtein     0.842    0.843    2        A2       C2        2        0.07     163      0        76.6     75.90      77.20       0.860      0.634      0.91           2          334        0.08     2.38       1.91       4089.8     2235.7     1854.1     0.896     c3:12.67; c2:0.05
162 T1113TS054_1o      054     UltraFold            0.842    0.843    2        A2       C2        2        0.07     163      0        76.6     75.90      77.20       0.860      0.634      0.91           2          334        0.08     2.38       1.91       4089.8     2235.7     1854.1     0.896     c3:12.67; c2:0.05
163 T1113TS091_2o      091     UNRES                0.839    0.841    2        A2       C2        2        0.60     174      0        71.4     71.00      71.90       0.756      0.619      0.85           2          334        0.10     2.36       1.81       5119.2     2736.8     2382.4     0.901     c3:12.61; c2:0.42
164 T1113TS091_4o      091     UNRES                0.839    0.840    2        A2       C2        2        0.67     162      0        70.5     70.90      70.10       0.757      0.568      0.81           2          334        0.12     2.77       1.98       4994.0     2514.8     2479.2     0.872     c3:12.50; c2:0.44
165 T1113TS003_3o      003     MULTICOM_human       0.839    0.840    2        A2       C2        2        0.17     175      0        74.3     72.60      76.00       0.878      0.665      0.86           2          334        0.07     2.09       1.67       4009.2     2180.3     1828.9     0.916     c3:12.58; c2:0.09
166 T1113TS098_5o      098s    GuijunLab-Assembly   0.838    0.839    2        A2       C2        2        0.06     177      0        76.4     74.40      78.40       0.886      0.671      0.87           2          334        0.07     2.12       1.70       4206.5     2333.5     1873.0     0.914     c3:12.59; c2:0.04
167 T1113TS125_5o      125s    UltraFold_Server     0.838    0.839    2        A2       C2        2        0.14     155      0        76.8     78.30      75.40       0.831      0.660      0.88           2          334        0.08     2.14       1.81       4402.0     2461.9     1940.1     0.915     c3:12.46; c2:0.09
168 T1113TS169_2o      169     GuijunLab-Human      0.838    0.839    2        A2       C2        2        0.06     177      0        76.4     74.40      78.40       0.886      0.671      0.87           2          334        0.07     2.12       1.70       4206.5     2333.5     1873.0     0.914     c3:12.59; c2:0.04
169 T1113TS188_5o      188s    GuijunLab-DeepDA     0.838    0.841    2        A2       C2        2        0.99     149      0        77.4     83.90      71.90       0.816      0.612      0.83           2          334        0.03     2.26       2.24       4978.9     2917.2     2061.7     0.909     c3:12.35; c2:0.63
170 T1113TS188_1o      188s    GuijunLab-DeepDA     0.838    0.839    2        A2       C2        2        0.06     177      0        76.4     74.40      78.40       0.886      0.671      0.87           2          334        0.07     2.12       1.70       4206.5     2333.5     1873.0     0.914     c3:12.59; c2:0.04
171 T1113TS493_1o      493     Shen-CAPRI           0.838    0.838    2        A2       C2        2        3.01     159      0        72.6     72.20      73.10       0.813      0.689      0.82           2          334        0.04     1.92       1.88       4948.8     2651.8     2297.1     0.933     c3:12.06; c2:2.13
172 T1113TS098_1o      098s    GuijunLab-Assembly   0.838    0.839    2        A2       C2        2        0.06     177      0        76.4     74.40      78.40       0.886      0.671      0.87           2          334        0.07     2.12       1.70       4206.5     2333.5     1873.0     0.914     c3:12.59; c2:0.04
173 T1113TS169_4o      169     GuijunLab-Human      0.838    0.841    2        A2       C2        2        0.99     149      0        77.4     83.90      71.90       0.816      0.612      0.83           2          334        0.03     2.26       2.24       4978.9     2917.2     2061.7     0.909     c3:12.35; c2:0.63
174 T1113TS098_4o      098s    GuijunLab-Assembly   0.838    0.841    2        A2       C2        2        0.99     149      0        77.4     83.90      71.90       0.816      0.612      0.83           2          334        0.03     2.26       2.24       4978.9     2917.2     2061.7     0.909     c3:12.35; c2:0.63
175 T1113TS169_3o      169     GuijunLab-Human      0.838    0.839    2        A2       C2        2        0.06     177      0        76.4     74.40      78.40       0.886      0.671      0.87           2          334        0.07     2.12       1.70       4206.5     2333.5     1873.0     0.914     c3:12.59; c2:0.04
176 T1113TS444_5o      444     CoDock               0.837    0.841    2        A2       C2        2        0.22     157      0        75.1     77.20      73.10       0.850      0.611      0.88           2          334        0.08     2.48       2.01       4516.9     2717.5     1799.4     0.888     c3:24.70; c2:0.15
177 T1113TS494_2o      494     Venclovas            0.837    0.838    2        A2       C2        2        0.10     177      0        75.7     74.90      76.60       0.824      0.619      0.89           2          334        0.10     2.50       1.92       5023.5     2864.2     2159.3     0.890     c3:12.76; c2:0.07
178 T1113TS158_5o      158s    MULTICOM_deep        0.836    0.837    2        A2       C2        2        0.04     178      0        75.2     73.30      77.20       0.883      0.667      0.86           2          334        0.07     2.12       1.70       4034.7     2199.5     1835.2     0.914     c3:12.58; c2:0.03
179 T1113TS423_4o      423     trComplex            0.836    0.846    2        A2       C2        2        0.35     186      2        72.9     69.60      76.60       0.822      0.596      0.83           2          334        0.09     2.71       2.12       3151.8     1806.2     1345.7     0.870     c3:12.21; c2:0.24
180 T1113TS187_4o      187     TRFold               0.836    0.846    2        A2       C2        2        0.35     186      2        72.9     69.60      76.60       0.822      0.596      0.83           2          334        0.09     2.71       2.12       3151.8     1806.2     1345.7     0.870     c3:12.21; c2:0.24
181 T1113TS086_5o      086s    MULTICOM_qa          0.835    0.836    2        A2       C2        2        0.02     192      0        76.8     73.60      80.20       0.877      0.677      0.85           2          334        0.07     2.11       1.66       3761.6     1909.5     1852.2     0.914     c3:12.66; c2:0.02
182 T1113TS091_1o      091     UNRES                0.835    0.835    2        A2       C2        2        0.75     169      1        72.6     72.20      73.10       0.755      0.603      0.86           2          334        0.10     2.57       1.97       5080.7     2611.5     2469.2     0.886     c3:12.66; c2:0.53
183 T1113TS131_3o      131s    Kiharalab_Server     0.833    0.834    2        A2       C2        2        0.15     183      0        75.8     71.40      80.80       0.809      0.621      0.85           2          334        0.09     2.66       2.17       4118.6     2471.1     1647.4     0.876     c3:12.73; c2:0.10
184 T1113TS239_3o      239s    Yang-Multimer        0.831    0.832    2        A2       C2        2        0.06     192      0        75.1     72.00      78.40       0.875      0.629      0.83           2          334        0.10     2.57       1.83       3998.5     2049.2     1949.3     0.886     c3:12.77; c2:0.04
185 T1113TS091_3o      091     UNRES                0.830    0.830    2        A2       C2        2        0.69     166      0        73.1     73.80      72.50       0.759      0.589      0.86           2          334        0.12     2.62       1.91       5327.0     2673.8     2653.2     0.884     c3:12.41; c2:0.44
186 T1113TS003_1o      003     MULTICOM_human       0.828    0.829    2        A2       C2        2        0.03     173      0        75.2     73.30      77.20       0.879      0.675      0.86           2          334        0.07     2.05       1.71       4054.5     2210.4     1844.1     0.919     c3:12.56; c2:0.02
187 T1113TS493_3o      493     Shen-CAPRI           0.827    0.827    2        A2       C2        2        2.90     162      0        73.4     73.20      73.70       0.776      0.619      0.83           2          334        0.03     2.58       2.24       4952.0     2719.1     2232.9     0.883     c3:12.51; c2:2.05
188 T1113TS493_4o      493     Shen-CAPRI           0.826    0.830    2        A2       C2        2        3.89     126      0        68.2     76.30      61.70       0.786      0.546      0.76           2          334        0.03     2.91       2.80       5294.9     2819.0     2475.9     0.868     c3:12.56; c2:2.73
189 T1113TS312_3o      312     Fernandez-Recio      0.826    0.826    2        A2       C2        2        0.45     157      0        69.9     71.70      68.30       0.800      0.560      0.80           2          334        0.05     2.67       2.27       4531.0     2532.4     1998.6     0.870     c3:12.70; c2:0.25
190 T1113TS312_4o      312     Fernandez-Recio      0.824    0.825    2        A2       C2        2        0.66     160      0        69.2     72.10      66.50       0.797      0.549      0.81           2          334        0.05     2.74       2.27       4632.1     2566.6     2065.5     0.864     c3:12.69; c2:0.41
191 T1113TS312_2o      312     Fernandez-Recio      0.822    0.823    2        A2       C2        2        1.00     151      0        71.8     78.20      66.50       0.807      0.597      0.87           2          334        0.11     2.36       1.95       4980.3     2688.0     2292.3     0.897     c3:12.03; c2:0.52
192 T1113TS119_1o      119     Kiharalab            0.822    0.823    2        A2       C2        2        0.06     183      2        75.9     73.60      78.40       0.878      0.667      0.86           2          334        0.07     2.10       1.73       4022.8     2257.3     1765.5     0.915     c3:12.57; c2:0.04
193 T1113TS131_1o      131s    Kiharalab_Server     0.822    0.823    2        A2       C2        2        0.06     183      2        75.9     73.60      78.40       0.878      0.667      0.86           2          334        0.07     2.10       1.73       4022.8     2257.3     1765.5     0.915     c3:12.57; c2:0.04
194 T1113TS169_5o      169     GuijunLab-Human      0.820    0.824    2        A2       C2        2        0.97     141      2        71.3     80.50      64.10       0.799      0.605      0.80           2          334        0.02     2.07       2.26       5301.3     3020.2     2281.2     0.926     c3:12.30; c2:0.64
195 T1113TS312_5o      312     Fernandez-Recio      0.820    0.822    2        A2       C2        2        1.12     154      0        68.7     79.50      60.50       0.805      0.595      0.84           2          334        0.11     2.29       1.99       5058.5     2706.6     2351.9     0.903     c3:12.02; c2:0.64
196 T1113TS188_2o      188s    GuijunLab-DeepDA     0.820    0.824    2        A2       C2        2        0.97     141      2        71.3     80.50      64.10       0.799      0.605      0.80           2          334        0.02     2.07       2.26       5301.3     3020.2     2281.2     0.926     c3:12.30; c2:0.64
197 T1113TS188_3o      188s    GuijunLab-DeepDA     0.820    0.825    2        A2       C2        2        0.95     144      1        72.0     77.80      67.10       0.801      0.613      0.80           2          334        0.02     2.22       2.29       5104.0     2857.8     2246.1     0.914     c3:12.40; c2:0.62
198 T1113TS188_4o      188s    GuijunLab-DeepDA     0.819    0.822    2        A2       C2        2        0.92     141      2        69.8     80.50      61.70       0.798      0.605      0.78           2          334        0.01     1.99       2.24       5287.9     2919.3     2368.6     0.933     c3:12.27; c2:0.61
199 T1113TS037_4o      037     Wallner              0.816    0.818    2        A2       C2        2        1.10     183      1        74.9     70.20      80.20       0.765      0.366      0.84           1          167        0.00     5.45       4.71       3910.4     2306.9     1603.5     0.605     c3:14.52; c2:0.71
200 T1113TS248_5o      248     Manifold             0.815    0.818    2        A2       C2        2        3.00     173      0        71.2     76.60      66.50       0.597      0.343      0.80           1          167        0.00     5.02       4.38       5153.5     2728.3     2425.2     0.619     c3:12.34; c2:1.95
201 T1113TS035_5o      035s    Manifold-E           0.815    0.818    2        A2       C2        2        3.00     173      0        71.2     76.60      66.50       0.597      0.343      0.80           1          167        0.00     5.02       4.38       5153.5     2728.3     2425.2     0.619     c3:12.34; c2:1.95
202 T1113TS037_3o      037     Wallner              0.810    0.815    2        A2       C2        2        0.49     173      0        70.9     68.30      73.70       0.713      0.333      0.79           1          167        0.00     5.62       5.49       4351.1     2493.3     1857.8     0.548     c3:13.07; c2:0.34
203 T1113TS493_2o      493     Shen-CAPRI           0.809    0.809    2        A2       C2        2        6.52     128      0        68.5     82.40      58.70       0.768      0.477      0.80           2          334        0.05     3.91       3.34       6227.7     2832.6     3395.1     0.789     c3:11.73; c2:4.39
204 T1113TS278_5o      278     PEZYFoldings         0.779    0.779    2        A2       C2        2        3.97     139      0        73.7     81.80      67.10       0.855      0.507      0.78           2          334        0.02     3.53       5.37       4959.9     2562.2     2397.7     0.951     c3:11.72; c2:2.24
205 T1113TS185_4o      185     BAKER                0.771    0.772    2        A2       C2        2        0.01     162      0        68.3     68.90      67.70       0.837      0.504      0.85           2          334        0.08     3.47       2.97       4657.2     2661.7     1995.5     0.825     c3:12.74; c2:0.01
206 T1113TS037_5o      037     Wallner              0.687    0.699    2        A2       C1        2        0.00     162      0        67.7     68.30      67.10       0.813      0.403      0.77           2          334        0.08     5.86       8.90       3986.3     2329.2     1657.1     0.892     c3:11.75; c2:4.13
207 T1113TS477_1o      477     DMP                  0.679    0.956    2        A2       C2        2        0.38     117      0        71.0     89.90      58.70       0.833      0.604      0.66           2          316        0.05     1.97       1.37       4290.4     2785.8     1504.6     0.876     c3:11.32; c2:0.24
208 T1113TS385_1o      385     FoldEver-Hybrid      0.631    0.639    2        A2       C2        2        0.09     170      5        48.9     50.00      47.90       0.716      0.436      0.71           2          334        0.12     3.27       3.89       5197.0     2673.0     2524.0     0.875     c3:12.33; c2:0.05
209 T1113TS248_4o      248     Manifold             0.408    0.408    2        A2       C2        2        0.46     100      1        50.4     66.00      40.70       0.646      0.178      0.44           1          69         0.00     9.33       25.65      7480.8     3412.6     4068.3     0.627     c3:10.31; c2:0.32
210 T1113TS035_4o      035s    Manifold-E           0.408    0.408    2        A2       C2        2        0.46     100      1        50.4     66.00      40.70       0.646      0.178      0.44           1          69         0.00     9.33       25.65      7480.8     3412.6     4068.3     0.627     c3:10.31; c2:0.32
211 T1113TS493_5o      493     Shen-CAPRI           0.380    0.380    2        A2       C2        2        2.26     131      0        46.0     54.00      40.10       0.582      0.185      0.44           1          69         0.00     9.37       25.47      5227.0     2570.2     2656.9     0.604     c3:10.02; c2:1.58
212 T1113TS494_3o      494     Venclovas            0.129    0.129    2        A2       C2        2        1.05     62       0        3.7      8.20       2.40        0.614      0.034      0.23           1          69         0.00     9.76       27.08      5354.3     3114.6     2239.7     0.475     c3:9.75; c2:0.65
213 T1113TS494_4o      494     Venclovas            0.101    0.101    2        A2       C2        2        0.07     59       0        3.6      7.00       2.40        0.603      0.019      0.25           1          65         0.00     9.83       24.50      6955.1     3482.3     3472.8     0.377     c3:12.14; c2:0.05
214 T1113TS165_5o      165     FTBiot0119           0.087    0.087    2        A2       C1        2        0.00     108      3        3.8      5.20       3.00        0.637      0.021      0.37           1          167        0.00     4.50       21.33      6079.1     2263.3     3815.8     0.456     c3:11.71; c2:16.75
215 T1113TS035_2o      035s    Manifold-E           0.073    0.073    2        A2       C2        2        2.64     92       0        2.4      3.80       1.80        0.700      0.019      0.44           1          167        0.00     2.05       18.83      7183.6     3509.4     3506.8     0.513     c3:11.66; c2:1.47
216 T1113TS165_2o      165     FTBiot0119           0.073    0.073    2        A2       C2        2        1.12     131      2        2.1      2.50       1.80        0.638      0.048      0.30           1          167        0.00     3.71       13.08      5075.9     2265.0     2810.8     0.506     c3:13.31; c2:0.63
217 T1113TS165_4o      165     FTBiot0119           0.060    0.061    2        A2       C2        2        0.70     99       0        0.0      0.00       0.00        0.676      0.047      0.35           1          167        0.00     4.99       13.18      5779.0     2466.6     3312.3     0.494     c3:14.01; c2:0.39
218 T1113TS398_2o      398     ChaePred             0.054    0.055    2        A2       C2        2        6.22     55       2        2.6      4.80       1.80        0.643      0.018      0.23           1          49         0.00     9.82       25.46      4772.7     2448.4     2324.4     0.452     c3:7.79; c2:3.75
219 T1113TS098_2o      098s    GuijunLab-Assembly   0.040    0.040    2        A2       C1        2        0.00     281      20       1.3      1.10       1.80        0.501      0.019      0.32           1          69         0.00     9.87       20.62      6079.6     2606.2     3473.5     0.449     c3:7.69; c2:6.67
220 T1113TS398_5o      398     ChaePred             0.032    0.034    2        A2       C2        2        4.08     109      4        2.2      2.70       1.80        0.637      0.017      0.26           1          49         0.00     9.82       25.28      3331.4     1904.7     1426.7     0.446     c3:8.83; c2:2.83
221 T1113TS398_1o      398     ChaePred             0.029    0.030    2        A2       C1        2        0.00     120      3        2.1      2.40       1.80        0.611      0.026      0.15           1          49         0.00     9.82       24.79      3728.7     1832.4     1896.2     0.441     c3:8.29; c2:13.46
222 T1113TS398_3o      398     ChaePred             0.027    0.031    2        A2       C1        2        0.00     64       1        0.8      1.30       0.60        0.635      0.014      0.26           1          49         0.00     9.82       25.01      4668.4     2273.7     2394.7     0.442     c3:8.10; c2:4.95
223 T1113TS398_4o      398     ChaePred             0.026    0.028    2        A2       C1        2        0.00     59       1        0.9      1.50       0.60        0.642      0.014      0.25           1          49         0.00     9.82       25.05      4796.2     2306.4     2489.7     0.441     c3:7.67; c2:5.19
224 T1113TS165_1o      165     FTBiot0119           0.009    0.009    2        A2       C2        2        0.96     175      2        0.0      0.00       0.00        0.623      0.015      0.19           1          167        0.00     6.74       21.90      4898.9     2108.1     2790.8     0.427     c3:13.08; c2:0.51
225 T1113TS234_1o      234     Panlab               0.002    0.002    2        A2       C1        2        0.00     79       7        0.0      0.00       0.00        0.432      0.007      0.13           1          70         0.00     9.86       26.03      3673.2     -447.3     4120.4     0.392     c3:14.81; c2:16.88
226 T1113TS165_3o      165     FTBiot0119           0.002    0.002    2        A2       C2        2        0.89     109      4        0.0      0.00       0.00        0.588      0.015      0.15           1          49         0.00     9.77       26.33      2869.4     1270.8     1598.6     0.425     c3:12.67; c2:0.50
227 T1113TS098_3o      098s    GuijunLab-Assembly   0.000    0.000    2        A2       C1        2        0.00     214      13       0.0      0.00       0.00        0.454      0.010      0.03           1          69         0.00     9.97       27.86      4453.0     1762.4     2690.6     0.362     c3:5.92; c2:6.02
228 T1113TS447_1o      447     DELCLAB              0.000    0.000    2        A2       C2        2        4.99     73       0        0.0      0.00       0.00        0.651      0.005      0.02           1          167        0.00     1.68       35.62      6802.5     1545.8     5256.7     0.482     c3:14.24; c2:3.51
229 T1113TS447_4o      447     DELCLAB              0.000    0.000    2        A2       C1        2        0.00     55       0        0.0      0.00       0.00        0.651      0.006      0.04           1          167        0.00     1.63       31.89      7041.8     1737.2     5304.6     0.483     c3:8.87; c2:13.90
230 T1113TS494_5o      494     Venclovas            0.000    0.000    2        A2       C2        2        0.68     113      0        0.0      0.00       0.00        0.572      0.012      0.06           1          69         0.00     9.80       29.27      7261.5     2960.5     4301.0     0.358     c3:11.65; c2:0.46
231 T1113TS035_3o      035s    Manifold-E           0.000    0.000    2        A2       C2        2        0.89     83       1        0.0      0.00       0.00        0.676      0.022      0.20           1          167        0.00     2.05       15.81      6676.5     3128.9     3518.4     0.496     c3:13.61; c2:0.46
232 T1113TS447_2o      447     DELCLAB              0.000    0.000    2        A2       C2        2        4.40     73       0        0.0      0.00       0.00        0.653      0.005      0.02           1          167        0.00     1.74       35.17      6892.4     1541.2     5351.2     0.481     c3:13.85; c2:3.09
233 T1113TS447_3o      447     DELCLAB              0.000    0.000    2        A2       C2        2        6.41     69       0        0.0      0.00       0.00        0.655      0.005      0.02           1          167        0.00     1.74       36.80      6962.0     1618.3     5343.8     0.481     c3:13.99; c2:4.32