    Model              Gr.Code Group                QSglob   QSbest   Mol.Size Stoich.  Symm.     SymmSize SymmRMSD No.Conts No.Clash F1       Prec.Iface Recal.Iface lDDToligo  DockQ_Avg  Jaccard.Coeff. Align.Size Align.Len  Orient   LocalRMSD  Iface.RMSD SA.total   SA.polar  SA.apolar  TMscore    SymmGr.RMSD
1   T1110TS125_1o      125s    UltraFold_Server     0.978    0.978    2        A2       C2        2        0.03     161      1        90.2     90.80      89.70       0.935      0.936      0.95           2          442        0.00     1.30       0.38       1152.9     376.5      776.4      0.981     c3:10.23; c2:0.02
2   T1110TS348_2o      348     Takeda-Shitaka_Lab   0.978    0.978    2        A2       C2        2        0.03     161      1        90.3     89.80      90.90       0.934      0.940      0.95           2          442        0.00     1.22       0.38       1151.5     308.7      842.8      0.982     c3:10.24; c2:0.02
3   T1110TS348_1o      348     Takeda-Shitaka_Lab   0.978    0.978    2        A2       C2        2        0.04     161      1        90.0     90.20      89.70       0.934      0.936      0.94           2          442        0.01     1.28       0.37       1036.6     260.9      775.7      0.981     c3:10.22; c2:0.03
4   T1110TS054_5o      054     UltraFold            0.978    0.978    2        A2       C2        2        0.03     161      1        90.2     90.80      89.70       0.935      0.936      0.95           2          442        0.00     1.30       0.38       1152.9     376.5      776.4      0.981     c3:10.23; c2:0.02
5   T1110TS399_5o      399     BeijingAIProtein     0.978    0.978    2        A2       C2        2        0.03     161      1        90.2     90.80      89.70       0.935      0.936      0.95           2          442        0.00     1.30       0.38       1152.9     376.5      776.4      0.981     c3:10.23; c2:0.02
6   T1110TS477_1o      477     DMP                  0.978    0.978    2        A2       C2        2        0.03     158      1        90.4     92.30      88.60       0.930      0.928      0.93           2          442        0.01     1.24       0.38       370.9      287.0      83.9       0.982     c3:9.66; c2:0.02
7   T1110TS439_5o      439     Yang                 0.977    0.977    2        A2       C2        2        0.03     159      1        91.1     94.50      88.00       0.908      0.927      0.95           2          442        0.01     1.27       0.39       1101.7     -454.9     1556.5     0.981     c3:10.24; c2:0.02
8   T1110TS288_4o      288s    DFolding-server      0.977    0.977    2        A2       C2        2        0.08     161      1        91.8     91.00      92.60       0.933      0.946      0.92           2          442        0.01     1.25       0.36       1202.2     481.5      720.7      0.982     c3:10.24; c2:0.05
9   T1110TS298_3o      298s    MUFold               0.977    0.977    2        A2       C2        2        0.04     159      1        90.0     89.80      90.30       0.932      0.938      0.95           2          442        0.01     1.26       0.38       1112.3     337.2      775.2      0.982     c3:10.22; c2:0.03
10  T1110TS205_1o      205     Zou                  0.977    0.977    2        A2       C2        2        0.04     161      1        91.5     91.00      92.00       0.932      0.943      0.95           2          442        0.00     1.20       0.38       1063.0     258.5      804.5      0.983     c3:10.25; c2:0.03
11  T1110TS239_2o      239s    Yang-Multimer        0.977    0.977    2        A2       C2        2        0.03     159      1        91.1     94.50      88.00       0.908      0.927      0.95           2          442        0.01     1.27       0.39       1101.7     -454.9     1556.5     0.981     c3:10.24; c2:0.02
12  T1110TS003_2o      003     MULTICOM_human       0.976    0.976    2        A2       C2        2        0.04     161      1        92.1     94.60      89.70       0.932      0.934      0.95           2          442        0.01     1.22       0.39       1249.1     415.7      833.4      0.982     c3:10.24; c2:0.02
13  T1110TS003_1o      003     MULTICOM_human       0.976    0.976    2        A2       C2        2        0.05     161      1        92.4     94.10      90.90       0.933      0.938      0.95           2          442        0.01     1.22       0.39       1228.3     378.0      850.3      0.982     c3:10.25; c2:0.03
14  T1110TS187_2o      187     TRFold               0.976    0.976    2        A2       C2        2        0.12     163      1        92.7     91.60      93.70       0.932      0.947      0.92           2          442        0.01     1.20       0.40       1362.1     585.2      776.9      0.983     c3:10.24; c2:0.09
15  T1110TS423_3o      423     trComplex            0.976    0.976    2        A2       C2        2        0.03     160      1        92.2     93.00      91.40       0.933      0.940      0.95           2          442        0.00     1.21       0.38       1120.0     181.2      938.8      0.982     c3:10.23; c2:0.02
16  T1110TS390_5o      390s    NBIS-AF2-multimer    0.976    0.976    2        A2       C2        2        0.06     158      1        91.9     93.00      90.90       0.933      0.938      0.95           2          442        0.00     1.22       0.38       1238.3     367.9      870.4      0.982     c3:10.23; c2:0.04
17  T1110TS390_2o      390s    NBIS-AF2-multimer    0.976    0.976    2        A2       C2        2        0.03     159      1        91.6     92.40      90.90       0.932      0.937      0.95           2          442        0.00     1.25       0.38       1113.4     386.7      726.7      0.981     c3:10.22; c2:0.02
18  T1110TS320_5o      320     Elofsson             0.976    0.976    2        A2       C2        2        0.06     158      1        91.9     93.00      90.90       0.933      0.938      0.95           2          442        0.00     1.22       0.38       1238.3     367.9      870.4      0.982     c3:10.23; c2:0.04
19  T1110TS320_2o      320     Elofsson             0.976    0.976    2        A2       C2        2        0.03     159      1        91.6     92.40      90.90       0.932      0.937      0.95           2          442        0.00     1.25       0.38       1113.4     386.7      726.7      0.981     c3:10.22; c2:0.02
20  T1110TS320_4o      320     Elofsson             0.976    0.976    2        A2       C2        2        0.04     159      1        91.1     91.40      90.90       0.931      0.938      0.93           2          442        0.01     1.24       0.38       978.2      222.2      756.0      0.982     c3:10.22; c2:0.03
21  T1110TS003_5o      003     MULTICOM_human       0.976    0.976    2        A2       C2        2        0.04     161      1        92.4     94.60      90.30       0.932      0.936      0.95           2          442        0.01     1.23       0.40       1180.6     389.6      791.0      0.982     c3:10.24; c2:0.03
22  T1110TS035_1o      035s    Manifold-E           0.976    0.976    2        A2       C2        2        0.03     154      1        92.6     95.70      89.70       0.931      0.934      0.97           2          442        0.01     1.27       0.40       1358.6     566.0      792.6      0.981     c3:10.23; c2:0.02
23  T1110TS086_5o      086s    MULTICOM_qa          0.976    0.976    2        A2       C2        2        0.04     161      1        92.4     94.60      90.30       0.932      0.936      0.95           2          442        0.01     1.23       0.40       1180.6     389.6      791.0      0.982     c3:10.24; c2:0.03
24  T1110TS390_4o      390s    NBIS-AF2-multimer    0.976    0.976    2        A2       C2        2        0.04     159      1        91.1     91.40      90.90       0.931      0.938      0.93           2          442        0.01     1.24       0.38       978.2      222.2      756.0      0.982     c3:10.22; c2:0.03
25  T1110TS423_2o      423     trComplex            0.976    0.976    2        A2       C2        2        0.12     163      1        92.7     91.60      93.70       0.932      0.947      0.92           2          442        0.01     1.20       0.40       1362.1     585.2      776.9      0.983     c3:10.24; c2:0.09
26  T1110TS367_4o      367     MULTICOM             0.976    0.976    2        A2       C2        2        0.02     161      1        92.1     94.00      90.30       0.931      0.935      0.95           2          442        0.01     1.27       0.40       1144.4     351.0      793.4      0.981     c3:10.23; c2:0.01
27  T1110TS158_1o      158s    MULTICOM_deep        0.976    0.976    2        A2       C2        2        0.03     158      1        91.8     94.50      89.10       0.931      0.932      0.95           2          442        0.01     1.27       0.39       1188.4     391.7      796.7      0.981     c3:10.23; c2:0.02
28  T1110TS248_1o      248     Manifold             0.976    0.976    2        A2       C2        2        0.03     154      1        92.6     95.70      89.70       0.931      0.934      0.97           2          442        0.01     1.27       0.40       1358.6     566.0      792.6      0.981     c3:10.23; c2:0.02
29  T1110TS086_3o      086s    MULTICOM_qa          0.976    0.976    2        A2       C2        2        0.04     161      1        92.1     94.60      89.70       0.932      0.934      0.95           2          442        0.01     1.22       0.39       1249.1     415.7      833.4      0.982     c3:10.24; c2:0.02
30  T1110TS288_3o      288s    DFolding-server      0.976    0.976    2        A2       C2        2        0.12     162      1        93.4     93.20      93.70       0.932      0.946      0.95           2          442        0.01     1.20       0.40       1339.0     538.6      800.4      0.982     c3:10.25; c2:0.08
31  T1110TS187_3o      187     TRFold               0.976    0.976    2        A2       C2        2        0.03     160      1        92.2     93.00      91.40       0.933      0.940      0.95           2          442        0.00     1.21       0.38       1120.0     181.2      938.8      0.982     c3:10.23; c2:0.02
32  T1110TS158_5o      158s    MULTICOM_deep        0.976    0.976    2        A2       C2        2        0.05     161      1        92.4     94.10      90.90       0.933      0.938      0.95           2          442        0.01     1.22       0.39       1228.3     378.0      850.3      0.982     c3:10.25; c2:0.03
33  T1110TS003_3o      003     MULTICOM_human       0.975    0.975    2        A2       C2        2        0.03     161      1        92.4     94.60      90.30       0.932      0.935      0.97           2          442        0.00     1.19       0.40       1266.6     421.8      844.8      0.982     c3:10.24; c2:0.02
34  T1110TS288_1o      288s    DFolding-server      0.975    0.975    2        A2       C2        2        0.11     167      1        92.2     90.20      94.30       0.928      0.945      0.93           2          442        0.01     1.32       0.41       1325.6     609.0      716.5      0.980     c3:10.21; c2:0.07
35  T1110TS169_3o      169     GuijunLab-Human      0.975    0.975    2        A2       C2        2        0.03     162      1        91.9     93.50      90.30       0.933      0.935      0.95           2          442        0.00     1.23       0.38       1045.0     229.6      815.4      0.982     c3:10.23; c2:0.02
36  T1110TS098_1o      098s    GuijunLab-Assembly   0.975    0.975    2        A2       C2        2        0.04     160      1        92.8     93.10      92.60       0.930      0.943      0.95           2          442        0.01     1.27       0.39       1161.3     370.4      790.9      0.981     c3:10.21; c2:0.03
37  T1110TS288_2o      288s    DFolding-server      0.975    0.975    2        A2       C2        2        0.12     164      1        91.3     90.00      92.60       0.931      0.943      0.91           2          442        0.01     1.26       0.40       1235.2     377.1      858.0      0.982     c3:10.24; c2:0.09
38  T1110TS423_5o      423     trComplex            0.975    0.975    2        A2       C2        2        0.38     163      1        92.4     90.70      94.30       0.932      0.948      0.93           2          442        0.01     1.24       0.40       1315.8     606.9      708.8      0.982     c3:10.26; c2:0.27
39  T1110TS390_3o      390s    NBIS-AF2-multimer    0.975    0.975    2        A2       C2        2        0.03     161      1        92.2     93.00      91.40       0.933      0.939      0.95           2          442        0.00     1.22       0.38       1141.5     323.8      817.7      0.982     c3:10.23; c2:0.02
40  T1110TS158_2o      158s    MULTICOM_deep        0.975    0.975    2        A2       C2        2        0.02     159      1        92.7     95.20      90.30       0.931      0.936      0.97           2          442        0.01     1.25       0.40       1218.4     376.9      841.5      0.981     c3:10.23; c2:0.01
41  T1110TS086_2o      086s    MULTICOM_qa          0.975    0.975    2        A2       C2        2        0.02     159      1        92.4     94.60      90.30       0.931      0.936      0.97           2          442        0.01     1.25       0.40       1209.4     376.5      832.9      0.981     c3:10.22; c2:0.02
42  T1110TS188_3o      188s    GuijunLab-DeepDA     0.975    0.975    2        A2       C2        2        0.02     159      1        91.3     92.90      89.70       0.933      0.935      0.95           2          442        0.00     1.20       0.38       1147.5     303.0      844.5      0.982     c3:10.24; c2:0.02
43  T1110TS320_3o      320     Elofsson             0.975    0.975    2        A2       C2        2        0.03     161      1        92.2     93.00      91.40       0.933      0.939      0.95           2          442        0.00     1.22       0.38       1141.5     323.8      817.7      0.982     c3:10.23; c2:0.02
44  T1110TS320_1o      320     Elofsson             0.975    0.975    2        A2       C2        2        0.02     159      1        91.3     92.90      89.70       0.933      0.935      0.95           2          442        0.00     1.20       0.38       1147.5     303.0      844.5      0.982     c3:10.24; c2:0.02
45  T1110TS098_4o      098s    GuijunLab-Assembly   0.975    0.975    2        A2       C2        2        0.03     162      1        91.9     93.50      90.30       0.933      0.935      0.95           2          442        0.00     1.23       0.38       1045.0     229.6      815.4      0.982     c3:10.23; c2:0.02
46  T1110TS298_4o      298s    MUFold               0.975    0.975    2        A2       C2        2        0.04     160      1        92.4     94.10      90.90       0.932      0.936      0.95           2          442        0.00     1.18       0.39       1187.0     302.4      884.6      0.982     c3:10.24; c2:0.03
47  T1110TS169_4o      169     GuijunLab-Human      0.975    0.975    2        A2       C2        2        0.03     162      1        91.9     93.50      90.30       0.933      0.935      0.95           2          442        0.00     1.23       0.38       1045.0     229.6      815.4      0.982     c3:10.23; c2:0.02
48  T1110TS374_3o      374     Zheng                0.975    0.975    2        A2       C2        2        0.16     156      1        90.8     91.80      89.70       0.933      0.933      0.95           2          442        0.00     1.24       0.39       1067.8     170.7      897.1      0.982     c3:10.23; c2:0.11
49  T1110TS348_3o      348     Takeda-Shitaka_Lab   0.975    0.975    2        A2       C2        2        0.03     161      1        92.2     93.00      91.40       0.933      0.939      0.95           2          442        0.00     1.22       0.38       1114.1     234.4      879.7      0.982     c3:10.23; c2:0.02
50  T1110TS169_2o      169     GuijunLab-Human      0.975    0.975    2        A2       C2        2        0.04     160      1        92.8     93.10      92.60       0.930      0.943      0.95           2          442        0.01     1.27       0.39       1161.3     370.4      790.9      0.981     c3:10.21; c2:0.03
51  T1110TS298_2o      298s    MUFold               0.975    0.975    2        A2       C2        2        0.04     160      1        92.5     93.10      92.00       0.933      0.941      0.95           2          442        0.00     1.22       0.38       1136.8     317.9      818.9      0.982     c3:10.22; c2:0.03
52  T1110TS180_3o      180     McGuffin             0.975    0.975    2        A2       C2        2        0.02     163      1        90.2     91.20      89.10       0.930      0.932      0.93           2          442        0.01     1.26       0.39       1080.7     240.4      840.3      0.982     c3:10.25; c2:0.01
53  T1110TS390_1o      390s    NBIS-AF2-multimer    0.975    0.975    2        A2       C2        2        0.02     159      1        91.3     92.90      89.70       0.933      0.935      0.95           2          442        0.00     1.20       0.38       1147.5     303.0      844.5      0.982     c3:10.24; c2:0.02
54  T1110TS086_1o      086s    MULTICOM_qa          0.975    0.975    2        A2       C2        2        0.02     158      1        92.7     95.20      90.30       0.931      0.936      0.97           2          442        0.01     1.26       0.40       1195.5     368.3      827.2      0.981     c3:10.23; c2:0.02
55  T1110TS187_5o      187     TRFold               0.975    0.975    2        A2       C2        2        0.38     163      1        92.4     90.70      94.30       0.932      0.948      0.93           2          442        0.01     1.24       0.40       1315.8     606.9      708.8      0.982     c3:10.26; c2:0.27
56  T1110TS374_1o      374     Zheng                0.974    0.974    2        A2       C2        2        0.03     160      1        90.4     92.30      88.60       0.927      0.926      0.92           2          442        0.01     1.26       0.43       1197.5     399.1      798.4      0.981     c3:10.24; c2:0.02
57  T1110TS298_1o      298s    MUFold               0.974    0.974    2        A2       C2        2        0.03     158      1        93.3     94.70      92.00       0.929      0.939      0.95           2          442        0.01     1.26       0.40       1150.2     321.2      829.0      0.981     c3:10.22; c2:0.02
58  T1110TS314_5o      314     Pierce               0.974    0.974    2        A2       C2        2        0.06     166      1        92.4     90.70      94.30       0.942      0.952      0.97           2          442        0.01     0.86       0.40       1266.2     473.7      792.5      0.990     c3:10.28; c2:0.04
59  T1110TS360_2o      360     MUFold_H             0.974    0.974    2        A2       C2        2        0.03     163      1        92.4     91.10      93.70       0.932      0.948      0.97           2          442        0.00     1.15       0.40       1362.3     442.0      920.3      0.983     c3:10.27; c2:0.02
60  T1110TS360_4o      360     MUFold_H             0.974    0.974    2        A2       C2        2        0.06     167      1        93.0     91.20      94.90       0.932      0.951      0.96           2          442        0.00     1.18       0.39       1317.1     462.3      854.8      0.983     c3:10.27; c2:0.04
61  T1110TS374_4o      374     Zheng                0.974    0.974    2        A2       C2        2        0.03     163      1        95.1     95.40      94.90       0.931      0.948      0.97           2          442        0.01     1.21       0.42       1457.1     719.6      737.5      0.983     c3:10.23; c2:0.02
62  T1110TS462_2o      462s    MultiFOLD            0.974    0.974    2        A2       C2        2        0.02     161      1        91.2     90.90      91.40       0.928      0.939      0.95           2          442        0.00     1.24       0.40       1178.2     382.0      796.1      0.982     c3:10.26; c2:0.02
63  T1110TS125_2o      125s    UltraFold_Server     0.974    0.974    2        A2       C2        2        0.04     164      1        92.4     91.60      93.10       0.929      0.945      0.95           2          442        0.01     1.24       0.40       1336.9     534.7      802.2      0.982     c3:10.25; c2:0.02
64  T1110TS169_5o      169     GuijunLab-Human      0.974    0.974    2        A2       C2        2        0.03     161      1        93.0     94.70      91.40       0.933      0.941      0.95           2          442        0.00     1.25       0.38       1159.2     430.9      728.3      0.982     c3:10.23; c2:0.02
65  T1110TS360_1o      360     MUFold_H             0.974    0.974    2        A2       C2        2        0.06     166      1        92.4     90.70      94.30       0.942      0.952      0.97           2          442        0.01     0.86       0.40       1266.2     473.7      792.5      0.990     c3:10.28; c2:0.04
66  T1110TS169_1o      169     GuijunLab-Human      0.974    0.974    2        A2       C2        2        0.03     161      1        93.0     94.70      91.40       0.933      0.941      0.95           2          442        0.00     1.25       0.38       1159.2     430.9      728.3      0.982     c3:10.23; c2:0.02
67  T1110TS374_2o      374     Zheng                0.974    0.974    2        A2       C2        2        0.04     162      1        94.9     94.90      94.90       0.929      0.949      0.98           2          442        0.01     1.21       0.41       1480.5     772.7      707.8      0.983     c3:10.22; c2:0.03
68  T1110TS098_5o      098s    GuijunLab-Assembly   0.974    0.974    2        A2       C2        2        0.03     161      1        93.0     94.70      91.40       0.933      0.941      0.95           2          442        0.00     1.25       0.38       1159.2     430.9      728.3      0.982     c3:10.23; c2:0.02
69  T1110TS158_3o      158s    MULTICOM_deep        0.974    0.974    2        A2       C2        2        0.02     158      1        92.7     95.20      90.30       0.931      0.935      0.97           2          442        0.01     1.26       0.40       1218.5     378.6      840.0      0.981     c3:10.23; c2:0.01
70  T1110TS003_4o      003     MULTICOM_human       0.974    0.974    2        A2       C2        2        0.03     161      3        91.9     93.00      90.90       0.932      0.939      0.93           2          442        0.01     1.19       0.40       1534.4     683.7      850.7      0.983     c3:10.26; c2:0.02
71  T1110TS360_3o      360     MUFold_H             0.974    0.974    2        A2       C2        2        0.03     164      1        93.0     91.70      94.30       0.932      0.948      0.97           2          442        0.00     1.26       0.39       1178.8     329.8      849.1      0.982     c3:10.26; c2:0.02
72  T1110TS180_5o      180     McGuffin             0.973    0.973    2        A2       C2        2        0.03     162      1        91.4     91.40      91.40       0.928      0.939      0.92           2          442        0.01     1.27       0.40       1102.0     296.6      805.3      0.981     c3:10.24; c2:0.02
73  T1110TS439_1o      439     Yang                 0.973    0.973    2        A2       C2        2        0.03     160      1        91.7     95.10      88.60       0.903      0.927      0.91           2          442        0.01     1.25       0.41       1341.2     -314.4     1655.7     0.981     c3:10.24; c2:0.02
74  T1110TS037_3o      037     Wallner              0.973    0.973    2        A2       C2        2        0.25     158      1        91.6     92.40      90.90       0.933      0.936      0.97           2          442        0.01     1.16       0.42       1399.7     800.6      599.0      0.983     c3:10.28; c2:0.18
75  T1110TS446_4o      446s    ColabFold            0.973    0.973    2        A2       C2        2        0.03     158      2        94.1     93.30      94.90       0.928      0.949      0.98           2          442        0.01     1.20       0.42       1383.5     577.5      806.0      0.982     c3:10.24; c2:0.02
76  T1110TS201_3o      201     UTMB                 0.973    0.973    2        A2       C2        2        0.04     159      1        91.7     95.10      88.60       0.926      0.930      0.92           2          442        0.01     1.30       0.41       1145.9     443.6      702.2      0.981     c3:10.23; c2:0.02
77  T1110TS086_4o      086s    MULTICOM_qa          0.973    0.973    2        A2       C2        2        0.01     155      1        92.1     94.00      90.30       0.932      0.939      0.95           2          442        0.00     1.23       0.39       1290.6     459.7      831.0      0.982     c3:10.26; c2:0.01
78  T1110TS180_1o      180     McGuffin             0.973    0.973    2        A2       C2        2        0.02     163      1        90.9     90.40      91.40       0.928      0.938      0.92           2          442        0.01     1.28       0.40       1007.4     236.8      770.6      0.981     c3:10.25; c2:0.01
79  T1110TS180_4o      180     McGuffin             0.973    0.973    2        A2       C2        2        0.04     163      1        90.4     89.40      91.40       0.927      0.939      0.92           2          442        0.01     1.27       0.39       1015.6     218.7      796.8      0.981     c3:10.24; c2:0.03
80  T1110TS037_1o      037     Wallner              0.973    0.973    2        A2       C2        2        0.11     156      1        92.4     94.10      90.90       0.932      0.940      0.96           2          442        0.01     1.17       0.40       872.0      244.5      627.4      0.984     c3:10.18; c2:0.07
81  T1110TS201_4o      201     UTMB                 0.973    0.973    2        A2       C2        2        0.03     160      1        93.9     94.80      93.10       0.930      0.942      0.97           2          442        0.01     1.24       0.43       1519.2     712.3      806.9      0.981     c3:10.23; c2:0.02
82  T1110TS201_5o      201     UTMB                 0.973    0.973    2        A2       C2        2        0.04     158      1        92.6     92.10      93.10       0.930      0.944      0.97           2          442        0.01     1.16       0.42       1584.4     732.2      852.1      0.983     c3:10.27; c2:0.03
83  T1110TS367_5o      367     MULTICOM             0.973    0.973    2        A2       C2        2        0.03     158      1        91.2     93.40      89.10       0.929      0.933      0.95           2          442        0.01     1.26       0.41       1240.8     410.6      830.2      0.981     c3:10.23; c2:0.02
84  T1110TS239_3o      239s    Yang-Multimer        0.973    0.973    2        A2       C2        2        0.03     160      1        91.7     95.10      88.60       0.903      0.927      0.91           2          442        0.01     1.25       0.41       1341.2     -314.4     1655.7     0.981     c3:10.24; c2:0.02
85  T1110TS374_5o      374     Zheng                0.973    0.973    2        A2       C2        2        0.04     160      1        92.3     92.00      92.60       0.927      0.932      0.95           2          442        0.01     1.18       0.45       1307.0     425.8      881.1      0.982     c3:10.24; c2:0.03
86  T1110TS158_4o      158s    MULTICOM_deep        0.973    0.973    2        A2       C2        2        0.02     155      1        91.9     93.50      90.30       0.931      0.939      0.95           2          442        0.00     1.23       0.39       1278.1     474.5      803.6      0.982     c3:10.25; c2:0.01
87  T1110TS462_1o      462s    MultiFOLD            0.973    0.973    2        A2       C2        2        0.02     162      1        92.1     91.10      93.10       0.927      0.942      0.93           2          442        0.01     1.27       0.41       1046.2     291.8      754.4      0.981     c3:10.27; c2:0.02
88  T1110TS180_2o      180     McGuffin             0.973    0.973    2        A2       C2        2        0.02     163      1        90.4     89.40      91.40       0.927      0.937      0.93           2          442        0.01     1.28       0.41       1007.0     151.9      855.0      0.981     c3:10.25; c2:0.02
89  T1110TS348_5o      348     Takeda-Shitaka_Lab   0.973    0.973    2        A2       C2        2        0.08     166      1        92.9     92.10      93.70       0.931      0.945      0.97           2          442        0.00     1.18       0.41       1166.3     215.9      950.3      0.983     c3:10.26; c2:0.05
90  T1110TS360_5o      360     MUFold_H             0.972    0.972    2        A2       C2        2        0.02     162      1        93.0     91.70      94.30       0.931      0.946      0.97           2          442        0.00     1.14       0.41       1258.9     445.7      813.2      0.983     c3:10.28; c2:0.02
91  T1110TS462_5o      462s    MultiFOLD            0.972    0.972    2        A2       C2        2        0.02     164      1        91.3     90.00      92.60       0.926      0.941      0.94           2          442        0.01     1.26       0.41       1179.7     411.7      768.0      0.982     c3:10.26; c2:0.01
92  T1110TS205_3o      205     Zou                  0.972    0.972    2        A2       C2        2        0.04     161      1        93.0     91.70      94.30       0.926      0.946      0.95           2          442        0.00     1.24       0.40       1184.1     331.4      852.7      0.981     c3:10.26; c2:0.03
93  T1110TS461_5o      461     colabfold_human      0.972    0.972    2        A2       C2        2        0.02     158      1        94.1     93.30      94.90       0.930      0.951      0.98           2          442        0.00     1.16       0.43       1550.5     690.7      859.8      0.983     c3:10.27; c2:0.02
94  T1110TS350_4o      350     ClusPro              0.972    0.972    2        A2       C2        2        0.05     165      1        93.9     95.80      92.00       0.914      0.933      0.98           2          442        0.00     1.24       0.39       510.5      50.7       459.9      0.982     c3:10.20; c2:0.04
95  T1110TS298_5o      298s    MUFold               0.972    0.972    2        A2       C2        2        0.20     163      1        92.4     94.10      90.90       0.930      0.928      0.97           2          442        0.01     1.24       0.45       1227.3     452.4      774.9      0.981     c3:10.24; c2:0.14
96  T1110TS291_4o      291     Kozakov-Vajda        0.972    0.972    2        A2       C2        2        0.05     165      1        93.9     95.80      92.00       0.914      0.933      0.98           2          442        0.00     1.24       0.39       510.5      50.7       459.9      0.982     c3:10.20; c2:0.04
97  T1110TS201_2o      201     UTMB                 0.972    0.972    2        A2       C2        2        0.02     158      1        91.2     90.90      91.40       0.930      0.939      0.94           2          442        0.01     1.26       0.43       1431.0     633.1      798.0      0.981     c3:10.23; c2:0.02
98  T1110TS446_5o      446s    ColabFold            0.972    0.972    2        A2       C2        2        0.02     158      1        94.1     93.30      94.90       0.930      0.951      0.98           2          442        0.00     1.16       0.43       1550.5     690.7      859.8      0.983     c3:10.27; c2:0.02
99  T1110TS494_1o      494     Venclovas            0.972    0.972    2        A2       C2        2        0.07     162      1        91.4     91.40      91.40       0.922      0.928      0.95           2          442        0.00     1.29       0.45       1807.4     1103.8     703.6      0.980     c3:10.26; c2:0.05
100 T1110TS462_3o      462s    MultiFOLD            0.972    0.972    2        A2       C2        2        0.02     164      1        90.5     88.50      92.60       0.925      0.940      0.93           2          442        0.01     1.25       0.42       1113.9     305.5      808.3      0.981     c3:10.26; c2:0.01
101 T1110TS239_1o      239s    Yang-Multimer        0.972    0.972    2        A2       C2        2        0.03     160      1        89.7     92.20      87.40       0.900      0.921      0.93           2          442        0.01     1.25       0.44       1453.3     -229.1     1682.4     0.981     c3:10.24; c2:0.02
102 T1110TS446_3o      446s    ColabFold            0.972    0.972    2        A2       C2        2        0.02     158      2        95.1     95.40      94.90       0.928      0.952      0.97           2          442        0.01     1.24       0.41       1485.8     632.5      853.3      0.982     c3:10.24; c2:0.01
103 T1110TS201_1o      201     UTMB                 0.971    0.971    2        A2       C2        2        0.02     157      1        92.0     95.10      89.10       0.931      0.931      0.92           2          442        0.01     1.24       0.43       1509.4     758.5      751.0      0.982     c3:10.24; c2:0.02
104 T1110TS462_4o      462s    MultiFOLD            0.971    0.971    2        A2       C2        2        0.02     160      1        91.3     90.00      92.60       0.925      0.941      0.92           2          442        0.01     1.25       0.42       1084.9     279.4      805.4      0.982     c3:10.26; c2:0.01
105 T1110TS239_5o      239s    Yang-Multimer        0.970    0.970    2        A2       C2        2        0.02     159      1        89.5     94.30      85.10       0.905      0.917      0.92           2          442        0.01     1.26       0.44       1449.3     -180.0     1629.3     0.981     c3:10.23; c2:0.02
106 T1110TS291_3o      291     Kozakov-Vajda        0.970    0.970    2        A2       C2        2        0.05     157      1        91.7     91.50      92.00       0.916      0.933      0.93           2          442        0.00     1.22       0.40       579.4      94.7       484.7      0.982     c3:10.21; c2:0.03
107 T1110TS350_3o      350     ClusPro              0.970    0.970    2        A2       C2        2        0.05     157      1        91.7     91.50      92.00       0.916      0.933      0.93           2          442        0.00     1.22       0.40       579.4      94.7       484.7      0.982     c3:10.21; c2:0.03
108 T1110TS291_5o      291     Kozakov-Vajda        0.970    0.970    2        A2       C2        2        0.04     158      1        91.5     91.00      92.00       0.915      0.935      0.93           2          442        0.00     1.22       0.40       564.1      84.5       479.6      0.982     c3:10.23; c2:0.03
109 T1110TS348_4o      348     Takeda-Shitaka_Lab   0.970    0.970    2        A2       C2        2        0.04     163      1        93.1     94.20      92.00       0.931      0.930      0.93           2          442        0.01     1.25       0.47       1195.1     317.2      877.9      0.981     c3:10.23; c2:0.03
110 T1110TS350_5o      350     ClusPro              0.970    0.970    2        A2       C2        2        0.04     158      1        91.5     91.00      92.00       0.915      0.935      0.93           2          442        0.00     1.22       0.40       564.1      84.5       479.6      0.982     c3:10.23; c2:0.03
111 T1110TS071_4o      071s    RaptorX-Multimer     0.970    0.970    2        A2       C2        2        0.03     156      3        92.8     93.10      92.60       0.920      0.937      0.97           2          442        0.00     1.20       0.44       1487.6     712.7      774.9      0.982     c3:21.25; c2:0.02
112 T1110TS446_1o      446s    ColabFold            0.970    0.970    2        A2       C2        2        0.02     157      1        92.0     92.00      92.00       0.915      0.942      0.95           2          442        0.01     1.23       0.42       1452.3     622.0      830.4      0.982     c3:10.24; c2:0.01
113 T1110TS446_2o      446s    ColabFold            0.970    0.970    2        A2       C2        2        0.01     158      2        93.8     92.70      94.90       0.927      0.949      0.97           2          442        0.01     1.26       0.44       1539.2     683.7      855.5      0.981     c3:10.23; c2:0.01
114 T1110TS444_1o      444     CoDock               0.969    0.969    2        A2       C2        2        0.19     156      1        91.2     90.90      91.40       0.893      0.907      0.97           2          442        0.01     1.39       0.59       1697.8     1022.4     675.4      0.977     c3:10.38; c2:0.13
115 T1110TS071_3o      071s    RaptorX-Multimer     0.969    0.969    2        A2       C2        2        0.02     164      2        92.6     92.60      92.60       0.914      0.928      0.97           2          442        0.00     1.26       0.49       1346.6     631.5      715.1      0.980     c3:10.24; c2:0.01
116 T1110TS125_5o      125s    UltraFold_Server     0.968    0.968    2        A2       C2        2        0.04     161      1        93.1     93.60      92.60       0.928      0.927      0.95           2          442        0.01     1.26       0.51       1178.8     402.1      776.6      0.980     c3:10.25; c2:0.03
117 T1110TS239_4o      239s    Yang-Multimer        0.968    0.968    2        A2       C2        2        0.04     159      1        92.8     94.10      91.40       0.904      0.920      0.96           2          442        0.01     1.32       0.49       1109.3     -461.7     1571.1     0.979     c3:10.23; c2:0.02
118 T1110TS350_1o      350     ClusPro              0.967    0.967    2        A2       C2        2        0.14     166      1        91.9     90.10      93.70       0.910      0.934      0.94           2          442        0.00     1.26       0.45       340.8      137.2      203.5      0.981     c3:10.17; c2:0.10
119 T1110TS291_1o      291     Kozakov-Vajda        0.967    0.967    2        A2       C2        2        0.14     166      1        91.9     90.10      93.70       0.910      0.934      0.94           2          442        0.00     1.26       0.45       340.8      137.2      203.5      0.981     c3:10.17; c2:0.10
120 T1110TS444_4o      444     CoDock               0.967    0.967    2        A2       C2        2        0.21     151      0        90.3     96.10      85.10       0.895      0.893      0.90           2          442        0.00     1.28       0.53       1575.8     758.2      817.6      0.979     c3:10.33; c2:0.13
121 T1110TS314_3o      314     Pierce               0.967    0.967    2        A2       C2        2        0.00     152      1        94.4     97.00      92.00       0.900      0.919      0.95           2          442        0.01     1.25       0.52       1154.2     481.3      673.0      0.980     c3:20.69; c2:0.00
122 T1110TS131_4o      131s    Kiharalab_Server     0.966    0.966    2        A2       C2        2        0.06     160      1        88.6     88.60      88.60       0.920      0.915      0.90           2          442        0.01     1.27       0.50       1147.6     388.3      759.4      0.981     c3:10.25; c2:0.04
123 T1110TS314_1o      314     Pierce               0.966    0.966    2        A2       C2        2        0.00     153      0        95.1     95.90      94.30       0.901      0.921      0.98           2          442        0.01     1.29       0.52       1161.4     625.9      535.5      0.979     c3:10.18; c2:0.00
124 T1110TS314_2o      314     Pierce               0.966    0.966    2        A2       C2        2        0.00     154      0        94.0     93.80      94.30       0.903      0.923      0.97           2          442        0.01     1.11       0.51       1421.8     661.5      760.3      0.983     c3:21.03; c2:0.00
125 T1110TS071_5o      071s    RaptorX-Multimer     0.966    0.966    2        A2       C2        2        0.02     162      2        93.7     93.70      93.70       0.920      0.927      0.98           2          442        0.01     1.29       0.50       1229.6     480.9      748.7      0.980     c3:10.22; c2:0.01
126 T1110TS205_2o      205     Zou                  0.966    0.966    2        A2       C2        2        0.12     161      1        91.5     94.00      89.10       0.928      0.917      0.95           2          442        0.01     1.31       0.51       1002.7     143.1      859.6      0.980     c3:10.20; c2:0.08
127 T1110TS367_1o      367     MULTICOM             0.965    0.965    2        A2       C2        2        0.01     159      2        91.8     94.50      89.10       0.915      0.915      0.97           2          442        0.01     1.30       0.53       993.2      325.6      667.6      0.980     c3:10.27; c2:0.01
128 T1110TS367_2o      367     MULTICOM             0.965    0.965    2        A2       C2        2        0.02     160      2        92.1     94.60      89.70       0.914      0.917      0.97           2          442        0.01     1.30       0.53       1005.8     337.6      668.2      0.980     c3:10.28; c2:0.01
129 T1110TS185_4o      185     BAKER                0.965    0.965    2        A2       C2        2        0.04     164      1        91.2     93.90      88.60       0.912      0.915      0.91           2          442        0.01     1.18       0.50       1595.9     1077.0     518.9      0.982     c3:10.26; c2:0.03
130 T1110TS399_1o      399     BeijingAIProtein     0.965    0.965    2        A2       C2        2        0.03     160      1        92.5     93.60      91.40       0.925      0.915      0.95           2          442        0.01     1.27       0.55       984.6      288.2      696.4      0.980     c3:10.25; c2:0.02
131 T1110TS054_1o      054     UltraFold            0.965    0.965    2        A2       C2        2        0.03     160      1        92.5     93.60      91.40       0.925      0.915      0.95           2          442        0.01     1.27       0.55       984.6      288.2      696.4      0.980     c3:10.25; c2:0.02
132 T1110TS367_3o      367     MULTICOM             0.965    0.965    2        A2       C2        2        0.02     160      2        90.5     94.40      86.90       0.915      0.907      0.95           2          442        0.01     1.29       0.53       993.8      271.9      721.9      0.980     c3:10.29; c2:0.01
133 T1110TS350_2o      350     ClusPro              0.964    0.964    2        A2       C2        2        0.09     163      1        91.5     91.00      92.00       0.907      0.924      0.94           2          442        0.01     1.28       0.50       624.5      412.9      211.6      0.980     c3:10.19; c2:0.06
134 T1110TS291_2o      291     Kozakov-Vajda        0.964    0.964    2        A2       C2        2        0.09     163      1        91.5     91.00      92.00       0.907      0.924      0.94           2          442        0.01     1.28       0.50       624.5      412.9      211.6      0.980     c3:10.19; c2:0.06
135 T1110TS312_4o      312     Fernandez-Recio      0.964    0.964    2        A2       C2        2        0.40     176      2        90.9     90.40      91.40       0.921      0.913      0.93           2          440        0.01     1.28       0.53       -646.2     -339.4     -306.8     0.976     c3:9.32; c2:0.27
136 T1110TS185_1o      185     BAKER                0.964    0.964    2        A2       C2        2        0.78     168      1        92.3     92.00      92.60       0.906      0.930      0.95           2          442        0.00     1.27       0.49       1273.0     765.8      507.3      0.980     c3:10.17; c2:0.55
137 T1110TS185_3o      185     BAKER                0.964    0.964    2        A2       C2        2        0.04     159      1        92.5     93.60      91.40       0.909      0.923      0.93           2          442        0.01     1.12       0.53       1680.0     1100.7     579.3      0.983     c3:10.29; c2:0.03
138 T1110TS444_5o      444     CoDock               0.963    0.963    2        A2       C2        2        0.42     153      1        88.7     92.50      85.10       0.888      0.885      0.91           2          442        0.00     1.37       0.60       1898.5     1096.7     801.9      0.977     c3:10.40; c2:0.30
139 T1110TS187_1o      187     TRFold               0.962    0.962    2        A2       C2        2        0.16     157      1        88.3     90.40      86.30       0.906      0.896      0.92           2          442        0.02     0.90       0.60       1200.0     685.9      514.1      0.988     c3:10.35; c2:0.10
140 T1110TS423_1o      423     trComplex            0.962    0.962    2        A2       C2        2        0.16     157      1        88.3     90.40      86.30       0.906      0.896      0.92           2          442        0.02     0.90       0.60       1200.0     685.9      514.1      0.988     c3:10.35; c2:0.10
141 T1110TS444_3o      444     CoDock               0.962    0.962    2        A2       C2        2        0.16     160      1        89.7     89.70      89.70       0.889      0.888      0.94           2          442        0.00     1.40       0.67       1755.8     1060.5     695.2      0.976     c3:10.40; c2:0.11
142 T1110TS187_4o      187     TRFold               0.962    0.962    2        A2       C2        2        0.18     156      1        89.0     90.50      87.40       0.901      0.898      0.94           2          442        0.02     1.12       0.59       1155.5     675.2      480.3      0.982     c3:10.31; c2:0.12
143 T1110TS185_5o      185     BAKER                0.962    0.962    2        A2       C2        2        0.03     158      1        89.2     91.10      87.40       0.904      0.904      0.90           2          442        0.01     1.18       0.54       1502.2     1098.7     403.6      0.982     c3:10.26; c2:0.02
144 T1110TS423_4o      423     trComplex            0.962    0.962    2        A2       C2        2        0.18     156      1        89.0     90.50      87.40       0.901      0.898      0.94           2          442        0.02     1.12       0.59       1155.5     675.2      480.3      0.982     c3:10.31; c2:0.12
145 T1110TS091_4o      091     UNRES                0.960    0.960    2        A2       C2        2        0.46     147      1        80.6     89.00      73.70       0.842      0.844      0.84           2          442        0.02     1.34       0.55       2758.2     1517.5     1240.7     0.979     c3:10.28; c2:0.33
146 T1110TS312_5o      312     Fernandez-Recio      0.960    0.960    2        A2       C2        2        0.30     182      1        89.9     88.00      92.00       0.918      0.909      0.92           2          440        0.01     1.27       0.58       -800.5     -455.5     -345.1     0.976     c3:9.37; c2:0.20
147 T1110TS188_5o      188s    GuijunLab-DeepDA     0.959    0.959    2        A2       C2        2        1.17     165      1        88.7     90.00      87.40       0.907      0.898      0.93           2          442        0.01     1.31       0.64       1420.6     628.0      792.6      0.979     c3:10.05; c2:0.82
148 T1110TS288_5o      288s    DFolding-server      0.959    0.959    2        A2       C2        2        0.06     174      1        91.4     89.10      93.70       0.918      0.911      0.95           2          442        0.01     1.28       0.65       1152.2     398.7      753.6      0.979     c3:10.28; c2:0.04
149 T1110TS385_1o      385     FoldEver-Hybrid      0.959    0.959    2        A2       C2        2        0.00     165      4        89.0     90.50      87.40       0.885      0.909      0.93           2          442        0.00     1.26       0.56       1230.0     487.4      742.6      0.981     c3:10.28; c2:0.00
150 T1110TS185_2o      185     BAKER                0.959    0.959    2        A2       C2        2        0.02     156      1        90.8     94.40      87.40       0.901      0.904      0.95           2          442        0.01     1.36       0.53       1426.5     1115.6     310.9      0.978     c3:10.26; c2:0.02
151 T1110TS037_2o      037     Wallner              0.957    0.957    2        A2       C2        2        3.87     147      2        87.0     94.60      80.60       0.858      0.772      0.90           2          442        0.06     2.00       0.70       1377.6     423.6      954.0      0.950     c3:8.50; c2:2.33
152 T1110TS314_4o      314     Pierce               0.957    0.957    2        A2       C2        2        0.00     149      1        87.8     91.40      84.60       0.900      0.881      0.90           2          442        0.01     1.26       0.65       1432.3     811.5      620.7      0.979     c3:16.47; c2:0.00
153 T1110TS444_2o      444     CoDock               0.957    0.957    2        A2       C2        2        0.28     168      1        90.1     91.70      88.60       0.889      0.880      0.95           2          442        0.02     1.40       0.66       1294.5     633.2      661.3      0.975     c3:10.30; c2:0.18
154 T1110TS125_4o      125s    UltraFold_Server     0.956    0.956    2        A2       C2        2        0.24     160      1        88.7     92.50      85.10       0.923      0.897      0.93           2          442        0.01     1.24       0.61       1251.8     447.8      804.0      0.980     c3:10.23; c2:0.17
155 T1110TS188_4o      188s    GuijunLab-DeepDA     0.956    0.956    2        A2       C2        2        1.15     166      1        90.5     91.30      89.70       0.911      0.898      0.94           2          442        0.02     1.37       0.61       1145.1     455.9      689.2      0.978     c3:9.98; c2:0.79
156 T1110TS493_3o      493     Shen-CAPRI           0.955    0.955    2        A2       C2        2        4.34     145      1        89.1     94.80      84.00       0.896      0.813      0.91           2          442        0.04     1.58       0.68       1408.2     552.8      855.4      0.966     c3:8.85; c2:2.73
157 T1110TS091_3o      091     UNRES                0.955    0.955    2        A2       C2        2        0.75     161      2        78.5     83.30      74.30       0.830      0.847      0.86           2          442        0.01     1.36       0.62       2316.1     1096.9     1219.1     0.978     c3:10.07; c2:0.47
158 T1110TS091_5o      091     UNRES                0.953    0.953    2        A2       C2        2        0.52     146      1        79.4     86.00      73.70       0.831      0.844      0.86           2          442        0.01     1.30       0.60       2571.7     1363.3     1208.4     0.979     c3:10.32; c2:0.37
159 T1110TS091_1o      091     UNRES                0.953    0.953    2        A2       C2        2        0.54     164      1        81.6     88.10      76.00       0.836      0.844      0.90           2          442        0.02     1.36       0.65       2399.5     1313.5     1086.0     0.977     c3:10.23; c2:0.37
160 T1110TS493_2o      493     Shen-CAPRI           0.951    0.951    2        A2       C2        2        2.50     147      1        87.4     91.80      83.40       0.897      0.807      0.93           2          442        0.06     1.69       0.77       1112.9     409.3      703.6      0.964     c3:9.54; c2:1.61
161 T1110TS494_2o      494     Venclovas            0.950    0.950    2        A2       C2        2        0.89     170      1        87.4     85.70      89.10       0.873      0.876      0.88           2          442        0.03     1.31       0.77       2116.2     1281.9     834.3      0.976     c3:10.17; c2:0.62
162 T1110TS091_2o      091     UNRES                0.950    0.950    2        A2       C2        2        0.48     157      1        79.8     83.20      76.60       0.826      0.847      0.87           2          442        0.01     1.31       0.67       2486.1     1087.8     1398.3     0.979     c3:10.30; c2:0.33
163 T1110TS447_4o      447     DELCLAB              0.946    0.946    2        A2       C2        2        0.42     179      1        89.1     87.00      91.40       0.867      0.888      0.91           2          442        0.01     1.39       0.72       -139.8     -738.0     598.2      0.976     c3:10.25; c2:0.30
164 T1110TS447_3o      447     DELCLAB              0.946    0.946    2        A2       C2        2        0.42     179      1        89.1     87.00      91.40       0.867      0.888      0.91           2          442        0.01     1.39       0.72       -139.8     -738.0     598.2      0.976     c3:10.25; c2:0.30
165 T1110TS125_3o      125s    UltraFold_Server     0.946    0.946    2        A2       C2        2        0.04     153      1        87.4     91.80      83.40       0.916      0.885      0.92           2          442        0.02     1.30       0.72       1191.7     509.9      681.8      0.979     c3:10.25; c2:0.03
166 T1110TS278_1o      278     PEZYFoldings         0.944    0.944    2        A2       C2        2        0.08     155      1        83.7     85.20      82.30       0.904      0.854      0.87           2          442        0.02     1.30       0.88       1320.8     457.8      863.0      0.978     c3:10.29; c2:0.06
167 T1110TS131_3o      131s    Kiharalab_Server     0.944    0.944    2        A2       C2        2        0.03     164      1        85.6     88.00      83.40       0.914      0.872      0.91           2          442        0.02     1.28       0.73       1192.3     406.8      785.5      0.979     c3:10.25; c2:0.02
168 T1110TS131_2o      131s    Kiharalab_Server     0.943    0.943    2        A2       C2        2        0.02     162      1        85.8     89.00      82.90       0.912      0.868      0.92           2          442        0.02     1.27       0.74       1415.3     625.1      790.2      0.979     c3:10.25; c2:0.02
169 T1110TS131_5o      131s    Kiharalab_Server     0.943    0.943    2        A2       C2        2        0.04     162      1        87.1     89.20      85.10       0.914      0.876      0.93           2          442        0.02     1.28       0.73       1349.8     620.5      729.3      0.979     c3:10.25; c2:0.03
170 T1110TS119_4o      119     Kiharalab            0.943    0.943    2        A2       C2        2        0.02     162      1        85.8     89.00      82.90       0.912      0.868      0.92           2          442        0.02     1.27       0.74       1393.1     533.5      859.5      0.979     c3:10.25; c2:0.02
171 T1110TS131_1o      131s    Kiharalab_Server     0.942    0.942    2        A2       C2        2        0.03     167      1        87.2     90.70      84.00       0.915      0.878      0.93           2          442        0.02     1.26       0.74       1227.3     404.6      822.7      0.979     c3:10.24; c2:0.02
172 T1110TS312_1o      312     Fernandez-Recio      0.942    0.942    2        A2       C2        2        0.34     166      3        83.9     91.80      77.10       0.913      0.824      0.85           2          440        0.05     1.42       0.75       -508.1     -361.6     -146.4     0.969     c3:9.39; c2:0.24
173 T1110TS119_2o      119     Kiharalab            0.942    0.942    2        A2       C2        2        0.03     167      1        87.2     90.70      84.00       0.915      0.878      0.93           2          442        0.02     1.26       0.74       1199.7     315.4      884.2      0.979     c3:10.24; c2:0.02
174 T1110TS071_1o      071s    RaptorX-Multimer     0.941    0.941    2        A2       C2        2        0.03     158      1        87.2     91.20      83.40       0.915      0.874      0.93           2          442        0.02     1.32       0.74       1048.1     298.6      749.5      0.978     c3:10.22; c2:0.02
175 T1110TS119_5o      119     Kiharalab            0.941    0.941    2        A2       C2        2        0.36     157      1        85.9     86.60      85.10       0.872      0.885      0.93           2          442        0.01     1.32       0.67       2009.5     1090.8     918.7      0.978     c3:10.30; c2:0.25
176 T1110TS071_2o      071s    RaptorX-Multimer     0.941    0.941    2        A2       C2        2        0.04     159      1        87.9     90.90      85.10       0.914      0.884      0.93           2          442        0.01     1.31       0.72       1199.5     483.6      715.9      0.978     c3:10.21; c2:0.03
177 T1110TS493_1o      493     Shen-CAPRI           0.940    0.940    2        A2       C2        2        4.36     142      0        84.0     93.10      76.60       0.887      0.758      0.90           2          442        0.06     1.79       0.90       1462.8     539.6      923.2      0.959     c3:9.19; c2:2.85
178 T1110TS493_5o      493     Shen-CAPRI           0.939    0.939    2        A2       C2        2        1.31     138      0        87.6     95.90      80.60       0.891      0.785      0.84           2          442        0.05     1.84       0.88       1554.0     637.9      916.1      0.956     c3:9.90; c2:0.88
179 T1110TS119_3o      119     Kiharalab            0.938    0.938    2        A2       C2        2        0.35     156      1        83.3     87.00      80.00       0.877      0.859      0.91           2          442        0.02     1.29       0.79       1711.1     743.0      968.2      0.978     c3:10.33; c2:0.25
180 T1110TS461_2o      461     colabfold_human      0.937    0.937    2        A2       C2        2        0.06     162      0        86.9     86.90      86.90       0.896      0.889      0.97           2          442        0.01     1.26       0.80       1398.3     652.8      745.6      0.980     c3:10.24; c2:0.04
181 T1110TS119_1o      119     Kiharalab            0.935    0.935    2        A2       C2        2        0.39     148      1        84.5     86.70      82.30       0.890      0.869      0.89           2          442        0.02     1.28       0.78       1829.3     921.9      907.5      0.979     c3:10.30; c2:0.27
182 T1110TS054_2o      054     UltraFold            0.934    0.934    2        A2       C2        2        0.07     163      1        88.5     86.80      90.30       0.908      0.904      0.95           2          442        0.01     1.32       0.81       1243.9     366.7      877.2      0.979     c3:10.26; c2:0.05
183 T1110TS399_2o      399     BeijingAIProtein     0.934    0.934    2        A2       C2        2        0.07     163      1        88.5     86.80      90.30       0.908      0.904      0.95           2          442        0.01     1.32       0.81       1243.9     366.7      877.2      0.979     c3:10.26; c2:0.05
184 T1110TS461_3o      461     colabfold_human      0.931    0.931    2        A2       C2        2        0.04     159      0        87.1     87.40      86.90       0.891      0.874      0.97           2          442        0.02     1.36       0.88       1303.2     576.1      727.1      0.977     c3:10.27; c2:0.03
185 T1110TS461_4o      461     colabfold_human      0.930    0.930    2        A2       C2        2        0.04     160      0        84.5     86.70      82.30       0.895      0.859      0.98           2          442        0.02     1.37       0.86       1277.3     541.3      736.0      0.977     c3:10.23; c2:0.03
186 T1110TS439_2o      439     Yang                 0.928    0.928    2        A2       C2        2        0.05     147      1        82.9     87.30      78.90       0.875      0.835      0.87           2          442        0.01     1.39       0.78       1426.0     -356.2     1782.1     0.975     c3:10.24; c2:0.03
187 T1110TS447_1o      447     DELCLAB              0.921    0.921    2        A2       C2        2        0.54     165      1        81.3     82.00      80.60       0.849      0.809      0.92           2          442        0.02     1.52       0.97       -104.4     -728.5     624.0      0.970     c3:10.27; c2:0.38
188 T1110TS447_2o      447     DELCLAB              0.921    0.921    2        A2       C2        2        0.54     165      1        81.3     82.00      80.60       0.849      0.809      0.92           2          442        0.02     1.52       0.97       -104.4     -728.5     624.0      0.970     c3:10.27; c2:0.38
189 T1110TS188_2o      188s    GuijunLab-DeepDA     0.919    0.919    2        A2       C2        2        1.67     138      0        79.3     86.50      73.10       0.870      0.790      0.80           2          442        0.02     1.49       0.91       2124.7     1132.0     992.8      0.968     c3:9.64; c2:1.07
190 T1110TS188_1o      188s    GuijunLab-DeepDA     0.919    0.919    2        A2       C2        2        1.42     137      0        78.2     87.30      70.90       0.870      0.786      0.83           2          442        0.02     1.47       0.89       2147.1     1161.0     986.1      0.969     c3:9.83; c2:0.94
191 T1110TS073_4o      073s    DFolding-refine      0.919    0.919    2        A2       C2        2        2.39     138      0        84.6     89.70      80.00       0.789      0.777      0.89           2          442        0.03     1.78       1.12       2398.5     591.7      1806.9     0.957     c3:9.85; c2:1.63
192 T1110TS312_3o      312     Fernandez-Recio      0.916    0.916    2        A2       C2        2        0.17     133      0        84.7     95.70      76.00       0.905      0.766      0.83           2          440        0.03     1.60       0.90       59.1       9.6        49.5       0.957     c3:9.49; c2:0.12
193 T1110TS461_1o      461     colabfold_human      0.915    0.915    2        A2       C2        2        0.03     159      1        86.8     87.30      86.30       0.887      0.855      0.97           2          442        0.02     1.39       1.01       1192.4     532.4      660.0      0.975     c3:10.25; c2:0.02
194 T1110TS054_3o      054     UltraFold            0.914    0.914    2        A2       C2        2        0.04     161      1        84.0     87.10      81.10       0.887      0.829      0.95           2          442        0.03     1.40       1.02       1291.9     597.8      694.1      0.974     c3:10.27; c2:0.03
195 T1110TS399_3o      399     BeijingAIProtein     0.914    0.914    2        A2       C2        2        0.04     161      1        84.0     87.10      81.10       0.887      0.829      0.95           2          442        0.03     1.40       1.02       1291.9     597.8      694.1      0.974     c3:10.27; c2:0.03
196 T1110TS399_4o      399     BeijingAIProtein     0.913    0.913    2        A2       C2        2        0.05     163      1        87.4     87.90      86.90       0.896      0.877      0.95           2          442        0.01     1.34       0.95       1294.8     513.1      781.7      0.977     c3:10.27; c2:0.03
197 T1110TS054_4o      054     UltraFold            0.913    0.913    2        A2       C2        2        0.05     163      1        87.4     87.90      86.90       0.896      0.877      0.95           2          442        0.01     1.34       0.95       1294.8     513.1      781.7      0.977     c3:10.27; c2:0.03
198 T1110TS494_3o      494     Venclovas            0.912    0.912    2        A2       C2        2        0.12     159      1        87.4     87.40      87.40       0.893      0.877      0.95           2          442        0.00     1.35       0.96       1752.6     1042.8     709.8      0.977     c3:10.30; c2:0.08
199 T1110TS312_2o      312     Fernandez-Recio      0.910    0.910    2        A2       C2        2        0.20     135      0        84.7     95.70      76.00       0.904      0.761      0.81           2          440        0.03     1.63       0.94       49.0       -59.6      108.7      0.955     c3:9.45; c2:0.13
200 T1110TS493_4o      493     Shen-CAPRI           0.908    0.908    2        A2       C2        2        3.46     137      0        78.2     87.30      70.90       0.869      0.717      0.84           2          442        0.05     1.98       1.16       1551.1     599.0      952.1      0.948     c3:9.15; c2:2.21
201 T1110TS205_4o      205     Zou                  0.889    0.889    2        A2       C2        2        2.60     132      0        81.7     89.20      75.40       0.800      0.732      0.84           2          442        0.03     1.90       1.28       2588.2     1300.3     1287.9     0.948     c3:9.87; c2:1.77
202 T1110TS205_5o      205     Zou                  0.888    0.888    2        A2       C2        2        1.88     138      1        83.5     91.80      76.60       0.808      0.708      0.86           2          442        0.01     1.99       1.36       2236.7     920.7      1316.0     0.944     c3:9.85; c2:1.25
203 T1110TS398_1o      398     ChaePred             0.885    0.885    2        A2       C2        2        2.74     184      6        76.4     73.50      79.40       0.813      0.742      0.78           2          442        0.07     1.76       1.18       1158.2     504.9      653.3      0.959     c3:8.96; c2:1.60
204 T1110TS073_3o      073s    DFolding-refine      0.870    0.870    2        A2       C2        2        1.71     132      0        81.3     87.50      76.00       0.773      0.700      0.86           2          442        0.05     1.96       1.52       2014.3     136.8      1877.6     0.944     c3:10.06; c2:1.20
205 T1110TS073_5o      073s    DFolding-refine      0.833    0.833    2        A2       C2        2        2.43     121      0        77.7     87.80      69.70       0.758      0.606      0.82           2          442        0.09     2.49       1.92       1964.0     25.7       1938.3     0.915     c3:10.39; c2:1.72
206 T1110TS073_2o      073s    DFolding-refine      0.824    0.824    2        A2       C2        2        1.97     123      0        79.9     85.60      74.90       0.756      0.620      0.85           2          442        0.09     2.50       1.90       1873.2     -210.3     2083.5     0.915     c3:10.01; c2:1.38
207 T1110TS073_1o      073s    DFolding-refine      0.815    0.815    2        A2       C2        2        1.80     116      0        75.5     83.90      68.60       0.755      0.621      0.81           2          442        0.08     2.37       1.81       1812.8     -131.1     1943.8     0.922     c3:10.07; c2:1.27
208 T1110TS398_2o      398     ChaePred             0.813    0.813    2        A2       C2        2        2.73     149      5        64.0     68.60      60.00       0.817      0.605      0.83           2          442        0.10     2.14       1.62       1475.3     654.0      821.3      0.937     c3:8.87; c2:1.57
209 T1110TS165_2o      165     FTBiot0119           0.791    0.791    2        A2       C2        2        2.66     200      4        76.7     72.20      81.70       0.691      0.576      0.80           2          442        0.02     4.91       1.50       561.9      -47.7      609.6      0.887     c3:9.30; c2:1.88
210 T1110TS447_5o      447     DELCLAB              0.787    0.787    2        A2       C2        2        3.61     102      0        55.0     78.70      42.30       0.817      0.540      0.62           2          442        0.09     2.27       1.80       1159.3     -276.7     1436.0     0.929     c3:8.37; c2:2.09
211 T1110TS165_4o      165     FTBiot0119           0.785    0.785    2        A2       C2        2        0.08     192      2        78.0     77.10      78.90       0.680      0.553      0.78           2          442        0.03     5.28       1.73       1229.7     434.2      795.4      0.874     c3:9.31; c2:0.05
212 T1110TS494_4o      494     Venclovas            0.776    0.776    2        A2       C2        2        1.56     208      4        78.7     73.60      84.60       0.671      0.614      0.79           2          430        0.02     4.24       1.37       -400.4     69.2       -469.5     0.880     c3:9.02; c2:1.10
213 T1110TS165_1o      165     FTBiot0119           0.758    0.758    2        A2       C2        2        2.88     205      2        76.9     71.80      82.90       0.688      0.574      0.79           2          442        0.01     4.99       1.61       448.5      -178.2     626.7      0.889     c3:9.22; c2:2.04
214 T1110TS165_3o      165     FTBiot0119           0.752    0.752    2        A2       C2        2        0.08     209      2        75.5     72.90      78.30       0.688      0.551      0.77           2          442        0.02     5.07       1.77       1029.0     173.9      855.1      0.884     c3:9.26; c2:0.05
215 T1110TS278_3o      278     PEZYFoldings         0.645    0.645    2        A2       C2        2        0.29     102      2        60.3     79.40      48.60       0.817      0.531      0.69           2          442        0.03     2.50       3.56       2516.9     659.9      1857.0     0.944     c3:10.06; c2:0.20
216 T1110TS398_3o      398     ChaePred             0.644    0.644    2        A2       C1        2        0.00     115      5        47.3     57.90      40.00       0.782      0.353      0.56           2          442        0.21     3.44       2.91       2497.0     1085.5     1411.5     0.851     c3:6.18; c2:4.51
217 T1110TS248_4o      248     Manifold             0.644    0.644    2        A2       C2        2        0.90     87       0        54.6     72.00      44.00       0.766      0.548      0.64           2          442        0.04     2.16       2.47       4719.1     1936.1     2782.9     0.943     c3:10.27; c2:0.64
218 T1110TS035_4o      035s    Manifold-E           0.644    0.644    2        A2       C2        2        0.90     87       0        54.6     72.00      44.00       0.766      0.548      0.64           2          442        0.04     2.16       2.47       4719.1     1936.1     2782.9     0.943     c3:10.27; c2:0.64
219 T1110TS278_5o      278     PEZYFoldings         0.643    0.643    2        A2       C2        2        0.33     94       1        59.7     80.60      47.40       0.836      0.489      0.68           2          442        0.04     2.70       4.32       2252.4     654.5      1598.0     0.942     c3:10.03; c2:0.23
220 T1110TS147_4o      147     SHT                  0.634    0.645    2        A2       C2        2        5.11     143      0        51.6     58.30      46.30       0.700      0.416      0.63           2          442        0.15     4.37       2.84       2031.7     -127.7     2159.5     0.859     c3:10.20; c2:3.57
221 T1110TS147_5o      147     SHT                  0.605    0.614    2        A2       C2        2        4.17     137      0        56.6     61.30      52.60       0.710      0.460      0.66           2          442        0.04     3.69       2.95       1072.0     -88.8      1160.8     0.868     c3:9.67; c2:2.92
222 T1110TS147_1o      147     SHT                  0.594    0.604    2        A2       C2        2        3.98     129      0        54.4     60.00      49.70       0.699      0.428      0.69           2          442        0.03     3.83       3.17       852.1      -281.7     1133.8     0.855     c3:9.91; c2:2.80
223 T1110TS147_2o      147     SHT                  0.591    0.603    2        A2       C2        2        6.30     120      0        53.0     63.00      45.70       0.681      0.381      0.60           2          442        0.16     4.79       3.06       2660.8     378.0      2282.7     0.828     c3:10.27; c2:4.38
224 T1110TS147_3o      147     SHT                  0.565    0.573    2        A2       C2        2        4.47     133      0        48.2     57.00      41.70       0.689      0.407      0.64           2          442        0.05     3.86       3.25       1411.8     -19.0      1430.8     0.855     c3:9.63; c2:3.12
225 T1110TS035_5o      035s    Manifold-E           0.529    0.529    2        A2       C2        2        0.59     99       0        46.2     62.70      36.60       0.743      0.195      0.48           1          219        0.00     9.46       9.06       4504.0     2020.8     2483.1     0.885     c3:10.83; c2:0.42
226 T1110TS248_5o      248     Manifold             0.529    0.529    2        A2       C2        2        0.59     99       0        46.2     62.70      36.60       0.743      0.195      0.48           1          219        0.00     9.46       9.06       4504.0     2020.8     2483.1     0.885     c3:10.83; c2:0.42
227 T1110TS439_4o      439     Yang                 0.519    0.519    2        A2       C2        2        0.25     145      3        52.3     57.50      48.00       0.801      0.244      0.48           1          220        0.00     9.93       8.31       1639.2     -257.3     1896.5     0.904     c3:10.58; c2:0.18
228 T1110TS248_3o      248     Manifold             0.510    0.510    2        A2       C2        2        0.49     156      2        53.7     57.50      50.30       0.751      0.248      0.51           1          219        0.00     9.43       8.47       2093.4     890.0      1203.4     0.899     c3:10.49; c2:0.34
229 T1110TS035_3o      035s    Manifold-E           0.510    0.510    2        A2       C2        2        0.49     156      2        53.7     57.50      50.30       0.751      0.248      0.51           1          219        0.00     9.43       8.47       2093.4     890.0      1203.4     0.899     c3:10.49; c2:0.34
230 T1110TS494_5o      494     Venclovas            0.492    0.492    2        A2       C2        2        1.43     166      0        52.4     52.90      52.00       0.782      0.253      0.51           1          219        0.00     9.43       8.26       1832.0     1142.0     690.0      0.902     c3:10.42; c2:0.98
231 T1110TS035_2o      035s    Manifold-E           0.487    0.487    2        A2       C2        2        0.61     122      1        43.7     52.00      37.70       0.773      0.201      0.46           1          219        0.00     9.40       8.65       3051.7     1546.3     1505.5     0.895     c3:10.71; c2:0.43
232 T1110TS248_2o      248     Manifold             0.487    0.487    2        A2       C2        2        0.61     122      1        43.7     52.00      37.70       0.773      0.201      0.46           1          219        0.00     9.40       8.65       3051.7     1546.3     1505.5     0.895     c3:10.71; c2:0.43
233 T1110TS278_2o      278     PEZYFoldings         0.481    0.481    2        A2       C2        2        0.42     147      1        53.6     58.90      49.10       0.810      0.244      0.50           1          219        0.00     9.94       8.51       2438.4     947.6      1490.8     0.900     c3:10.80; c2:0.29
234 T1110TS439_3o      439     Yang                 0.481    0.481    2        A2       C2        2        0.07     168      1        50.9     54.20      48.00       0.795      0.240      0.48           1          219        0.00     9.48       8.63       1668.5     -286.7     1955.1     0.905     c3:10.68; c2:0.05
235 T1110TS278_4o      278     PEZYFoldings         0.454    0.454    2        A2       C2        2        0.07     147      1        50.0     55.20      45.70       0.823      0.236      0.49           1          219        0.00     9.40       8.06       1990.3     686.8      1303.5     0.907     c3:10.68; c2:0.05
236 T1110TS165_5o      165     FTBiot0119           0.053    0.053    2        A2       C2        2        1.00     201      3        2.0      2.40       1.70        0.184      0.029      0.19           1          50         0.00     9.61       19.35      2614.0     -332.0     2946.0     0.246     c3:9.76; c2:0.69
237 T1110TS098_3o      098s    GuijunLab-Assembly   0.033    0.033    2        A2       C2        2        0.05     1921     168      2.4      1.30       14.30       0.073      0.068      0.25           1          221        0.00     1.28       12.58      -2539.6    -1600.7    -938.9     0.539     c3:10.25; c2:0.03
238 T1110TS098_2o      098s    GuijunLab-Assembly   0.031    0.031    2        A2       C2        2        0.00     1935     179      1.6      0.80       9.10        0.102      0.050      0.24           1          221        0.00     1.35       17.96      -2795.5    -1216.5    -1579.0    0.533     c3:10.81; c2:0.00
239 T1110TS398_5o      398     ChaePred             0.004    0.004    2        A2       C1        2        0.00     95       2        0.0      0.00       0.00        0.755      0.012      0.20           1          221        0.00     1.30       17.49      3547.0     1518.5     2028.4     0.516     c3:5.84; c2:4.49
240 T1110TS398_4o      398     ChaePred             0.000    0.000    2        A2       C2        2        1.90     127      1        0.0      0.00       0.00        0.741      0.011      0.26           1          221        0.00     1.30       21.23      2272.0     470.0      1802.0     0.507     c3:7.77; c2:1.13
241 T1110TS234_1o      234     Panlab               0.000    0.000    2        A2       C1        2        0.00     230      18       0.0      0.00       0.00        0.481      0.009      0.09           1          221        0.00     3.27       17.92      2012.9     -1480.1    3493.0     0.490     c3:26.65; c2:17.76