    Model              Gr.Code Group                QSglob   QSbest   Mol.Size Stoich.  Symm.     SymmSize SymmRMSD No.Conts No.Clash F1       Prec.Iface Recal.Iface lDDToligo  DockQ_Avg  Jaccard.Coeff. Align.Size Align.Len  Orient   LocalRMSD  Iface.RMSD SA.total   SA.polar  SA.apolar  TMscore    SymmGr.RMSD
1   T1124TS229_1o      229s    Yang-Server          0.928    0.952    2        A2       C2        2        0.08     363      3        88.8     89.50      88.10       0.832      0.782      0.87           2          720        0.03     1.96       1.00       3744.7     -890.9     4635.6     0.951     c3:15.46; c2:0.06
2   T1124TS239_1o      239s    Yang-Multimer        0.928    0.952    2        A2       C2        2        0.08     363      3        88.8     89.50      88.10       0.832      0.782      0.87           2          720        0.03     1.96       1.00       3744.7     -890.9     4635.6     0.951     c3:15.46; c2:0.06
3   T1124TS086_3o      086s    MULTICOM_qa          0.926    0.945    2        A2       C2        2        0.05     349      1        87.7     89.80      85.70       0.872      0.759      0.86           2          720        0.03     1.62       1.15       4699.3     1623.7     3075.7     0.962     c3:16.45; c2:0.03
4   T1124TS477_1o      477     DMP                  0.926    0.926    2        A2       C2        2        0.14     325      2        85.8     85.90      85.70       0.853      0.730      0.88           2          720        0.02     1.78       1.64       -738.6     -245.3     -493.3     0.952     c3:15.04; c2:0.10
5   T1124TS003_5o      003     MULTICOM_human       0.926    0.945    2        A2       C2        2        0.05     349      1        87.7     89.80      85.70       0.872      0.759      0.86           2          720        0.03     1.62       1.15       4699.3     1623.7     3075.7     0.962     c3:16.45; c2:0.03
6   T1124TS158_3o      158s    MULTICOM_deep        0.926    0.945    2        A2       C2        2        0.05     349      1        87.7     89.80      85.70       0.872      0.759      0.86           2          720        0.03     1.62       1.15       4699.3     1623.7     3075.7     0.962     c3:16.45; c2:0.03
7   T1124TS158_4o      158s    MULTICOM_deep        0.925    0.945    2        A2       C2        2        0.04     349      0        87.7     89.50      86.00       0.872      0.761      0.86           2          720        0.03     1.62       1.15       4709.0     1648.3     3060.8     0.962     c3:16.44; c2:0.03
8   T1124TS086_4o      086s    MULTICOM_qa          0.925    0.945    2        A2       C2        2        0.04     349      0        87.7     89.50      86.00       0.872      0.761      0.86           2          720        0.03     1.62       1.15       4709.0     1648.3     3060.8     0.962     c3:16.44; c2:0.03
9   T1124TS462_1o      462s    MultiFOLD            0.918    0.952    2        A2       C2        2        0.04     352      0        88.0     84.60      91.80       0.874      0.808      0.85           2          720        0.02     1.60       1.01       4520.8     1778.2     2742.6     0.957     c3:15.99; c2:0.03
10  T1124TS462_5o      462s    MultiFOLD            0.918    0.952    2        A2       C2        2        0.04     353      2        87.6     84.90      90.50       0.874      0.801      0.86           2          720        0.02     1.63       1.02       4590.8     1755.9     2834.9     0.956     c3:15.98; c2:0.03
11  T1124TS180_5o      180     McGuffin             0.918    0.952    2        A2       C2        2        0.04     353      2        87.6     84.90      90.50       0.874      0.801      0.86           2          720        0.02     1.63       1.02       4590.8     1755.9     2834.9     0.956     c3:15.98; c2:0.03
12  T1124TS180_1o      180     McGuffin             0.918    0.952    2        A2       C2        2        0.04     352      0        88.0     84.60      91.80       0.874      0.808      0.85           2          720        0.02     1.60       1.01       4520.8     1778.2     2742.6     0.957     c3:15.99; c2:0.03
13  T1124TS462_2o      462s    MultiFOLD            0.918    0.952    2        A2       C2        2        0.02     348      1        87.6     85.10      90.20       0.872      0.800      0.86           2          720        0.02     1.63       1.01       4654.7     1732.3     2922.3     0.956     c3:16.02; c2:0.02
14  T1124TS180_2o      180     McGuffin             0.918    0.952    2        A2       C2        2        0.02     348      1        87.6     85.10      90.20       0.872      0.800      0.86           2          720        0.02     1.63       1.01       4654.7     1732.3     2922.3     0.956     c3:16.02; c2:0.02
15  T1124TS462_3o      462s    MultiFOLD            0.917    0.951    2        A2       C2        2        0.04     347      0        87.6     85.10      90.20       0.874      0.798      0.86           2          720        0.03     1.64       1.02       4425.9     1746.5     2679.3     0.956     c3:15.92; c2:0.03
16  T1124TS180_3o      180     McGuffin             0.917    0.951    2        A2       C2        2        0.04     347      0        87.6     85.10      90.20       0.874      0.798      0.86           2          720        0.03     1.64       1.02       4425.9     1746.5     2679.3     0.956     c3:15.92; c2:0.03
17  T1124TS462_4o      462s    MultiFOLD            0.917    0.951    2        A2       C2        2        0.08     355      2        88.1     85.20      91.20       0.874      0.806      0.85           2          720        0.02     1.58       1.02       4304.4     1640.8     2663.6     0.958     c3:15.97; c2:0.05
18  T1124TS180_4o      180     McGuffin             0.917    0.951    2        A2       C2        2        0.08     355      2        88.1     85.20      91.20       0.874      0.806      0.85           2          720        0.02     1.58       1.02       4304.4     1640.8     2663.6     0.958     c3:15.97; c2:0.05
19  T1124TS158_1o      158s    MULTICOM_deep        0.915    0.944    2        A2       C2        2        0.03     358      0        87.7     87.50      87.80       0.870      0.768      0.83           2          720        0.03     1.61       1.15       4617.0     1541.8     3075.2     0.962     c3:16.49; c2:0.02
20  T1124TS003_4o      003     MULTICOM_human       0.915    0.944    2        A2       C2        2        0.03     358      0        87.5     87.30      87.80       0.871      0.768      0.82           2          720        0.03     1.61       1.15       4646.7     1587.1     3059.6     0.962     c3:16.49; c2:0.02
21  T1124TS086_2o      086s    MULTICOM_qa          0.915    0.944    2        A2       C2        2        0.03     358      0        87.5     87.30      87.80       0.871      0.768      0.82           2          720        0.03     1.61       1.15       4646.7     1587.1     3059.6     0.962     c3:16.49; c2:0.02
22  T1124TS158_2o      158s    MULTICOM_deep        0.915    0.944    2        A2       C2        2        0.03     358      0        87.5     87.30      87.80       0.871      0.768      0.82           2          720        0.03     1.61       1.15       4646.7     1587.1     3059.6     0.962     c3:16.49; c2:0.02
23  T1124TS158_5o      158s    MULTICOM_deep        0.915    0.944    2        A2       C2        2        0.07     352      0        86.4     87.50      85.40       0.870      0.759      0.83           2          720        0.03     1.62       1.14       4670.6     1619.9     3050.6     0.962     c3:16.50; c2:0.05
24  T1124TS086_1o      086s    MULTICOM_qa          0.915    0.944    2        A2       C2        2        0.03     358      0        87.7     87.50      87.80       0.870      0.768      0.83           2          720        0.03     1.61       1.15       4617.0     1541.8     3075.2     0.962     c3:16.49; c2:0.02
25  T1124TS003_3o      003     MULTICOM_human       0.915    0.944    2        A2       C2        2        0.03     358      0        87.7     87.50      87.80       0.870      0.768      0.83           2          720        0.03     1.61       1.15       4617.0     1541.8     3075.2     0.962     c3:16.49; c2:0.02
26  T1124TS367_2o      367     MULTICOM             0.915    0.938    2        A2       C2        2        0.05     347      4        88.9     87.40      90.50       0.858      0.762      0.83           2          720        0.02     1.71       1.43       4017.6     1517.8     2499.7     0.964     c3:15.42; c2:0.03
27  T1124TS086_5o      086s    MULTICOM_qa          0.914    0.944    2        A2       C2        2        0.05     352      0        86.3     87.20      85.40       0.870      0.759      0.82           2          720        0.03     1.62       1.15       4655.9     1626.7     3029.1     0.962     c3:16.51; c2:0.03
28  T1124TS288_3o      288s    DFolding-server      0.911    0.943    2        A2       C2        2        0.17     349      2        87.7     86.60      88.70       0.876      0.840      0.87           2          720        0.01     1.20       1.01       3705.3     1538.9     2166.4     0.974     c3:15.43; c2:0.12
29  T1124TS071_2o      071s    RaptorX-Multimer     0.909    0.936    2        A2       C2        2        0.08     343      2        86.8     83.80      89.90       0.839      0.736      0.87           2          720        0.04     2.20       1.37       5003.8     2200.2     2803.6     0.944     c3:15.42; c2:0.05
30  T1124TS298_2o      298s    MUFold               0.908    0.936    2        A2       C2        2        0.24     354      4        87.4     84.20      90.90       0.866      0.784      0.85           2          720        0.03     1.73       1.29       4055.2     1770.5     2284.6     0.961     c3:15.38; c2:0.17
31  T1124TS367_4o      367     MULTICOM             0.907    0.934    2        A2       C2        2        0.21     345      2        88.8     88.00      89.60       0.841      0.749      0.86           2          720        0.01     1.92       1.36       4327.5     1825.7     2501.8     0.955     c3:15.39; c2:0.15
32  T1124TS338_2o      338     Convex-PL            0.906    0.936    2        A2       C2        2        0.00     348      4        85.8     83.10      88.70       0.856      0.767      0.86           2          720        0.03     1.88       1.33       4649.2     1980.5     2668.8     0.956     c3:25.90; c2:0.00
33  T1124TS150_5o      150     Grudinin             0.906    0.936    2        A2       C2        2        0.00     348      4        85.8     83.10      88.70       0.856      0.767      0.86           2          720        0.03     1.88       1.33       4651.7     1974.7     2677.0     0.956     c3:25.90; c2:0.00
34  T1124TS460_1o      460     Convex-PL-R          0.906    0.936    2        A2       C2        2        0.00     348      4        85.8     83.10      88.70       0.856      0.767      0.86           2          720        0.03     1.88       1.33       4649.2     1980.5     2668.8     0.956     c3:25.90; c2:0.00
35  T1124TS352_1o      352     KORP-PL              0.906    0.936    2        A2       C2        2        0.00     348      4        85.8     83.10      88.70       0.856      0.767      0.86           2          720        0.03     1.88       1.33       4649.2     1980.5     2668.8     0.956     c3:25.90; c2:0.00
36  T1124TS073_3o      073s    DFolding-refine      0.906    0.938    2        A2       C2        2        0.29     342      0        85.6     84.10      87.20       0.832      0.835      0.87           2          720        0.01     1.20       1.00       3630.9     1481.7     2149.3     0.974     c3:15.43; c2:0.21
37  T1124TS320_3o      320     Elofsson             0.898    0.936    2        A2       C2        2        0.12     355      2        86.6     83.80      89.60       0.853      0.745      0.84           2          720        0.04     2.05       1.34       4435.8     2034.5     2401.4     0.950     c3:15.37; c2:0.08
38  T1124TS390_3o      390s    NBIS-AF2-multimer    0.898    0.936    2        A2       C2        2        0.12     355      2        86.6     83.80      89.60       0.853      0.745      0.84           2          720        0.04     2.05       1.34       4435.8     2034.5     2401.4     0.950     c3:15.37; c2:0.08
39  T1124TS150_3o      150     Grudinin             0.897    0.936    2        A2       C2        2        0.00     354      2        86.3     83.50      89.30       0.853      0.745      0.84           2          720        0.04     2.05       1.34       4430.5     2037.0     2393.5     0.950     c3:25.50; c2:0.00
40  T1124TS460_5o      460     Convex-PL-R          0.897    0.936    2        A2       C2        2        0.00     354      2        86.3     83.50      89.30       0.853      0.745      0.84           2          720        0.04     2.05       1.34       4433.6     2042.9     2390.7     0.950     c3:21.06; c2:0.00
41  T1124TS352_5o      352     KORP-PL              0.897    0.936    2        A2       C2        2        0.00     354      2        86.3     83.50      89.30       0.853      0.745      0.84           2          720        0.04     2.05       1.34       4433.6     2042.9     2390.7     0.950     c3:21.06; c2:0.00
42  T1124TS003_2o      003     MULTICOM_human       0.897    0.922    2        A2       C2        2        0.15     345      4        85.8     81.80      90.20       0.860      0.746      0.85           2          720        0.04     2.04       1.41       4463.8     2023.7     2440.1     0.950     c3:15.37; c2:0.10
43  T1124TS338_5o      338     Convex-PL            0.897    0.936    2        A2       C2        2        0.00     354      2        86.3     83.50      89.30       0.853      0.745      0.84           2          720        0.04     2.05       1.34       4433.6     2042.9     2390.7     0.950     c3:21.06; c2:0.00
44  T1124TS348_5o      348     Takeda-Shitaka_Lab   0.895    0.917    2        A2       C2        2        0.13     343      4        85.3     81.80      89.00       0.851      0.722      0.83           2          720        0.04     2.32       1.44       4863.1     1977.5     2885.6     0.939     c3:15.40; c2:0.09
45  T1124TS071_4o      071s    RaptorX-Multimer     0.895    0.917    2        A2       C2        2        0.11     341      2        84.2     81.10      87.50       0.834      0.713      0.84           2          720        0.04     2.23       1.53       4897.7     2103.1     2794.6     0.943     c3:15.38; c2:0.08
46  T1124TS338_4o      338     Convex-PL            0.895    0.917    2        A2       C2        2        0.00     340      2        85.1     81.70      88.70       0.851      0.721      0.82           2          720        0.04     2.32       1.44       4893.1     2060.3     2832.8     0.939     c3:25.78; c2:0.00
47  T1124TS071_1o      071s    RaptorX-Multimer     0.895    0.915    2        A2       C2        2        0.10     336      2        84.7     82.40      87.20       0.838      0.723      0.85           2          720        0.04     2.17       1.52       5103.8     2201.7     2902.1     0.945     c3:15.42; c2:0.07
48  T1124TS150_4o      150     Grudinin             0.895    0.917    2        A2       C2        2        0.00     340      2        85.1     81.70      88.70       0.851      0.721      0.82           2          720        0.04     2.32       1.44       4894.8     2059.9     2834.9     0.939     c3:25.78; c2:0.00
49  T1124TS352_3o      352     KORP-PL              0.895    0.917    2        A2       C2        2        0.00     340      2        85.1     81.70      88.70       0.851      0.721      0.82           2          720        0.04     2.32       1.44       4893.1     2060.3     2832.8     0.939     c3:25.78; c2:0.00
50  T1124TS460_2o      460     Convex-PL-R          0.895    0.917    2        A2       C2        2        0.00     340      2        85.1     81.70      88.70       0.851      0.721      0.82           2          720        0.04     2.32       1.44       4893.1     2060.3     2832.8     0.939     c3:25.78; c2:0.00
51  T1124TS390_4o      390s    NBIS-AF2-multimer    0.895    0.917    2        A2       C2        2        0.13     343      4        85.3     81.80      89.00       0.851      0.722      0.83           2          720        0.04     2.32       1.44       4890.0     2065.1     2824.9     0.939     c3:15.40; c2:0.09
52  T1124TS320_4o      320     Elofsson             0.895    0.917    2        A2       C2        2        0.13     343      4        85.3     81.80      89.00       0.851      0.722      0.83           2          720        0.04     2.32       1.44       4890.0     2065.1     2824.9     0.939     c3:15.40; c2:0.09
53  T1124TS239_4o      239s    Yang-Multimer        0.893    0.954    2        A2       C2        2        0.25     374      4        85.4     82.60      88.40       0.833      0.789      0.82           2          720        0.03     1.94       0.96       3307.8     -1075.1    4382.9     0.954     c3:15.63; c2:0.18
54  T1124TS229_4o      229s    Yang-Server          0.893    0.954    2        A2       C2        2        0.25     374      4        85.4     82.60      88.40       0.833      0.789      0.82           2          720        0.03     1.94       0.96       3307.8     -1075.1    4382.9     0.954     c3:15.63; c2:0.18
55  T1124TS461_4o      461     colabfold_human      0.892    0.924    2        A2       C2        2        0.38     348      3        84.4     80.80      88.40       0.842      0.663      0.87           2          720        0.05     2.60       1.65       5190.1     2113.3     3076.7     0.916     c3:15.69; c2:0.27
56  T1124TS446_4o      446s    ColabFold            0.892    0.924    2        A2       C2        2        0.38     348      3        84.4     80.80      88.40       0.842      0.663      0.87           2          720        0.05     2.60       1.65       5190.1     2113.3     3076.7     0.916     c3:15.69; c2:0.27
57  T1124TS367_1o      367     MULTICOM             0.891    0.918    2        A2       C2        2        0.11     346      4        85.1     81.20      89.30       0.863      0.751      0.86           2          720        0.03     1.94       1.45       4577.2     2113.5     2463.7     0.954     c3:15.36; c2:0.07
58  T1124TS229_3o      229s    Yang-Server          0.890    0.919    2        A2       C2        2        0.08     343      4        82.9     82.30      83.50       0.818      0.676      0.83           2          720        0.04     2.37       1.77       4591.9     -283.8     4875.8     0.937     c3:15.39; c2:0.06
59  T1124TS122_3o      122     zax                  0.890    0.919    2        A2       C2        2        0.08     343      4        85.1     82.50      87.80       0.842      0.691      0.85           2          720        0.04     2.37       1.77       4675.0     2166.3     2508.7     0.937     c3:15.39; c2:0.06
60  T1124TS122_4o      122     zax                  0.890    0.919    2        A2       C2        2        0.08     343      4        85.0     82.30      87.80       0.842      0.691      0.85           2          720        0.04     2.37       1.77       4656.8     2158.1     2498.7     0.937     c3:15.39; c2:0.06
61  T1124TS446_1o      446s    ColabFold            0.890    0.919    2        A2       C2        2        0.08     343      4        85.0     82.30      87.80       0.848      0.691      0.85           2          720        0.04     2.37       1.77       4644.6     2142.5     2502.1     0.937     c3:15.39; c2:0.06
62  T1124TS122_5o      122     zax                  0.890    0.919    2        A2       C2        2        0.08     343      4        84.8     82.20      87.50       0.842      0.690      0.85           2          720        0.04     2.37       1.77       4658.6     2159.1     2499.6     0.937     c3:15.39; c2:0.06
63  T1124TS122_2o      122     zax                  0.890    0.919    2        A2       C2        2        0.08     343      4        85.1     82.50      87.80       0.842      0.691      0.85           2          720        0.04     2.37       1.77       4662.1     2157.8     2504.3     0.937     c3:15.39; c2:0.06
64  T1124TS122_1o      122     zax                  0.890    0.919    2        A2       C2        2        0.08     343      4        84.8     82.20      87.50       0.842      0.690      0.85           2          720        0.04     2.37       1.77       4688.2     2161.0     2527.2     0.937     c3:15.39; c2:0.06
65  T1124TS461_1o      461     colabfold_human      0.890    0.919    2        A2       C2        2        0.08     343      4        85.0     82.30      87.80       0.848      0.691      0.85           2          720        0.04     2.37       1.77       4644.6     2142.5     2502.1     0.937     c3:15.39; c2:0.06
66  T1124TS239_3o      239s    Yang-Multimer        0.890    0.919    2        A2       C2        2        0.08     343      4        82.9     82.30      83.50       0.818      0.676      0.83           2          720        0.04     2.37       1.77       4591.9     -283.8     4875.8     0.937     c3:15.39; c2:0.06
67  T1124TS298_3o      298s    MUFold               0.889    0.920    2        A2       C2        2        0.25     360      4        84.7     80.50      89.30       0.869      0.790      0.80           2          720        0.03     1.65       1.35       4307.1     1847.0     2460.2     0.962     c3:15.48; c2:0.16
68  T1124TS288_4o      288s    DFolding-server      0.889    0.921    2        A2       C2        2        0.76     351      3        85.7     82.10      89.60       0.853      0.693      0.86           2          720        0.04     2.29       1.61       5465.6     2136.3     3329.2     0.930     c3:15.30; c2:0.53
69  T1124TS348_1o      348     Takeda-Shitaka_Lab   0.889    0.916    2        A2       C2        2        1.90     351      3        84.3     80.70      88.10       0.850      0.729      0.81           2          720        0.04     2.06       1.63       4475.0     1924.2     2550.8     0.949     c3:15.37; c2:1.27
70  T1124TS288_5o      288s    DFolding-server      0.888    0.922    2        A2       C2        2        0.39     345      2        83.7     80.20      87.50       0.851      0.710      0.82           2          720        0.04     2.31       1.62       4817.2     1879.0     2938.2     0.938     c3:15.49; c2:0.27
71  T1124TS304_1o      304     Manifold-X           0.887    0.921    2        A2       C2        2        0.01     340      1        84.9     81.10      89.00       0.832      0.637      0.85           2          720        0.05     2.73       1.67       5326.9     2377.3     2949.6     0.912     c3:16.43; c2:0.00
72  T1124TS304_2o      304     Manifold-X           0.887    0.918    2        A2       C2        2        0.29     339      2        84.1     80.10      88.40       0.831      0.630      0.84           2          720        0.07     2.90       1.70       5871.5     2833.3     3038.2     0.902     c3:15.66; c2:0.16
73  T1124TS248_2o      248     Manifold             0.887    0.918    2        A2       C2        2        0.29     339      2        84.1     80.10      88.40       0.831      0.630      0.84           2          720        0.07     2.90       1.70       5871.5     2833.3     3038.2     0.902     c3:15.66; c2:0.16
74  T1124TS248_1o      248     Manifold             0.887    0.921    2        A2       C2        2        0.01     340      1        84.9     81.10      89.00       0.832      0.637      0.85           2          720        0.05     2.73       1.67       5326.9     2377.3     2949.6     0.912     c3:16.43; c2:0.00
75  T1124TS071_5o      071s    RaptorX-Multimer     0.887    0.921    2        A2       C2        2        0.18     342      2        83.7     80.00      87.80       0.831      0.719      0.80           2          720        0.04     2.22       1.48       4542.3     1903.0     2639.2     0.943     c3:15.41; c2:0.11
76  T1124TS046_5o      046s    Manifold-LC-E        0.887    0.921    2        A2       C2        2        0.29     341      0        84.2     80.90      87.80       0.833      0.630      0.84           2          720        0.05     2.77       1.69       5943.2     2774.6     3168.6     0.910     c3:16.39; c2:0.20
77  T1124TS073_4o      073s    DFolding-refine      0.887    0.920    2        A2       C2        2        0.78     342      1        83.8     81.00      86.90       0.814      0.685      0.83           2          720        0.04     2.30       1.62       5602.3     2433.0     3169.2     0.930     c3:15.29; c2:0.55
78  T1124TS035_5o      035s    Manifold-E           0.887    0.921    2        A2       C2        2        0.29     341      0        84.2     80.90      87.80       0.833      0.630      0.84           2          720        0.05     2.77       1.69       5943.2     2774.6     3168.6     0.910     c3:16.39; c2:0.20
79  T1124TS098_1o      098s    GuijunLab-Assembly   0.886    0.931    2        A2       C2        2        1.12     361      2        85.4     81.80      89.30       0.871      0.807      0.88           2          720        0.02     1.42       1.30       4056.8     1707.7     2349.2     0.963     c3:16.27; c2:0.78
80  T1124TS188_2o      188s    GuijunLab-DeepDA     0.886    0.931    2        A2       C2        2        1.12     361      2        85.4     81.80      89.30       0.871      0.807      0.88           2          720        0.02     1.42       1.30       4056.8     1707.7     2349.2     0.963     c3:16.27; c2:0.78
81  T1124TS169_4o      169     GuijunLab-Human      0.886    0.931    2        A2       C2        2        1.12     361      2        85.4     81.80      89.30       0.871      0.807      0.88           2          720        0.02     1.42       1.30       4056.8     1707.7     2349.2     0.963     c3:16.27; c2:0.78
82  T1124TS169_3o      169     GuijunLab-Human      0.886    0.931    2        A2       C2        2        1.12     361      2        85.4     81.80      89.30       0.871      0.807      0.88           2          720        0.02     1.42       1.30       4056.8     1707.7     2349.2     0.963     c3:16.27; c2:0.78
83  T1124TS446_3o      446s    ColabFold            0.886    0.921    2        A2       C2        2        0.40     346      2        84.1     79.80      89.00       0.844      0.694      0.85           2          720        0.05     2.53       1.71       5134.5     2281.1     2853.4     0.930     c3:15.67; c2:0.28
84  T1124TS461_3o      461     colabfold_human      0.886    0.921    2        A2       C2        2        0.40     346      2        84.1     79.80      89.00       0.844      0.694      0.85           2          720        0.05     2.53       1.71       5134.5     2281.1     2853.4     0.930     c3:15.67; c2:0.28
85  T1124TS423_3o      423     trComplex            0.885    0.917    2        A2       C2        2        0.26     352      4        85.1     81.00      89.60       0.867      0.775      0.82           2          720        0.03     1.75       1.38       4376.5     1766.4     2610.1     0.959     c3:15.38; c2:0.18
86  T1124TS187_3o      187     TRFold               0.885    0.917    2        A2       C2        2        0.26     352      4        85.1     81.00      89.60       0.867      0.775      0.82           2          720        0.03     1.75       1.38       4376.5     1766.4     2610.1     0.959     c3:15.38; c2:0.18
87  T1124TS461_2o      461     colabfold_human      0.884    0.924    2        A2       C2        2        0.15     355      4        85.2     81.20      89.60       0.856      0.731      0.86           2          720        0.04     2.15       1.58       4462.2     2008.0     2454.2     0.944     c3:15.49; c2:0.10
88  T1124TS003_1o      003     MULTICOM_human       0.884    0.917    2        A2       C2        2        0.13     358      4        84.9     80.90      89.30       0.868      0.778      0.83           2          720        0.03     1.75       1.39       3972.6     1709.9     2262.7     0.960     c3:15.38; c2:0.09
89  T1124TS439_5o      439     Yang                 0.884    0.914    2        A2       C2        2        0.21     341      2        83.1     83.00      83.20       0.792      0.633      0.85           2          720        0.05     2.93       2.03       6050.5     64.0       5986.6     0.919     c3:15.69; c2:0.14
90  T1124TS446_2o      446s    ColabFold            0.884    0.924    2        A2       C2        2        0.15     355      4        85.2     81.20      89.60       0.856      0.731      0.86           2          720        0.04     2.15       1.58       4462.2     2008.0     2454.2     0.944     c3:15.49; c2:0.10
91  T1124TS367_3o      367     MULTICOM             0.884    0.917    2        A2       C2        2        0.13     358      4        84.9     80.90      89.30       0.868      0.778      0.83           2          720        0.03     1.75       1.39       3972.6     1709.9     2262.7     0.960     c3:15.38; c2:0.09
92  T1124TS460_4o      460     Convex-PL-R          0.883    0.920    2        A2       C2        2        0.00     359      4        84.1     80.10      88.40       0.860      0.764      0.80           2          720        0.03     1.80       1.41       4528.3     2001.7     2526.6     0.957     c3:15.52; c2:0.00
93  T1124TS248_3o      248     Manifold             0.883    0.912    2        A2       C2        2        0.02     347      0        81.0     79.10      82.90       0.840      0.630      0.77           2          720        0.04     2.91       2.12       4998.3     2491.4     2506.9     0.936     c3:15.24; c2:0.01
94  T1124TS338_3o      338     Convex-PL            0.883    0.920    2        A2       C2        2        0.00     359      4        84.1     80.10      88.40       0.860      0.764      0.80           2          720        0.03     1.80       1.41       4528.3     2001.7     2526.6     0.957     c3:15.52; c2:0.00
95  T1124TS320_2o      320     Elofsson             0.883    0.920    2        A2       C2        2        0.11     361      4        84.6     80.30      89.30       0.860      0.767      0.80           2          720        0.03     1.80       1.41       4499.8     1964.7     2535.2     0.958     c3:15.51; c2:0.07
96  T1124TS390_2o      390s    NBIS-AF2-multimer    0.883    0.920    2        A2       C2        2        0.11     361      4        84.6     80.30      89.30       0.860      0.767      0.80           2          720        0.03     1.80       1.41       4499.8     1964.7     2535.2     0.958     c3:15.51; c2:0.07
97  T1124TS360_1o      360     MUFold_H             0.883    0.914    2        A2       C2        2        0.75     366      4        84.6     80.10      89.60       0.868      0.760      0.82           2          720        0.03     1.69       1.40       4391.0     1508.0     2883.0     0.953     c3:15.98; c2:0.53
98  T1124TS390_5o      390s    NBIS-AF2-multimer    0.883    0.914    2        A2       C2        2        0.75     366      4        84.6     80.10      89.60       0.868      0.760      0.82           2          720        0.03     1.69       1.40       4391.0     1508.0     2883.0     0.953     c3:15.98; c2:0.53
99  T1124TS150_2o      150     Grudinin             0.883    0.920    2        A2       C2        2        0.00     359      4        84.1     80.10      88.40       0.860      0.764      0.80           2          720        0.03     1.80       1.41       4524.9     2006.7     2518.2     0.957     c3:25.75; c2:0.00
100 T1124TS046_3o      046s    Manifold-LC-E        0.883    0.913    2        A2       C2        2        0.06     348      2        81.0     79.10      82.90       0.842      0.630      0.78           2          720        0.04     2.90       2.12       5163.6     2772.0     2391.6     0.937     c3:15.24; c2:0.04
101 T1124TS035_3o      035s    Manifold-E           0.883    0.913    2        A2       C2        2        0.06     348      2        81.0     79.10      82.90       0.842      0.630      0.78           2          720        0.04     2.90       2.12       5163.6     2772.0     2391.6     0.937     c3:15.24; c2:0.04
102 T1124TS352_4o      352     KORP-PL              0.883    0.920    2        A2       C2        2        0.00     359      4        84.1     80.10      88.40       0.860      0.764      0.80           2          720        0.03     1.80       1.41       4528.3     2001.7     2526.6     0.957     c3:15.52; c2:0.00
103 T1124TS320_5o      320     Elofsson             0.883    0.914    2        A2       C2        2        0.75     366      4        84.6     80.10      89.60       0.868      0.760      0.82           2          720        0.03     1.69       1.40       4391.0     1508.0     2883.0     0.953     c3:15.98; c2:0.53
104 T1124TS304_3o      304     Manifold-X           0.883    0.912    2        A2       C2        2        0.02     347      0        81.0     79.10      82.90       0.840      0.630      0.77           2          720        0.04     2.91       2.12       4998.3     2491.4     2506.9     0.936     c3:15.24; c2:0.01
105 T1124TS091_4o      091     UNRES                0.882    0.923    2        A2       C2        2        0.65     364      2        81.5     81.00      82.00       0.806      0.745      0.81           2          720        0.03     1.80       1.46       5985.6     2843.1     3142.5     0.959     c3:15.47; c2:0.43
106 T1124TS037_5o      037     Wallner              0.882    0.913    2        A2       C2        2        0.38     362      2        84.7     80.30      89.60       0.869      0.784      0.82           2          720        0.03     1.67       1.38       4328.9     1806.7     2522.2     0.956     c3:15.64; c2:0.27
107 T1124TS385_1o      385     FoldEver-Hybrid      0.881    0.892    2        A2       C2        2        0.00     389      8        77.5     75.30      79.90       0.802      0.694      0.76           2          720        0.03     1.87       1.60       5029.4     1938.0     3091.5     0.957     c3:15.64; c2:0.00
108 T1124TS037_2o      037     Wallner              0.880    0.916    2        A2       C2        2        0.25     346      2        83.7     79.50      88.40       0.857      0.750      0.81           2          720        0.03     1.69       1.66       3554.4     1460.9     2093.5     0.965     c3:15.38; c2:0.18
109 T1124TS073_5o      073s    DFolding-refine      0.880    0.918    2        A2       C2        2        0.45     355      1        83.1     80.30      86.00       0.808      0.703      0.82           2          720        0.04     2.32       1.63       5379.8     2281.1     3098.7     0.938     c3:15.49; c2:0.32
110 T1124TS320_1o      320     Elofsson             0.880    0.918    2        A2       C2        2        0.08     356      2        84.8     79.50      90.90       0.861      0.760      0.82           2          720        0.03     1.90       1.46       4206.1     1817.8     2388.3     0.956     c3:15.37; c2:0.06
111 T1124TS423_5o      423     trComplex            0.880    0.949    2        A2       C2        2        0.78     374      0        83.7     79.30      88.70       0.844      0.817      0.81           2          720        0.02     1.47       1.06       -457.4     -295.2     -162.1     0.963     c3:15.26; c2:0.53
112 T1124TS390_1o      390s    NBIS-AF2-multimer    0.880    0.918    2        A2       C2        2        0.08     356      2        84.8     79.50      90.90       0.861      0.760      0.82           2          720        0.03     1.90       1.46       4206.1     1817.8     2388.3     0.956     c3:15.37; c2:0.06
113 T1124TS187_5o      187     TRFold               0.880    0.949    2        A2       C2        2        0.78     374      0        83.7     79.30      88.70       0.844      0.817      0.81           2          720        0.02     1.47       1.06       -457.4     -295.2     -162.1     0.963     c3:15.26; c2:0.53
114 T1124TS037_4o      037     Wallner              0.880    0.916    2        A2       C2        2        0.58     361      2        83.8     80.40      87.50       0.871      0.816      0.83           2          720        0.01     1.25       1.39       4261.3     1638.8     2622.5     0.975     c3:15.64; c2:0.40
115 T1124TS360_2o      360     MUFold_H             0.879    0.928    2        A2       C2        2        1.63     372      2        84.7     81.10      88.70       0.864      0.732      0.84           2          720        0.04     1.97       1.41       4915.2     2126.4     2788.8     0.943     c3:16.18; c2:1.15
116 T1124TS352_2o      352     KORP-PL              0.879    0.918    2        A2       C2        2        0.00     358      2        84.7     79.30      90.90       0.861      0.760      0.82           2          720        0.03     1.90       1.47       4174.8     1837.8     2337.1     0.955     c3:25.58; c2:0.00
117 T1124TS360_4o      360     MUFold_H             0.879    0.917    2        A2       C2        2        0.23     351      4        83.9     80.10      88.10       0.861      0.790      0.83           2          720        0.03     1.52       1.38       4403.7     1660.6     2743.1     0.960     c3:15.80; c2:0.16
118 T1124TS188_3o      188s    GuijunLab-DeepDA     0.879    0.927    2        A2       C2        2        0.91     365      4        84.3     80.00      89.00       0.869      0.790      0.84           2          720        0.02     1.36       1.33       4060.0     1723.3     2336.7     0.963     c3:16.15; c2:0.63
119 T1124TS460_3o      460     Convex-PL-R          0.879    0.918    2        A2       C2        2        0.00     358      2        84.7     79.30      90.90       0.861      0.760      0.82           2          720        0.03     1.90       1.47       4174.8     1837.8     2337.1     0.955     c3:25.58; c2:0.00
120 T1124TS098_2o      098s    GuijunLab-Assembly   0.879    0.927    2        A2       C2        2        0.91     365      4        84.3     80.00      89.00       0.869      0.790      0.84           2          720        0.02     1.36       1.33       4060.0     1723.3     2336.7     0.963     c3:16.15; c2:0.63
121 T1124TS150_1o      150     Grudinin             0.879    0.918    2        A2       C2        2        0.00     358      2        84.7     79.30      90.90       0.861      0.760      0.82           2          720        0.03     1.90       1.47       4174.8     1837.8     2337.1     0.955     c3:25.58; c2:0.00
122 T1124TS338_1o      338     Convex-PL            0.879    0.918    2        A2       C2        2        0.00     358      2        84.7     79.30      90.90       0.861      0.760      0.82           2          720        0.03     1.90       1.47       4174.8     1837.8     2337.1     0.955     c3:25.58; c2:0.00
123 T1124TS147_3o      147     SHT                  0.878    0.917    2        A2       C2        2        0.09     355      3        83.8     79.00      89.30       0.854      0.754      0.80           2          720        0.03     1.91       1.48       4244.4     2074.1     2170.3     0.955     c3:15.38; c2:0.06
124 T1124TS098_3o      098s    GuijunLab-Assembly   0.877    0.925    2        A2       C2        2        0.74     368      4        82.8     78.30      87.80       0.869      0.784      0.84           2          720        0.02     1.41       1.33       3632.7     1586.6     2046.1     0.962     c3:16.21; c2:0.52
125 T1124TS446_5o      446s    ColabFold            0.877    0.924    2        A2       C2        2        0.78     366      2        83.5     78.90      88.70       0.851      0.697      0.83           2          720        0.05     2.31       1.61       4378.2     1848.4     2529.8     0.929     c3:15.82; c2:0.55
126 T1124TS091_3o      091     UNRES                0.877    0.922    2        A2       C2        2        0.56     352      2        81.5     79.30      83.80       0.799      0.744      0.81           2          720        0.03     1.84       1.43       5832.6     2835.9     2996.7     0.956     c3:15.46; c2:0.37
127 T1124TS461_5o      461     colabfold_human      0.877    0.924    2        A2       C2        2        0.78     366      2        83.5     78.90      88.70       0.851      0.697      0.83           2          720        0.05     2.31       1.61       4378.2     1848.4     2529.8     0.929     c3:15.82; c2:0.55
128 T1124TS188_4o      188s    GuijunLab-DeepDA     0.877    0.925    2        A2       C2        2        0.74     368      4        82.8     78.30      87.80       0.869      0.784      0.84           2          720        0.02     1.41       1.33       3632.7     1586.6     2046.1     0.962     c3:16.21; c2:0.52
129 T1124TS288_1o      288s    DFolding-server      0.877    0.914    2        A2       C2        2        0.18     355      4        83.7     80.60      87.20       0.834      0.618      0.81           2          720        0.05     3.06       2.32       3856.4     1657.3     2199.1     0.916     c3:15.17; c2:0.12
130 T1124TS037_1o      037     Wallner              0.876    0.908    2        A2       C2        2        0.32     347      4        83.0     78.50      88.10       0.832      0.597      0.82           2          720        0.05     2.94       2.05       4645.0     1959.2     2685.8     0.913     c3:15.90; c2:0.22
131 T1124TS239_2o      239s    Yang-Multimer        0.876    0.921    2        A2       C2        2        0.49     365      4        81.8     78.30      85.70       0.815      0.682      0.83           2          720        0.04     2.34       1.47       4415.2     -674.5     5089.8     0.928     c3:16.13; c2:0.34
132 T1124TS187_1o      187     TRFold               0.876    0.924    2        A2       C2        2        0.58     346      4        83.8     81.10      86.60       0.842      0.648      0.80           2          720        0.04     2.76       2.31       914.3      451.8      462.5      0.952     c3:15.14; c2:0.40
133 T1124TS229_2o      229s    Yang-Server          0.876    0.921    2        A2       C2        2        0.49     365      4        81.8     78.30      85.70       0.815      0.682      0.83           2          720        0.04     2.34       1.47       4415.2     -674.5     5089.8     0.928     c3:16.13; c2:0.34
134 T1124TS423_1o      423     trComplex            0.876    0.924    2        A2       C2        2        0.58     346      4        83.8     81.10      86.60       0.842      0.648      0.80           2          720        0.04     2.76       2.31       914.3      451.8      462.5      0.952     c3:15.14; c2:0.40
135 T1124TS054_2o      054     UltraFold            0.875    0.919    2        A2       C2        2        0.10     368      2        83.8     78.60      89.60       0.844      0.696      0.84           2          720        0.05     2.61       1.65       4021.6     1677.4     2344.2     0.925     c3:15.41; c2:0.07
136 T1124TS360_3o      360     MUFold_H             0.875    0.911    2        A2       C2        2        1.75     364      4        83.7     80.00      87.80       0.867      0.774      0.84           2          720        0.02     1.46       1.43       4238.6     1646.2     2592.5     0.961     c3:15.93; c2:1.24
137 T1124TS125_2o      125s    UltraFold_Server     0.875    0.919    2        A2       C2        2        0.10     368      2        83.8     78.60      89.60       0.844      0.696      0.84           2          720        0.05     2.61       1.65       4021.6     1677.4     2344.2     0.925     c3:15.41; c2:0.07
138 T1124TS399_2o      399     BeijingAIProtein     0.875    0.919    2        A2       C2        2        0.10     368      2        83.8     78.60      89.60       0.844      0.696      0.84           2          720        0.05     2.61       1.65       4021.6     1677.4     2344.2     0.925     c3:15.41; c2:0.07
139 T1124TS071_3o      071s    RaptorX-Multimer     0.873    0.927    2        A2       C2        2        0.06     365      2        84.5     81.00      88.40       0.831      0.703      0.81           2          720        0.04     2.49       1.50       4498.7     1895.2     2603.5     0.934     c3:15.38; c2:0.04
140 T1124TS188_1o      188s    GuijunLab-DeepDA     0.873    0.920    2        A2       C2        2        1.01     348      2        79.6     78.40      80.80       0.856      0.762      0.81           2          720        0.02     1.36       1.33       4718.1     2510.5     2207.6     0.964     c3:16.05; c2:0.67
141 T1124TS073_1o      073s    DFolding-refine      0.873    0.909    2        A2       C2        2        0.31     358      2        84.1     81.80      86.60       0.797      0.616      0.82           2          720        0.05     3.07       2.33       3715.8     1782.7     1933.2     0.916     c3:15.17; c2:0.22
142 T1124TS054_1o      054     UltraFold            0.872    0.916    2        A2       C2        2        0.17     343      2        83.0     79.20      87.20       0.846      0.745      0.85           2          720        0.03     1.88       1.57       3951.0     1577.0     2374.0     0.956     c3:15.44; c2:0.12
143 T1124TS399_1o      399     BeijingAIProtein     0.872    0.916    2        A2       C2        2        0.17     343      2        83.0     79.20      87.20       0.846      0.745      0.85           2          720        0.03     1.88       1.57       3951.0     1577.0     2374.0     0.956     c3:15.44; c2:0.12
144 T1124TS125_1o      125s    UltraFold_Server     0.872    0.916    2        A2       C2        2        0.17     343      2        83.0     79.20      87.20       0.846      0.745      0.85           2          720        0.03     1.88       1.57       3951.0     1577.0     2374.0     0.956     c3:15.44; c2:0.12
145 T1124TS046_4o      046s    Manifold-LC-E        0.871    0.896    2        A2       C1        2        0.00     337      1        82.6     80.60      84.80       0.791      0.501      0.79           2          720        0.06     3.77       2.04       6130.4     3334.8     2795.6     0.859     c3:13.01; c2:8.59
146 T1124TS298_4o      298s    MUFold               0.871    0.924    2        A2       C2        2        0.10     364      4        83.6     79.60      88.10       0.863      0.809      0.83           2          720        0.02     1.47       1.36       3240.8     1261.0     1979.8     0.967     c3:15.38; c2:0.07
147 T1124TS350_4o      350     ClusPro              0.871    0.917    2        A2       C2        2        0.10     362      2        82.3     77.90      87.20       0.843      0.744      0.85           2          720        0.04     1.97       1.54       3202.1     1276.0     1926.1     0.951     c3:15.43; c2:0.07
148 T1124TS035_4o      035s    Manifold-E           0.871    0.896    2        A2       C1        2        0.00     337      1        82.6     80.60      84.80       0.791      0.501      0.79           2          720        0.06     3.77       2.04       6130.4     3334.8     2795.6     0.859     c3:13.01; c2:8.59
149 T1124TS350_1o      350     ClusPro              0.871    0.917    2        A2       C2        2        0.10     362      2        82.3     77.90      87.20       0.843      0.744      0.85           2          720        0.04     1.97       1.54       3202.1     1276.0     1926.1     0.951     c3:15.43; c2:0.07
150 T1124TS054_5o      054     UltraFold            0.870    0.916    2        A2       C2        2        1.89     377      2        84.2     78.90      90.20       0.871      0.751      0.82           2          720        0.03     1.78       1.42       3985.0     1651.1     2333.9     0.950     c3:16.22; c2:1.33
151 T1124TS125_5o      125s    UltraFold_Server     0.870    0.916    2        A2       C2        2        1.89     377      2        84.2     78.90      90.20       0.871      0.751      0.82           2          720        0.03     1.78       1.42       3985.0     1651.1     2333.9     0.950     c3:16.22; c2:1.33
152 T1124TS399_5o      399     BeijingAIProtein     0.870    0.916    2        A2       C2        2        1.89     377      2        84.2     78.90      90.20       0.871      0.751      0.82           2          720        0.03     1.78       1.42       3985.0     1651.1     2333.9     0.950     c3:16.22; c2:1.33
153 T1124TS185_4o      185     BAKER                0.869    0.904    2        A2       C2        2        0.01     351      1        81.1     80.50      81.70       0.825      0.670      0.80           2          720        0.02     2.11       1.85       5549.5     2815.6     2733.9     0.944     c3:15.19; c2:0.01
154 T1124TS185_2o      185     BAKER                0.869    0.904    2        A2       C2        2        0.01     351      1        81.1     80.50      81.70       0.825      0.670      0.80           2          720        0.02     2.11       1.85       5542.2     2810.3     2731.9     0.944     c3:15.19; c2:0.01
155 T1124TS091_2o      091     UNRES                0.869    0.905    2        A2       C2        2        0.66     348      0        79.6     79.60      79.60       0.801      0.736      0.80           2          720        0.03     1.81       1.54       6278.0     2927.6     3350.4     0.958     c3:15.45; c2:0.42
156 T1124TS091_5o      091     UNRES                0.869    0.912    2        A2       C2        2        0.74     356      1        78.9     79.10      78.70       0.787      0.732      0.82           2          720        0.03     1.79       1.49       6091.9     2985.7     3106.3     0.959     c3:15.50; c2:0.46
157 T1124TS037_3o      037     Wallner              0.868    0.914    2        A2       C2        2        0.58     348      2        81.0     76.60      86.00       0.856      0.692      0.82           2          720        0.03     1.93       1.87       3185.5     1270.6     1914.9     0.952     c3:15.90; c2:0.38
158 T1124TS423_2o      423     trComplex            0.866    0.916    2        A2       C2        2        0.24     366      2        81.5     78.00      85.40       0.857      0.762      0.80           2          720        0.03     1.75       1.58       4080.4     1551.0     2529.4     0.959     c3:15.44; c2:0.17
159 T1124TS187_2o      187     TRFold               0.866    0.916    2        A2       C2        2        0.24     366      2        81.5     78.00      85.40       0.857      0.762      0.80           2          720        0.03     1.75       1.58       4080.4     1551.0     2529.4     0.959     c3:15.44; c2:0.17
160 T1124TS494_1o      494     Venclovas            0.866    0.912    2        A2       C2        2        1.25     366      2        83.4     79.20      88.10       0.857      0.763      0.81           2          720        0.03     1.81       1.51       4239.6     1958.2     2281.4     0.958     c3:15.53; c2:0.88
161 T1124TS054_4o      054     UltraFold            0.865    0.912    2        A2       C2        2        1.08     366      4        81.9     78.00      86.30       0.860      0.746      0.82           2          720        0.03     1.71       1.44       4237.8     1726.7     2511.1     0.953     c3:15.80; c2:0.76
162 T1124TS399_4o      399     BeijingAIProtein     0.865    0.912    2        A2       C2        2        1.08     366      4        81.9     78.00      86.30       0.860      0.746      0.82           2          720        0.03     1.71       1.44       4237.8     1726.7     2511.1     0.953     c3:15.80; c2:0.76
163 T1124TS125_4o      125s    UltraFold_Server     0.865    0.912    2        A2       C2        2        1.08     366      4        81.9     78.00      86.30       0.860      0.746      0.82           2          720        0.03     1.71       1.44       4237.8     1726.7     2511.1     0.953     c3:15.80; c2:0.76
164 T1124TS298_1o      298s    MUFold               0.863    0.908    2        A2       C2        2        2.89     354      3        82.2     80.10      84.50       0.851      0.769      0.82           2          720        0.02     1.61       1.51       2654.1     689.1      1965.0     0.964     c3:15.47; c2:2.04
165 T1124TS091_1o      091     UNRES                0.863    0.899    2        A2       C2        2        0.72     342      1        78.1     76.40      79.90       0.801      0.731      0.80           2          720        0.03     1.82       1.56       6516.1     3012.1     3504.0     0.958     c3:15.40; c2:0.44
166 T1124TS125_3o      125s    UltraFold_Server     0.862    0.914    2        A2       C2        2        1.52     364      3        82.3     77.40      87.80       0.867      0.769      0.83           2          720        0.02     1.44       1.44       3647.0     1479.1     2167.9     0.961     c3:16.03; c2:1.05
167 T1124TS399_3o      399     BeijingAIProtein     0.862    0.914    2        A2       C2        2        1.52     364      3        82.3     77.40      87.80       0.867      0.769      0.83           2          720        0.02     1.44       1.44       3647.0     1479.1     2167.9     0.961     c3:16.03; c2:1.05
168 T1124TS054_3o      054     UltraFold            0.862    0.914    2        A2       C2        2        1.52     364      3        82.3     77.40      87.80       0.867      0.769      0.83           2          720        0.02     1.44       1.44       3647.0     1479.1     2167.9     0.961     c3:16.03; c2:1.05
169 T1124TS350_3o      350     ClusPro              0.861    0.907    2        A2       C2        2        0.32     358      0        82.2     78.80      86.00       0.831      0.734      0.86           2          720        0.04     2.01       1.63       3351.2     1243.1     2108.0     0.950     c3:15.49; c2:0.23
170 T1124TS350_5o      350     ClusPro              0.860    0.908    2        A2       C2        2        0.27     357      0        81.9     78.50      85.70       0.835      0.733      0.85           2          720        0.04     2.02       1.63       3292.0     1165.7     2126.3     0.950     c3:15.46; c2:0.19
171 T1124TS350_2o      350     ClusPro              0.860    0.908    2        A2       C2        2        0.27     357      0        81.9     78.50      85.70       0.835      0.733      0.85           2          720        0.04     2.02       1.63       3292.0     1165.7     2126.3     0.950     c3:15.46; c2:0.19
172 T1124TS347_1o      347     AIchemy_LIG3         0.859    0.906    2        A2       C2        2        0.15     343      2        81.2     77.70      85.10       0.844      0.669      0.82           2          720        0.03     2.08       1.95       3488.7     1117.4     2371.3     0.946     c3:15.98; c2:0.09
173 T1124TS347_4o      347     AIchemy_LIG3         0.859    0.906    2        A2       C2        2        0.15     343      2        81.2     77.70      85.10       0.844      0.669      0.82           2          720        0.03     2.08       1.95       3488.7     1117.4     2371.3     0.946     c3:15.98; c2:0.09
174 T1124TS325_2o      325     AIchemy_LIG          0.859    0.906    2        A2       C2        2        0.15     343      2        81.2     77.70      85.10       0.844      0.669      0.82           2          720        0.03     2.08       1.95       3488.7     1117.4     2371.3     0.946     c3:15.98; c2:0.09
175 T1124TS374_2o      374     Zheng                0.859    0.906    2        A2       C2        2        0.11     348      4        81.1     76.50      86.30       0.826      0.571      0.82           2          720        0.06     3.19       2.12       4023.9     1674.3     2349.6     0.904     c3:16.02; c2:0.08
176 T1124TS347_5o      347     AIchemy_LIG3         0.859    0.906    2        A2       C2        2        0.15     343      2        81.2     77.70      85.10       0.844      0.669      0.82           2          720        0.03     2.08       1.95       3488.7     1117.4     2371.3     0.946     c3:15.98; c2:0.09
177 T1124TS325_3o      325     AIchemy_LIG          0.859    0.906    2        A2       C2        2        0.15     343      2        81.2     77.70      85.10       0.844      0.669      0.82           2          720        0.03     2.08       1.95       3488.7     1117.4     2371.3     0.946     c3:15.98; c2:0.09
178 T1124TS456_2o      456     AIchemy_LIG2         0.859    0.906    2        A2       C2        2        0.15     343      2        81.2     77.70      85.10       0.844      0.669      0.82           2          720        0.03     2.08       1.95       3488.7     1117.4     2371.3     0.946     c3:15.98; c2:0.09
179 T1124TS325_5o      325     AIchemy_LIG          0.859    0.906    2        A2       C2        2        0.15     343      2        81.2     77.70      85.10       0.844      0.669      0.82           2          720        0.03     2.08       1.95       3488.7     1117.4     2371.3     0.946     c3:15.98; c2:0.09
180 T1124TS347_2o      347     AIchemy_LIG3         0.859    0.906    2        A2       C2        2        0.15     343      2        81.2     77.70      85.10       0.844      0.669      0.82           2          720        0.03     2.08       1.95       3488.7     1117.4     2371.3     0.946     c3:15.98; c2:0.09
181 T1124TS456_4o      456     AIchemy_LIG2         0.859    0.906    2        A2       C2        2        0.15     343      2        81.2     77.70      85.10       0.844      0.669      0.82           2          720        0.03     2.08       1.95       3488.7     1117.4     2371.3     0.946     c3:15.98; c2:0.09
182 T1124TS456_5o      456     AIchemy_LIG2         0.859    0.906    2        A2       C2        2        0.15     343      2        81.2     77.70      85.10       0.844      0.669      0.82           2          720        0.03     2.08       1.95       3488.7     1117.4     2371.3     0.946     c3:15.98; c2:0.09
183 T1124TS325_4o      325     AIchemy_LIG          0.859    0.906    2        A2       C2        2        0.15     343      2        81.2     77.70      85.10       0.844      0.669      0.82           2          720        0.03     2.08       1.95       3488.7     1117.4     2371.3     0.946     c3:15.98; c2:0.09
184 T1124TS325_1o      325     AIchemy_LIG          0.859    0.906    2        A2       C2        2        0.15     343      2        81.2     77.70      85.10       0.844      0.669      0.82           2          720        0.03     2.08       1.95       3488.7     1117.4     2371.3     0.946     c3:15.98; c2:0.09
185 T1124TS347_3o      347     AIchemy_LIG3         0.859    0.906    2        A2       C2        2        0.15     343      2        81.2     77.70      85.10       0.844      0.669      0.82           2          720        0.03     2.08       1.95       3488.7     1117.4     2371.3     0.946     c3:15.98; c2:0.09
186 T1124TS456_3o      456     AIchemy_LIG2         0.859    0.906    2        A2       C2        2        0.15     343      2        81.2     77.70      85.10       0.844      0.669      0.82           2          720        0.03     2.08       1.95       3488.7     1117.4     2371.3     0.946     c3:15.98; c2:0.09
187 T1124TS456_1o      456     AIchemy_LIG2         0.859    0.906    2        A2       C2        2        0.15     343      2        81.2     77.70      85.10       0.844      0.669      0.82           2          720        0.03     2.08       1.95       3488.7     1117.4     2371.3     0.946     c3:15.98; c2:0.09
188 T1124TS348_2o      348     Takeda-Shitaka_Lab   0.858    0.906    2        A2       C2        2        0.58     367      4        83.4     79.90      87.20       0.865      0.772      0.82           2          720        0.02     1.46       1.45       4529.8     1703.5     2826.3     0.961     c3:15.93; c2:0.41
189 T1124TS360_5o      360     MUFold_H             0.858    0.915    2        A2       C2        2        0.61     370      4        83.5     79.00      88.40       0.867      0.768      0.84           2          720        0.02     1.50       1.47       4187.5     1550.8     2636.7     0.960     c3:15.82; c2:0.43
190 T1124TS288_2o      288s    DFolding-server      0.858    0.902    2        A2       C2        2        0.19     377      2        81.7     77.00      86.90       0.824      0.613      0.80           2          720        0.06     3.14       2.09       3828.7     1464.3     2364.4     0.910     c3:15.33; c2:0.13
191 T1124TS185_5o      185     BAKER                0.857    0.906    2        A2       C2        2        0.01     355      0        81.0     79.50      82.60       0.821      0.670      0.81           2          720        0.01     2.13       1.88       5099.3     2545.6     2553.7     0.944     c3:15.31; c2:0.01
192 T1124TS374_3o      374     Zheng                0.855    0.921    2        A2       C2        2        0.07     358      4        81.8     77.20      86.90       0.853      0.720      0.83           2          720        0.03     1.93       1.71       2043.6     528.6      1515.0     0.951     c3:15.17; c2:0.05
193 T1124TS073_2o      073s    DFolding-refine      0.854    0.898    2        A2       C2        2        0.32     369      2        83.0     79.40      86.90       0.784      0.611      0.84           2          720        0.06     3.14       2.08       3857.9     1543.8     2314.2     0.910     c3:15.32; c2:0.22
194 T1124TS374_4o      374     Zheng                0.854    0.898    2        A2       C2        2        0.17     339      4        82.5     78.50      86.90       0.854      0.710      0.82           2          720        0.03     2.02       1.91       1692.3     611.2      1081.1     0.957     c3:15.26; c2:0.12
195 T1124TS374_1o      374     Zheng                0.854    0.899    2        A2       C2        2        0.06     342      4        81.9     78.50      85.70       0.846      0.627      0.78           2          720        0.04     2.87       2.45       2871.0     1552.4     1318.6     0.939     c3:15.04; c2:0.04
196 T1124TS348_3o      348     Takeda-Shitaka_Lab   0.852    0.919    2        A2       C2        2        0.32     368      0        81.3     76.50      86.60       0.842      0.756      0.82           2          720        0.03     1.87       1.60       4036.4     1514.4     2522.0     0.955     c3:15.82; c2:0.22
197 T1124TS169_2o      169     GuijunLab-Human      0.850    0.924    2        A2       C2        2        0.18     376      2        83.6     78.60      89.30       0.862      0.747      0.83           2          720        0.04     1.97       1.55       3668.3     1546.2     2122.1     0.952     c3:15.49; c2:0.13
198 T1124TS304_4o      304     Manifold-X           0.849    0.921    2        A2       C2        2        0.01     369      0        82.7     76.60      89.90       0.836      0.656      0.83           2          720        0.05     2.71       1.69       4162.6     2006.5     2156.2     0.912     c3:15.71; c2:0.00
199 T1124TS046_2o      046s    Manifold-LC-E        0.849    0.921    2        A2       C2        2        0.31     371      1        82.8     77.00      89.60       0.838      0.657      0.83           2          720        0.05     2.69       1.69       4356.4     2262.0     2094.4     0.913     c3:15.67; c2:0.22
200 T1124TS367_5o      367     MULTICOM             0.849    0.916    2        A2       C2        2        0.12     345      4        79.4     75.20      84.10       0.845      0.655      0.79           2          720        0.04     2.39       2.24       3578.3     1928.1     1650.2     0.948     c3:15.33; c2:0.08
201 T1124TS248_4o      248     Manifold             0.849    0.921    2        A2       C2        2        0.01     369      0        82.7     76.60      89.90       0.836      0.656      0.83           2          720        0.05     2.71       1.69       4162.6     2006.5     2156.2     0.912     c3:15.71; c2:0.00
202 T1124TS169_1o      169     GuijunLab-Human      0.849    0.922    2        A2       C2        2        0.16     376      4        80.9     75.60      86.90       0.870      0.761      0.81           2          720        0.03     1.75       1.51       3575.2     1520.9     2054.4     0.961     c3:15.80; c2:0.12
203 T1124TS035_1o      035s    Manifold-E           0.849    0.921    2        A2       C2        2        0.31     371      1        82.8     77.00      89.60       0.838      0.657      0.83           2          720        0.05     2.69       1.69       4356.4     2262.0     2094.4     0.913     c3:15.67; c2:0.22
204 T1124TS398_1o      398     ChaePred             0.848    0.870    2        A2       C2        2        1.82     409      10       75.9     69.30      83.80       0.837      0.664      0.75           2          720        0.05     2.16       1.65       4277.2     1473.2     2804.0     0.931     c3:14.94; c2:1.01
205 T1124TS165_1o      165     FTBiot0119           0.848    0.870    2        A2       C2        2        1.82     409      10       75.9     69.30      83.80       0.837      0.664      0.75           2          720        0.05     2.16       1.65       4277.2     1473.2     2804.0     0.931     c3:14.94; c2:1.01
206 T1124TS229_5o      229s    Yang-Server          0.847    0.922    2        A2       C2        2        0.21     384      4        79.8     75.80      84.10       0.813      0.627      0.80           2          720        0.05     2.72       1.72       4467.4     -733.5     5200.9     0.912     c3:15.64; c2:0.15
207 T1124TS239_5o      239s    Yang-Multimer        0.847    0.922    2        A2       C2        2        0.21     384      4        79.8     75.80      84.10       0.813      0.627      0.80           2          720        0.05     2.72       1.72       4467.4     -733.5     5200.9     0.912     c3:15.64; c2:0.15
208 T1124TS169_5o      169     GuijunLab-Human      0.847    0.916    2        A2       C2        2        0.18     370      4        81.7     75.90      88.40       0.855      0.702      0.82           2          720        0.04     2.19       1.57       4327.8     1747.2     2580.6     0.934     c3:15.78; c2:0.13
209 T1124TS188_5o      188s    GuijunLab-DeepDA     0.846    0.917    2        A2       C2        2        0.76     383      4        81.1     76.50      86.30       0.863      0.777      0.83           2          720        0.03     1.57       1.48       3636.8     1513.9     2122.8     0.960     c3:16.10; c2:0.53
210 T1124TS165_4o      165     FTBiot0119           0.845    0.865    2        A2       C2        2        1.74     461      14       72.0     63.80      82.60       0.770      0.623      0.76           2          720        0.07     2.86       1.70       4479.0     2076.4     2402.6     0.916     c3:14.47; c2:0.97
211 T1124TS348_4o      348     Takeda-Shitaka_Lab   0.844    0.916    2        A2       C2        2        0.75     381      4        81.2     76.10      87.20       0.857      0.759      0.80           2          720        0.03     1.68       1.39       3875.8     1334.5     2541.3     0.954     c3:15.91; c2:0.52
212 T1124TS374_5o      374     Zheng                0.844    0.918    2        A2       C2        2        0.06     372      2        80.6     76.20      85.70       0.830      0.695      0.81           2          720        0.04     2.53       1.67       2811.1     1056.3     1754.8     0.926     c3:15.18; c2:0.04
213 T1124TS131_4o      131s    Kiharalab_Server     0.842    0.895    2        A2       C2        2        0.10     333      4        80.3     78.70      82.00       0.817      0.561      0.82           2          720        0.06     3.35       2.52       4507.6     2155.1     2352.5     0.901     c3:15.30; c2:0.07
214 T1124TS185_1o      185     BAKER                0.842    0.900    2        A2       C2        2        0.02     372      0        80.4     79.50      81.40       0.823      0.666      0.81           2          720        0.02     2.28       1.96       5019.0     2445.2     2573.8     0.943     c3:15.51; c2:0.01
215 T1124TS185_3o      185     BAKER                0.842    0.900    2        A2       C2        2        0.02     372      0        80.4     79.50      81.40       0.823      0.666      0.81           2          720        0.02     2.28       1.96       5015.9     2441.5     2574.4     0.943     c3:15.51; c2:0.01
216 T1124TS278_1o      278     PEZYFoldings         0.840    0.909    2        A2       C2        2        0.07     360      0        81.0     76.30      86.30       0.825      0.671      0.78           2          720        0.03     2.67       1.90       4169.4     1820.8     2348.5     0.934     c3:15.38; c2:0.05
217 T1124TS165_2o      165     FTBiot0119           0.839    0.868    2        A2       C2        2        0.59     422      7        70.7     66.30      75.60       0.739      0.663      0.72           2          720        0.02     1.95       1.87       3162.4     1650.1     1512.3     0.950     c3:14.93; c2:0.33
218 T1124TS298_5o      298s    MUFold               0.836    0.910    2        A2       C2        2        0.11     376      4        79.8     74.70      85.70       0.849      0.742      0.77           2          720        0.02     1.74       1.70       3550.3     1500.2     2050.1     0.964     c3:15.64; c2:0.08
219 T1124TS165_3o      165     FTBiot0119           0.834    0.846    2        A2       C2        2        1.74     455      16       69.3     60.20      81.70       0.765      0.584      0.72           2          720        0.08     3.24       1.86       4773.6     2041.2     2732.4     0.897     c3:14.49; c2:0.97
220 T1124TS147_2o      147     SHT                  0.831    0.875    2        A2       C2        2        2.78     338      0        74.4     73.00      75.90       0.691      0.653      0.79           2          720        0.05     2.52       1.98       3280.5     2150.4     1130.0     0.928     c3:15.18; c2:1.93
221 T1124TS187_4o      187     TRFold               0.830    0.880    2        A2       C2        2        0.64     365      3        80.4     75.70      85.70       0.830      0.636      0.78           2          720        0.04     2.87       2.44       552.8      412.0      140.7      0.949     c3:15.12; c2:0.44
222 T1124TS423_4o      423     trComplex            0.830    0.880    2        A2       C2        2        0.64     365      3        80.4     75.70      85.70       0.830      0.636      0.78           2          720        0.04     2.87       2.44       552.8      412.0      140.7      0.949     c3:15.12; c2:0.44
223 T1124TS147_1o      147     SHT                  0.829    0.875    2        A2       C2        2        2.77     348      0        74.7     74.20      75.30       0.713      0.642      0.80           2          720        0.07     2.60       1.89       3114.6     1738.2     1376.4     0.925     c3:15.37; c2:1.95
224 T1124TS119_3o      119     Kiharalab            0.825    0.898    2        A2       C2        2        0.01     359      4        80.9     75.90      86.60       0.834      0.641      0.81           2          720        0.04     2.58       2.37       3504.9     1223.3     2281.6     0.938     c3:15.33; c2:0.01
225 T1124TS131_3o      131s    Kiharalab_Server     0.825    0.898    2        A2       C2        2        0.04     359      4        80.7     75.90      86.30       0.842      0.640      0.80           2          720        0.04     2.57       2.37       3475.1     1322.5     2152.7     0.938     c3:15.34; c2:0.03
226 T1124TS447_1o      447     DELCLAB              0.821    0.850    2        A2       C2        2        0.11     336      0        74.2     74.80      73.50       0.760      0.614      0.74           2          720        0.03     2.62       2.32       2938.4     -487.9     3426.3     0.927     c3:16.52; c2:0.08
227 T1124TS119_1o      119     Kiharalab            0.820    0.894    2        A2       C2        2        0.01     365      2        81.1     76.30      86.60       0.835      0.639      0.81           2          720        0.04     2.59       2.38       3283.2     1506.4     1776.8     0.938     c3:15.35; c2:0.00
228 T1124TS035_2o      035s    Manifold-E           0.818    0.904    2        A2       C1        2        0.00     383      2        79.3     72.40      87.80       0.809      0.483      0.78           1          360        0.00     2.60       2.07       3912.2     1884.8     2027.4     0.814     c3:14.17; c2:7.51
229 T1124TS046_1o      046s    Manifold-LC-E        0.818    0.904    2        A2       C1        2        0.00     383      2        79.3     72.40      87.80       0.809      0.483      0.78           1          360        0.00     2.60       2.07       3912.2     1884.8     2027.4     0.814     c3:14.17; c2:7.51
230 T1124TS439_4o      439     Yang                 0.815    0.956    2        A2       C2        2        0.07     269      2        80.3     90.50      72.30       0.800      0.756      0.80           2          694        0.02     1.24       1.09       -1389.0    -2906.3    1517.3     0.927     c3:14.78; c2:0.05
231 T1124TS447_3o      447     DELCLAB              0.812    0.838    2        A2       C2        2        0.36     318      0        73.2     75.40      71.00       0.754      0.595      0.71           2          720        0.03     2.72       2.35       3265.4     -340.5     3605.9     0.923     c3:16.54; c2:0.26
232 T1124TS439_3o      439     Yang                 0.802    0.939    2        A2       C2        2        0.02     273      4        78.2     86.90      71.00       0.788      0.752      0.80           2          694        0.03     1.35       1.19       -1211.5    -2980.0    1768.4     0.924     c3:14.80; c2:0.02
233 T1124TS439_1o      439     Yang                 0.797    0.933    2        A2       C2        2        0.03     266      2        75.9     85.50      68.30       0.775      0.689      0.78           2          694        0.03     1.77       1.39       -545.9     -2760.1    2214.2     0.917     c3:14.77; c2:0.02
234 T1124TS439_2o      439     Yang                 0.794    0.929    2        A2       C2        2        0.03     270      3        74.8     82.10      68.60       0.760      0.601      0.75           2          694        0.05     2.74       1.57       -451.6     -2795.8    2344.2     0.877     c3:14.69; c2:0.02
235 T1124TS165_5o      165     FTBiot0119           0.789    0.822    2        A2       C2        2        1.81     394      13       61.3     56.90      66.50       0.777      0.663      0.67           2          720        0.03     1.80       1.89       5299.1     2132.3     3166.8     0.960     c3:14.68; c2:1.02
236 T1124TS447_2o      447     DELCLAB              0.777    0.804    2        A2       C2        2        0.08     298      0        66.4     71.30      62.20       0.737      0.571      0.70           2          720        0.03     2.66       2.48       3292.2     -349.1     3641.2     0.925     c3:16.51; c2:0.05
237 T1124TS398_5o      398     ChaePred             0.758    0.805    2        A2       C2        2        3.88     414      13       61.2     55.60      68.00       0.773      0.631      0.67           2          720        0.05     2.30       1.95       4564.4     1869.2     2695.2     0.947     c3:13.47; c2:2.17
238 T1124TS398_2o      398     ChaePred             0.733    0.791    2        A2       C2        2        0.73     336      6        58.6     59.20      57.90       0.744      0.522      0.64           2          720        0.10     2.87       2.49       4220.9     1993.6     2227.3     0.909     c3:14.94; c2:0.45
239 T1124TS398_4o      398     ChaePred             0.723    0.754    2        A2       C2        2        4.28     359      14       56.6     56.50      56.70       0.737      0.488      0.60           2          720        0.10     2.72       2.29       5779.4     2480.9     3298.4     0.911     c3:13.28; c2:2.39
240 T1124TS278_5o      278     PEZYFoldings         0.709    0.806    2        A2       C2        2        0.38     357      4        59.1     56.40      62.20       0.738      0.532      0.73           2          720        0.03     3.20       3.29       1442.2     954.1      488.0      0.910     c3:15.42; c2:0.25
241 T1124TS447_5o      447     DELCLAB              0.707    0.749    2        A2       C2        2        0.31     277      0        54.3     59.90      49.70       0.733      0.438      0.63           2          720        0.11     3.71       3.02       3903.8     35.9       3867.8     0.869     c3:16.61; c2:0.21
242 T1124TS447_4o      447     DELCLAB              0.697    0.740    2        A2       C2        2        0.49     280      0        55.8     61.60      50.90       0.736      0.442      0.61           2          720        0.11     3.75       3.05       4000.5     127.1      3873.3     0.867     c3:16.61; c2:0.34
243 T1124TS304_5o      304     Manifold-X           0.620    0.643    2        A2       C1        2        0.00     396      10       47.3     44.20      50.90       0.712      0.352      0.55           2          720        0.06     3.94       2.74       7698.9     3483.5     4215.4     0.847     c3:11.98; c2:4.05
244 T1124TS248_5o      248     Manifold             0.620    0.643    2        A2       C1        2        0.00     396      10       47.3     44.20      50.90       0.712      0.352      0.55           2          720        0.06     3.94       2.74       7698.9     3483.5     4215.4     0.847     c3:11.98; c2:4.05
245 T1124TS278_4o      278     PEZYFoldings         0.577    0.590    2        A2       C2        2        0.38     382      2        55.4     52.60      58.50       0.741      0.422      0.65           2          720        0.04     5.96       7.83       3214.6     1736.9     1477.7     0.828     c3:16.56; c2:0.27
246 T1124TS278_2o      278     PEZYFoldings         0.564    0.586    2        A2       C2        2        0.63     367      2        55.8     53.30      58.50       0.747      0.423      0.64           2          720        0.08     5.76       7.72       4129.2     2535.6     1593.6     0.846     c3:17.10; c2:0.44
247 T1124TS131_5o      131s    Kiharalab_Server     0.561    0.592    2        A2       C2        2        0.05     374      2        60.0     54.90      66.20       0.776      0.458      0.65           2          720        0.06     5.00       7.44       3959.1     1976.5     1982.5     0.916     c3:16.20; c2:0.04
248 T1124TS131_1o      131s    Kiharalab_Server     0.557    0.588    2        A2       C2        2        0.16     378      2        60.7     55.70      66.80       0.779      0.466      0.65           2          720        0.04     5.01       7.48       3783.0     1790.2     1992.9     0.918     c3:16.07; c2:0.11
249 T1124TS119_4o      119     Kiharalab            0.556    0.587    2        A2       C2        2        0.01     382      2        60.4     54.90      67.10       0.775      0.467      0.66           2          720        0.04     5.00       7.47       3858.8     2053.1     1805.7     0.918     c3:16.09; c2:0.00
250 T1124TS131_2o      131s    Kiharalab_Server     0.556    0.586    2        A2       C2        2        0.12     379      2        60.4     55.30      66.50       0.778      0.464      0.66           2          720        0.05     4.96       7.44       3511.0     1628.2     1882.8     0.919     c3:16.09; c2:0.09
251 T1124TS119_5o      119     Kiharalab            0.556    0.587    2        A2       C2        2        0.01     379      0        61.0     55.00      68.30       0.772      0.472      0.66           2          720        0.04     5.00       7.47       3448.1     1946.0     1502.1     0.918     c3:16.08; c2:0.00
252 T1124TS119_2o      119     Kiharalab            0.556    0.587    2        A2       C2        2        0.01     382      2        60.4     54.90      67.10       0.775      0.467      0.66           2          720        0.04     5.00       7.47       3858.8     2053.1     1805.7     0.918     c3:16.09; c2:0.00
253 T1124TS444_4o      444     CoDock               0.495    0.531    2        A2       C2        2        1.47     440      28       35.9     31.00      42.70       0.635      0.313      0.52           2          720        0.05     5.67       7.72       5981.0     2611.6     3369.4     0.833     c3:16.31; c2:0.98
254 T1124TS494_2o      494     Venclovas            0.455    0.478    2        A2       C2        2        0.12     211      2        51.4     60.20      44.80       0.754      0.295      0.59           1          360        0.00     8.73       12.17      4533.1     2175.1     2358.0     0.875     c3:14.32; c2:0.09
255 T1124TS444_2o      444     CoDock               0.455    0.479    2        A2       C2        2        0.47     468      31       33.7     28.90      40.20       0.622      0.311      0.49           2          720        0.06     5.45       7.54       6856.9     2765.9     4091.1     0.841     c3:16.26; c2:0.26
256 T1124TS205_5o      205     Zou                  0.388    0.400    2        A2       C2        2        2.00     348      8        27.9     29.80      26.20       0.413      0.211      0.48           1          351        0.00     9.91       13.57      10223.7    3837.7     6386.0     0.681     c3:18.70; c2:1.33
257 T1124TS205_3o      205     Zou                  0.388    0.400    2        A2       C2        2        2.00     346      8        27.7     29.50      26.20       0.413      0.211      0.48           1          351        0.00     9.92       13.57      10256.0    3841.0     6415.0     0.681     c3:18.70; c2:1.33
258 T1124TS205_1o      205     Zou                  0.388    0.400    2        A2       C2        2        2.00     349      8        28.0     30.10      26.20       0.413      0.211      0.48           1          351        0.00     9.92       13.57      10231.1    3797.2     6433.9     0.680     c3:18.69; c2:1.33
259 T1124TS205_2o      205     Zou                  0.387    0.399    2        A2       C2        2        2.00     348      8        27.9     29.90      26.20       0.412      0.211      0.49           1          351        0.00     9.92       13.57      10163.9    3815.7     6348.2     0.680     c3:18.69; c2:1.33
260 T1124TS205_4o      205     Zou                  0.387    0.399    2        A2       C2        2        1.99     346      8        27.7     29.80      25.90       0.413      0.210      0.48           1          351        0.00     9.92       13.57      10107.0    3796.9     6310.1     0.680     c3:18.70; c2:1.32
261 T1124TS278_3o      278     PEZYFoldings         0.372    0.373    2        A2       C2        2        0.77     194      0        33.1     45.00      26.20       0.634      0.105      0.50           1          154        0.00     9.89       21.18      8310.9     3869.4     4441.5     0.552     c3:15.31; c2:0.53
262 T1124TS444_1o      444     CoDock               0.345    0.352    2        A2       C2        2        0.30     352      18       20.2     19.10      21.30       0.626      0.204      0.53           1          360        0.00     1.63       5.32       8169.1     2995.8     5173.3     0.821     c3:15.16; c2:0.17
263 T1124TS444_5o      444     CoDock               0.345    0.352    2        A2       C2        2        0.30     352      18       20.2     19.10      21.30       0.626      0.204      0.53           1          360        0.00     1.63       5.32       8169.1     2995.8     5173.3     0.821     c3:15.16; c2:0.17
264 T1124TS494_3o      494     Venclovas            0.266    0.278    2        A2       C2        2        1.16     254      3        31.1     35.30      27.70       0.701      0.110      0.34           1          48         0.00     9.68       21.33      5036.1     2362.5     2673.6     0.728     c3:15.42; c2:0.81
265 T1124TS494_4o      494     Venclovas            0.255    0.263    2        A2       C2        2        0.11     211      0        32.8     42.10      26.80       0.693      0.106      0.30           1          143        0.00     9.71       21.89      4544.4     2204.7     2339.7     0.651     c3:13.94; c2:0.08
266 T1124TS494_5o      494     Venclovas            0.225    0.270    2        A2       C2        2        4.62     132      0        25.1     47.50      17.10       0.436      0.069      0.29           1          125        0.00     9.92       22.64      2534.9     2052.6     482.3      0.552     c3:13.51; c2:3.23
267 T1124TS444_3o      444     CoDock               0.214    0.214    2        A2       C2        2        1.08     452      37       10.5     8.70       13.10       0.585      0.127      0.52           1          360        0.00     1.63       6.86       8092.6     3057.0     5035.6     0.740     c3:14.73; c2:0.62
268 T1124TS098_4o      098s    GuijunLab-Assembly   0.087    0.093    2        A2       C2        2        0.00     1369     121      3.4      2.10       8.80        0.402      0.047      0.40           1          360        0.00     1.95       13.26      2710.5     718.0      1992.5     0.548     c3:13.91; c2:0.00
269 T1124TS398_3o      398     ChaePred             0.048    0.048    2        A2       C2        2        2.65     200      6        3.1      4.30       2.40        0.655      0.024      0.30           1          360        0.00     1.75       22.12      9460.8     3551.6     5909.2     0.546     c3:11.43; c2:1.69
270 T1124TS098_5o      098s    GuijunLab-Assembly   0.000    0.000    2        A2       C2        2        0.00     1838     138      0.0      0.00       0.00        0.275      0.017      0.23           1          360        0.00     1.47       19.20      -1867.3    -1492.4    -375.0     0.516     c3:26.90; c2:0.00