    Model              Gr.Code Group                QSglob   QSbest   Mol.Size Stoich.  Symm.     SymmSize SymmRMSD No.Conts No.Clash F1       Prec.Iface Recal.Iface lDDToligo  DockQ_Avg  Jaccard.Coeff. Align.Size Align.Len  Orient   LocalRMSD  Iface.RMSD SA.total   SA.polar  SA.apolar  TMscore    SymmGr.RMSD
1   T1121TS288_5o      288s    DFolding-server      0.757    0.760    2        A2       C2        2        1.69     52       0        67.6     87.70      54.90       0.792      0.487      0.56           2          730        0.02     4.11       2.50       2731.4     3245.3     -514.0     0.850     c3:11.05; c2:0.74
2   T1121TS444_4o      444     CoDock               0.631    0.650    2        A2       C2        2        2.23     117      1        56.0     52.90      59.30       0.778      0.457      0.53           1          365        0.00     3.45       3.10       -1599.4    1691.1     -3290.5    0.783     c3:10.70; c2:0.89
3   T1121TS444_1o      444     CoDock               0.592    0.603    2        A2       C2        2        2.15     116      1        50.5     48.50      52.70       0.777      0.419      0.51           1          365        0.00     3.46       3.22       -1466.2    1753.3     -3219.5    0.771     c3:10.74; c2:0.88
4   T1121TS446_2o      446s    ColabFold            0.542    0.542    2        A2       C2        2        0.07     62       0        56.9     77.40      45.10       0.788      0.351      0.42           2          730        0.03     5.93       3.88       1382.8     2866.7     -1483.8    0.740     c3:11.18; c2:0.05
5   T1121TS461_2o      461     colabfold_human      0.542    0.542    2        A2       C2        2        0.07     62       0        56.9     77.40      45.10       0.788      0.351      0.42           2          730        0.03     5.93       3.88       1382.8     2866.7     -1483.8    0.740     c3:11.18; c2:0.05
6   T1121TS447_1o      447     DELCLAB              0.530    0.538    2        A2       C2        2        1.25     129      1        47.4     41.10      56.00       0.763      0.430      0.46           2          730        0.11     5.91       3.52       -4021.7    -1445.9    -2575.8    0.757     c3:11.13; c2:0.86
7   T1121TS447_3o      447     DELCLAB              0.485    0.489    2        A2       C1        2        0.00     135      1        39.3     34.10      46.20       0.756      0.348      0.47           1          365        0.00     3.71       3.80       -4122.5    -1442.1    -2680.4    0.719     c3:9.46; c2:3.17
8   T1121TS447_5o      447     DELCLAB              0.465    0.475    2        A2       C1        2        0.00     139      3        32.4     27.50      39.60       0.755      0.332      0.43           1          365        0.00     3.72       3.88       -4069.8    -1436.1    -2633.7    0.719     c3:9.71; c2:3.38
9   T1121TS037_4o      037     Wallner              0.453    0.453    2        A2       C2        2        1.07     62       0        50.7     67.30      40.70       0.779      0.322      0.33           2          730        0.03     6.07       4.23       -457.2     2156.5     -2613.8    0.730     c3:10.99; c2:0.69
10  T1121TS494_4o      494     Venclovas            0.450    0.450    2        A2       C2        2        0.23     51       0        55.2     74.10      44.00       0.783      0.312      0.33           1          365        0.00     3.44       4.25       1791.7     3284.2     -1492.5    0.718     c3:10.99; c2:0.14
11  T1121TS444_2o      444     CoDock               0.428    0.428    2        A2       C2        2        0.39     60       0        55.8     73.20      45.10       0.769      0.322      0.33           1          365        0.00     3.53       4.46       156.1      2632.2     -2476.1    0.704     c3:11.06; c2:0.27
12  T1121TS447_4o      447     DELCLAB              0.428    0.435    2        A2       C2        2        4.51     123      3        27.0     23.40      31.90       0.751      0.280      0.40           1          365        0.00     3.74       4.19       -3763.0    -1551.9    -2211.1    0.723     c3:10.57; c2:2.03
13  T1121TS147_4o      147     SHT                  0.426    0.426    2        A2       C2        2        0.77     42       0        53.9     67.20      45.10       0.720      0.168      0.37           1          365        0.00     3.89       13.26      -3561.7    -81.4      -3480.3    0.591     c3:11.18; c2:0.54
14  T1121TS239_3o      239s    Yang-Multimer        0.417    0.417    2        A2       C2        2        0.59     41       0        58.8     88.90      44.00       0.748      0.158      0.39           1          365        0.00     6.14       18.53      1820.1     223.4      1596.7     0.526     c3:15.75; c2:0.41
15  T1121TS288_4o      288s    DFolding-server      0.415    0.415    2        A2       C2        2        0.50     53       0        53.1     73.10      41.80       0.781      0.289      0.31           1          365        0.00     2.93       4.53       1173.8     2886.8     -1713.0    0.726     c3:10.72; c2:0.31
16  T1121TS239_5o      239s    Yang-Multimer        0.414    0.414    2        A2       C2        2        0.10     40       0        56.7     88.40      41.80       0.750      0.162      0.36           1          365        0.00     2.89       11.98      674.9      -167.3     842.2      0.643     c3:11.33; c2:0.07
17  T1121TS439_4o      439     Yang                 0.412    0.412    2        A2       C2        2        0.30     38       0        56.9     84.80      42.90       0.751      0.179      0.38           1          365        0.00     2.23       9.25       1185.9     -8.5       1194.4     0.682     c3:10.60; c2:0.17
18  T1121TS169_3o      169     GuijunLab-Human      0.412    0.412    2        A2       C2        2        0.67     39       0        58.8     88.90      44.00       0.778      0.185      0.39           1          365        0.00     2.08       8.96       1892.2     3083.1     -1190.9    0.681     c3:10.43; c2:0.38
19  T1121TS239_2o      239s    Yang-Multimer        0.411    0.411    2        A2       C2        2        0.16     37       0        56.7     88.40      41.80       0.748      0.154      0.36           1          365        0.00     3.65       14.93      1520.8     118.0      1402.8     0.575     c3:12.77; c2:0.11
20  T1121TS119_4o      119     Kiharalab            0.411    0.411    2        A2       C2        2        0.13     39       0        58.8     88.90      44.00       0.775      0.164      0.39           1          365        0.00     3.21       13.57      1802.0     3210.1     -1408.1    0.605     c3:11.61; c2:0.09
21  T1121TS119_5o      119     Kiharalab            0.408    0.408    2        A2       C2        2        0.11     37       0        58.8     88.90      44.00       0.779      0.171      0.39           1          365        0.00     3.28       10.63      1982.0     3249.5     -1267.5    0.621     c3:9.78; c2:0.08
22  T1121TS461_5o      461     colabfold_human      0.408    0.408    2        A2       C2        2        0.11     37       0        58.8     88.90      44.00       0.779      0.171      0.39           1          365        0.00     3.28       10.63      1953.3     3237.6     -1284.3    0.621     c3:9.78; c2:0.08
23  T1121TS091_3o      091     UNRES                0.408    0.408    2        A2       C2        2        2.20     37       0        52.6     78.30      39.60       0.747      0.164      0.35           1          365        0.00     2.57       9.25       3941.5     3489.6     451.9      0.655     c3:9.64; c2:1.17
24  T1121TS446_5o      446s    ColabFold            0.408    0.408    2        A2       C2        2        0.11     37       0        58.8     88.90      44.00       0.779      0.171      0.39           1          365        0.00     3.28       10.63      1953.3     3237.6     -1284.3    0.621     c3:9.78; c2:0.08
25  T1121TS091_5o      091     UNRES                0.406    0.406    2        A2       C2        2        1.36     38       0        48.5     78.00      35.20       0.744      0.146      0.32           1          365        0.00     2.51       8.72       3787.0     3427.1     359.9      0.672     c3:10.50; c2:0.77
26  T1121TS493_3o      493     Shen-CAPRI           0.404    0.404    2        A2       C2        2        2.89     38       0        57.4     86.70      42.90       0.776      0.215      0.39           1          365        0.00     4.08       6.41       1808.5     2764.3     -955.8     0.701     c3:10.75; c2:2.03
27  T1121TS091_4o      091     UNRES                0.397    0.397    2        A2       C2        2        4.04     31       0        42.4     68.30      30.80       0.746      0.134      0.30           1          365        0.00     2.62       8.17       4623.7     3970.8     652.9      0.630     c3:9.47; c2:2.05
28  T1121TS091_2o      091     UNRES                0.393    0.393    2        A2       C2        2        2.27     31       0        42.4     68.30      30.80       0.743      0.145      0.30           1          365        0.00     2.51       7.67       4162.6     3677.7     484.8      0.688     c3:9.46; c2:1.18
29  T1121TS461_3o      461     colabfold_human      0.380    0.380    2        A2       C2        2        0.11     46       0        55.2     74.10      44.00       0.778      0.197      0.36           1          365        0.00     3.25       7.71       1420.1     2821.6     -1401.4    0.682     c3:10.14; c2:0.07
30  T1121TS446_3o      446s    ColabFold            0.380    0.380    2        A2       C2        2        0.11     46       0        55.2     74.10      44.00       0.778      0.197      0.36           1          365        0.00     3.25       7.71       1420.1     2821.6     -1401.4    0.682     c3:10.14; c2:0.07
31  T1121TS131_4o      131s    Kiharalab_Server     0.376    0.376    2        A2       C2        2        6.84     41       0        51.0     68.50      40.70       0.731      0.140      0.30           1          253        0.00     10.22      26.86      4000.8     4088.2     -87.4      0.504     c3:16.30; c2:4.37
32  T1121TS398_2o      398     ChaePred             0.375    0.375    2        A2       C2        2        2.46     63       0        44.0     48.10      40.70       0.758      0.147      0.31           1          297        0.00     8.63       17.31      2189.9     3051.1     -861.2     0.548     c3:10.37; c2:1.41
33  T1121TS385_1o      385     FoldEver-Hybrid      0.373    0.373    2        A2       C2        2        0.07     45       1        45.3     67.40      34.10       0.763      0.119      0.30           1          287        0.00     9.01       25.76      2151.3     3054.9     -903.5     0.519     c3:14.26; c2:0.04
34  T1121TS494_5o      494     Venclovas            0.363    0.363    2        A2       C2        2        0.09     47       0        51.7     65.00      42.90       0.767      0.184      0.32           1          365        0.00     5.00       8.74       514.8      2830.3     -2315.5    0.634     c3:9.91; c2:0.06
35  T1121TS188_5o      188s    GuijunLab-DeepDA     0.357    0.361    2        A2       C2        2        0.83     48       0        48.5     54.10      44.00       0.771      0.157      0.30           1          303        0.00     8.23       18.17      1937.9     3044.5     -1106.6    0.556     c3:11.35; c2:0.55
36  T1121TS398_5o      398     ChaePred             0.355    0.364    2        A2       C2        2        1.89     71       0        43.8     44.80      42.90       0.757      0.152      0.28           1          297        0.00     8.63       19.35      1689.2     2799.9     -1110.7    0.538     c3:11.22; c2:1.04
37  T1121TS165_3o      165     FTBiot0119           0.353    0.355    2        A2       C2        2        2.18     77       1        42.0     37.70      47.30       0.755      0.168      0.27           1          296        0.00     8.48       18.14      1839.2     2954.3     -1115.1    0.546     c3:10.81; c2:1.19
38  T1121TS278_4o      278     PEZYFoldings         0.351    0.351    2        A2       C2        2        0.18     61       0        49.4     60.30      41.80       0.776      0.287      0.29           1          365        0.00     3.72       4.84       695.1      2615.2     -1920.1    0.697     c3:10.93; c2:0.12
39  T1121TS165_2o      165     FTBiot0119           0.337    0.340    2        A2       C2        2        1.31     87       1        40.2     38.80      41.80       0.753      0.149      0.27           1          299        0.00     8.62       19.44      1467.6     2797.9     -1330.3    0.534     c3:11.66; c2:0.73
40  T1121TS278_2o      278     PEZYFoldings         0.336    0.337    2        A2       C2        2        0.18     55       0        45.8     50.70      41.80       0.763      0.145      0.28           1          284        0.00     8.85       23.86      1586.6     2810.7     -1224.1    0.517     c3:13.82; c2:0.13
41  T1121TS185_4o      185     BAKER                0.335    0.340    2        A2       C2        2        0.00     53       0        45.8     50.70      41.80       0.753      0.157      0.28           1          318        0.00     7.18       11.06      2440.4     4142.1     -1701.7    0.595     c3:11.88; c2:0.00
42  T1121TS312_3o      312     Fernandez-Recio      0.331    0.339    2        A2       C2        2        1.08     64       0        44.4     42.90      46.20       0.768      0.164      0.28           1          291        0.00     8.60       18.73      1749.5     3114.2     -1364.7    0.544     c3:11.66; c2:0.69
43  T1121TS312_2o      312     Fernandez-Recio      0.330    0.338    2        A2       C2        2        1.06     65       0        44.0     42.00      46.20       0.768      0.164      0.27           1          291        0.00     8.49       18.72      1689.8     3081.7     -1391.8    0.544     c3:11.66; c2:0.68
44  T1121TS187_4o      187     TRFold               0.326    0.337    2        A2       C2        2        4.61     69       0        44.2     46.90      41.80       0.765      0.153      0.26           1          310        0.00     8.02       15.86      1213.5     2244.9     -1031.5    0.565     c3:11.10; c2:3.22
45  T1121TS278_1o      278     PEZYFoldings         0.325    0.325    2        A2       C2        2        0.06     54       0        52.1     69.10      41.80       0.703      0.152      0.31           1          304        0.00     8.67       21.42      -294.0     1926.4     -2220.5    0.548     c3:9.70; c2:0.04
46  T1121TS312_1o      312     Fernandez-Recio      0.323    0.331    2        A2       C2        2        1.16     68       0        42.5     40.20      45.10       0.769      0.161      0.27           1          291        0.00     8.49       18.53      1661.4     3074.9     -1413.5    0.546     c3:11.77; c2:0.78
47  T1121TS037_3o      037     Wallner              0.321    0.328    2        A2       C2        2        4.55     59       0        43.9     46.30      41.80       0.763      0.146      0.26           1          275        0.00     9.40       21.51      2301.6     3008.1     -706.5     0.531     c3:12.85; c2:3.15
48  T1121TS462_4o      462s    MultiFOLD            0.321    0.327    2        A2       C2        2        0.61     54       0        42.5     43.20      41.80       0.775      0.148      0.26           1          291        0.00     8.73       20.17      1666.0     2772.8     -1106.8    0.538     c3:12.32; c2:0.39
49  T1121TS150_4o      150     Grudinin             0.321    0.324    2        A2       C2        2        0.00     63       0        46.0     48.20      44.00       0.772      0.153      0.28           1          287        0.00     8.87       22.53      1698.5     2995.0     -1296.5    0.529     c3:39.81; c2:0.00
50  T1121TS350_5o      350     ClusPro              0.319    0.322    2        A2       C2        2        0.06     61       0        44.9     46.00      44.00       0.768      0.154      0.27           1          288        0.00     8.83       22.38      424.4      2171.9     -1747.4    0.530     c3:13.09; c2:0.04
51  T1121TS205_5o      205     Zou                  0.318    0.323    2        A2       C2        2        1.30     64       0        45.5     47.10      44.00       0.772      0.154      0.28           1          289        0.00     8.66       21.73      1680.8     2967.2     -1286.5    0.532     c3:12.78; c2:0.87
52  T1121TS444_3o      444     CoDock               0.318    0.325    2        A2       C2        2        2.04     77       0        43.4     40.20      47.30       0.770      0.169      0.28           1          297        0.00     8.63       17.88      1497.8     3073.6     -1575.8    0.551     c3:10.88; c2:1.12
53  T1121TS150_3o      150     Grudinin             0.315    0.321    2        A2       C2        2        0.00     67       0        45.5     47.10      44.00       0.774      0.155      0.27           1          292        0.00     8.43       19.94      1569.2     2830.6     -1261.3    0.540     c3:20.78; c2:0.00
54  T1121TS374_1o      374     Zheng                0.315    0.322    2        A2       C2        2        0.12     62       0        43.2     44.70      41.80       0.770      0.146      0.25           1          286        0.00     9.13       23.15      1457.2     2605.3     -1148.1    0.526     c3:13.26; c2:0.07
55  T1121TS248_4o      248     Manifold             0.314    0.322    2        A2       C2        2        1.81     68       0        46.5     49.40      44.00       0.773      0.153      0.28           1          288        0.00     8.96       23.65      1971.3     3019.9     -1048.6    0.524     c3:13.70; c2:1.25
56  T1121TS446_4o      446s    ColabFold            0.314    0.322    2        A2       C2        2        0.18     70       0        44.9     46.00      44.00       0.773      0.156      0.28           1          295        0.00     8.67       19.38      1839.1     3069.1     -1230.0    0.545     c3:12.31; c2:0.13
57  T1121TS035_4o      035s    Manifold-E           0.314    0.322    2        A2       C2        2        1.81     68       0        46.5     49.40      44.00       0.773      0.153      0.28           1          288        0.00     8.96       23.65      1971.3     3019.9     -1048.6    0.524     c3:13.70; c2:1.25
58  T1121TS461_4o      461     colabfold_human      0.314    0.322    2        A2       C2        2        0.18     70       0        44.9     46.00      44.00       0.773      0.156      0.28           1          295        0.00     8.67       19.38      1839.1     3069.1     -1230.0    0.545     c3:12.31; c2:0.13
59  T1121TS374_3o      374     Zheng                0.313    0.320    2        A2       C2        2        0.03     63       0        42.9     44.20      41.80       0.772      0.146      0.25           1          286        0.00     8.94       23.75      1588.9     2679.6     -1090.6    0.522     c3:13.73; c2:0.02
60  T1121TS147_3o      147     SHT                  0.312    0.319    2        A2       C2        2        0.61     73       0        39.8     38.00      41.80       0.713      0.146      0.28           1          287        0.00     8.55       22.14      -3094.8    189.1      -3283.9    0.517     c3:12.61; c2:0.41
61  T1121TS185_1o      185     BAKER                0.312    0.314    2        A2       C2        2        0.00     59       0        44.0     48.10      40.70       0.754      0.143      0.26           1          286        0.00     8.84       21.90      1912.2     3973.9     -2061.8    0.517     c3:30.38; c2:0.00
62  T1121TS180_5o      180     McGuffin             0.311    0.320    2        A2       C2        2        0.19     62       0        41.8     41.80      41.80       0.774      0.148      0.26           1          291        0.00     8.84       20.67      1416.6     2841.0     -1424.4    0.536     c3:12.54; c2:0.13
63  T1121TS374_2o      374     Zheng                0.310    0.318    2        A2       C2        2        0.05     64       0        43.4     45.20      41.80       0.771      0.146      0.25           1          287        0.00     9.08       23.38      1621.3     2695.9     -1074.6    0.524     c3:13.57; c2:0.03
64  T1121TS462_2o      462s    MultiFOLD            0.310    0.318    2        A2       C2        2        0.14     64       0        40.9     40.00      41.80       0.771      0.149      0.25           1          296        0.00     8.60       19.22      1138.1     2492.3     -1354.2    0.544     c3:12.16; c2:0.10
65  T1121TS185_5o      185     BAKER                0.310    0.317    2        A2       C2        2        0.00     65       0        44.2     46.90      41.80       0.764      0.151      0.26           1          297        0.00     8.79       17.93      3273.1     4647.4     -1374.3    0.558     c3:13.39; c2:0.00
66  T1121TS035_1o      035s    Manifold-E           0.309    0.317    2        A2       C2        2        0.13     65       0        45.2     46.50      44.00       0.772      0.154      0.27           1          287        0.00     8.90       22.71      1689.3     2872.2     -1183.0    0.528     c3:13.27; c2:0.09
67  T1121TS312_4o      312     Fernandez-Recio      0.309    0.320    2        A2       C2        2        0.88     70       0        38.8     36.20      41.80       0.766      0.149      0.25           1          292        0.00     8.61       18.71      1525.3     3054.8     -1529.5    0.545     c3:11.71; c2:0.49
68  T1121TS248_1o      248     Manifold             0.309    0.317    2        A2       C2        2        0.13     65       0        45.2     46.50      44.00       0.772      0.154      0.27           1          287        0.00     8.90       22.71      1689.3     2872.2     -1183.0    0.528     c3:13.27; c2:0.09
69  T1121TS462_3o      462s    MultiFOLD            0.309    0.318    2        A2       C2        2        0.09     62       0        40.9     40.00      41.80       0.771      0.148      0.25           1          293        0.00     8.66       20.01      925.5      2397.6     -1472.1    0.539     c3:12.44; c2:0.06
70  T1121TS423_4o      423     trComplex            0.308    0.314    2        A2       C2        2        0.30     78       1        40.7     40.70      40.70       0.770      0.150      0.25           1          295        0.00     8.35       14.75      1261.4     2599.2     -1337.8    0.576     c3:11.10; c2:0.20
71  T1121TS423_2o      423     trComplex            0.308    0.318    2        A2       C2        2        0.78     70       0        42.7     43.70      41.80       0.770      0.151      0.25           1          304        0.00     8.10       16.78      1172.3     2300.0     -1127.7    0.562     c3:11.43; c2:0.53
72  T1121TS350_1o      350     ClusPro              0.308    0.313    2        A2       C2        2        0.13     66       0        45.5     47.10      44.00       0.767      0.154      0.27           1          289        0.00     8.57       21.48      287.3      2168.5     -1881.2    0.532     c3:13.05; c2:0.09
73  T1121TS187_5o      187     TRFold               0.308    0.314    2        A2       C2        2        0.30     78       1        40.7     40.70      40.70       0.770      0.150      0.25           1          295        0.00     8.35       14.75      1261.4     2599.2     -1337.8    0.576     c3:11.10; c2:0.20
74  T1121TS288_2o      288s    DFolding-server      0.308    0.319    2        A2       C2        2        0.53     76       0        40.0     38.40      41.80       0.769      0.153      0.24           1          299        0.00     8.33       15.65      1075.5     2554.1     -1478.7    0.571     c3:11.41; c2:0.37
75  T1121TS180_4o      180     McGuffin             0.308    0.317    2        A2       C2        2        0.10     64       0        41.1     41.60      40.70       0.773      0.144      0.26           1          293        0.00     8.69       19.93      1089.9     2557.6     -1467.7    0.540     c3:12.30; c2:0.07
76  T1121TS187_2o      187     TRFold               0.308    0.318    2        A2       C2        2        0.78     70       0        42.7     43.70      41.80       0.770      0.151      0.25           1          304        0.00     8.10       16.78      1172.3     2300.0     -1127.7    0.562     c3:11.43; c2:0.53
77  T1121TS091_1o      091     UNRES                0.307    0.313    2        A2       C2        2        4.19     76       0        31.5     35.10      28.60       0.742      0.120      0.26           1          365        0.00     2.67       9.24       2613.9     2964.4     -350.5     0.638     c3:8.09; c2:2.52
78  T1121TS462_5o      462s    MultiFOLD            0.307    0.316    2        A2       C2        2        1.05     67       0        41.1     40.40      41.80       0.772      0.150      0.25           1          298        0.00     8.67       18.59      892.8      2368.4     -1475.6    0.551     c3:11.80; c2:0.74
79  T1121TS239_4o      239s    Yang-Multimer        0.307    0.316    2        A2       C2        2        0.06     65       0        46.0     48.20      44.00       0.747      0.154      0.27           1          287        0.00     8.92       22.63      1267.5     -203.3     1470.8     0.529     c3:13.26; c2:0.04
80  T1121TS439_1o      439     Yang                 0.307    0.316    2        A2       C2        2        0.06     65       0        46.0     48.20      44.00       0.747      0.154      0.27           1          287        0.00     8.92       22.63      1267.5     -203.3     1470.8     0.529     c3:13.26; c2:0.04
81  T1121TS312_5o      312     Fernandez-Recio      0.306    0.316    2        A2       C2        2        0.00     67       0        39.0     36.50      41.80       0.766      0.150      0.26           1          294        0.00     8.63       18.07      1336.3     2748.2     -1411.9    0.548     c3:15.94; c2:0.00
82  T1121TS439_3o      439     Yang                 0.306    0.315    2        A2       C2        2        0.11     65       0        44.9     46.00      44.00       0.745      0.154      0.27           1          289        0.00     8.81       21.45      1109.3     -98.8      1208.0     0.535     c3:12.88; c2:0.07
83  T1121TS493_4o      493     Shen-CAPRI           0.306    0.324    2        A2       C2        2        4.96     63       0        41.8     41.80      41.80       0.768      0.143      0.26           1          293        0.00     8.22       16.98      1515.5     2768.4     -1252.9    0.547     c3:10.95; c2:3.42
84  T1121TS494_2o      494     Venclovas            0.305    0.449    2        A2       C2        2        0.03     65       0        44.0     44.00      44.00       0.495      0.227      0.26           1          235        0.00     9.24       16.28      -13228.5   -4688.9    -8539.6    0.507     c3:13.09; c2:0.02
85  T1121TS119_1o      119     Kiharalab            0.304    0.312    2        A2       C2        2        0.03     69       0        42.2     42.70      41.80       0.771      0.146      0.23           1          287        0.00     9.17       23.23      1854.4     3137.0     -1282.6    0.525     c3:13.25; c2:0.02
86  T1121TS462_1o      462s    MultiFOLD            0.304    0.313    2        A2       C2        2        0.09     62       0        40.9     40.00      41.80       0.771      0.149      0.25           1          296        0.00     8.68       19.27      860.2      2420.2     -1560.0    0.544     c3:12.26; c2:0.07
87  T1121TS169_2o      169     GuijunLab-Human      0.304    0.316    2        A2       C2        2        0.12     70       0        41.5     39.20      44.00       0.770      0.160      0.25           1          305        0.00     8.39       16.34      1154.1     2613.6     -1459.5    0.569     c3:11.43; c2:0.08
88  T1121TS131_1o      131s    Kiharalab_Server     0.304    0.312    2        A2       C2        2        0.03     69       0        42.2     42.70      41.80       0.771      0.146      0.23           1          287        0.00     9.17       23.23      1844.7     3125.0     -1280.2    0.525     c3:13.25; c2:0.02
89  T1121TS439_2o      439     Yang                 0.303    0.313    2        A2       C2        2        0.10     65       0        45.5     47.10      44.00       0.746      0.154      0.27           1          289        0.00     8.96       21.49      1165.1     -202.9     1368.0     0.535     c3:12.79; c2:0.07
90  T1121TS037_1o      037     Wallner              0.303    0.313    2        A2       C2        2        0.29     66       0        44.2     44.40      44.00       0.771      0.154      0.26           1          289        0.00     8.85       22.05      1559.2     2892.1     -1332.9    0.531     c3:13.00; c2:0.20
91  T1121TS180_3o      180     McGuffin             0.303    0.312    2        A2       C2        2        0.05     61       0        41.1     41.60      40.70       0.773      0.144      0.26           1          291        0.00     8.91       20.81      1004.6     2449.5     -1444.8    0.535     c3:12.60; c2:0.04
92  T1121TS169_4o      169     GuijunLab-Human      0.302    0.312    2        A2       C2        2        0.12     67       0        43.7     43.50      44.00       0.772      0.155      0.26           1          289        0.00     8.78       21.05      1565.2     2902.7     -1337.5    0.537     c3:12.63; c2:0.08
93  T1121TS098_3o      098s    GuijunLab-Assembly   0.302    0.312    2        A2       C2        2        0.12     67       0        43.7     43.50      44.00       0.772      0.155      0.26           1          289        0.00     8.78       21.05      1565.2     2902.7     -1337.5    0.537     c3:12.63; c2:0.08
94  T1121TS169_1o      169     GuijunLab-Human      0.302    0.312    2        A2       C2        2        0.12     67       0        43.7     43.50      44.00       0.772      0.155      0.26           1          289        0.00     8.78       21.05      1565.2     2902.7     -1337.5    0.537     c3:12.63; c2:0.08
95  T1121TS350_2o      350     ClusPro              0.302    0.310    2        A2       C2        2        0.22     68       0        46.0     48.20      44.00       0.770      0.154      0.28           1          289        0.00     8.66       21.55      539.1      2214.2     -1675.1    0.533     c3:12.94; c2:0.15
96  T1121TS180_2o      180     McGuffin             0.301    0.311    2        A2       C2        2        0.13     60       0        40.7     40.70      40.70       0.774      0.144      0.26           1          292        0.00     8.83       20.06      1132.1     2587.6     -1455.5    0.540     c3:12.35; c2:0.09
97  T1121TS350_4o      350     ClusPro              0.301    0.311    2        A2       C2        2        0.18     68       0        44.9     46.00      44.00       0.769      0.156      0.27           1          292        0.00     8.76       20.21      601.0      2407.6     -1806.6    0.543     c3:12.37; c2:0.12
98  T1121TS348_2o      348     Takeda-Shitaka_Lab   0.300    0.313    2        A2       C2        2        0.26     74       0        40.4     37.40      44.00       0.770      0.162      0.25           1          305        0.00     8.41       14.93      925.1      2328.0     -1402.9    0.578     c3:11.39; c2:0.18
99  T1121TS150_2o      150     Grudinin             0.300    0.312    2        A2       C2        2        0.00     74       0        40.8     38.10      44.00       0.771      0.159      0.25           1          301        0.00     8.50       16.82      1229.5     2677.9     -1448.4    0.566     c3:43.83; c2:0.00
100 T1121TS288_3o      288s    DFolding-server      0.299    0.308    2        A2       C2        2        0.49     71       0        42.5     43.20      41.80       0.771      0.148      0.25           1          292        0.00     8.48       19.47      1304.3     2706.0     -1401.7    0.543     c3:12.23; c2:0.35
101 T1121TS169_5o      169     GuijunLab-Human      0.299    0.311    2        A2       C2        2        0.86     73       0        40.6     37.70      44.00       0.774      0.160      0.25           1          307        0.00     8.39       16.37      1373.6     2644.7     -1271.1    0.570     c3:11.52; c2:0.60
102 T1121TS423_5o      423     trComplex            0.299    0.311    2        A2       C2        2        0.88     75       0        42.6     41.20      44.00       0.772      0.155      0.26           1          290        0.00     8.77       19.72      1454.4     2715.5     -1261.2    0.542     c3:12.38; c2:0.62
103 T1121TS360_2o      360     MUFold_H             0.299    0.311    2        A2       C2        2        0.22     73       0        41.5     39.20      44.00       0.769      0.159      0.25           1          300        0.00     8.60       17.19      1017.2     2596.5     -1579.3    0.561     c3:11.74; c2:0.16
104 T1121TS360_5o      360     MUFold_H             0.299    0.311    2        A2       C2        2        0.13     74       0        40.6     37.70      44.00       0.771      0.159      0.25           1          301        0.00     8.50       16.80      1189.1     2646.3     -1457.1    0.566     c3:11.56; c2:0.09
105 T1121TS399_3o      399     BeijingAIProtein     0.299    0.310    2        A2       C2        2        0.39     72       0        42.6     41.20      44.00       0.770      0.160      0.26           1          306        0.00     8.23       15.98      1106.2     2532.1     -1425.8    0.567     c3:11.48; c2:0.28
106 T1121TS125_3o      125s    UltraFold_Server     0.299    0.310    2        A2       C2        2        0.39     72       0        42.6     41.20      44.00       0.770      0.160      0.26           1          306        0.00     8.23       15.98      1106.2     2532.1     -1425.8    0.567     c3:11.48; c2:0.28
107 T1121TS054_3o      054     UltraFold            0.299    0.310    2        A2       C2        2        0.39     72       0        42.6     41.20      44.00       0.770      0.160      0.26           1          306        0.00     8.23       15.98      1106.2     2532.1     -1425.8    0.567     c3:11.48; c2:0.28
108 T1121TS348_3o      348     Takeda-Shitaka_Lab   0.299    0.314    2        A2       C2        2        0.33     72       0        40.6     37.70      44.00       0.771      0.163      0.25           1          309        0.00     8.42       14.79      1032.8     2392.7     -1359.9    0.581     c3:11.35; c2:0.22
109 T1121TS180_1o      180     McGuffin             0.298    0.308    2        A2       C2        2        0.07     62       0        41.8     41.80      41.80       0.773      0.149      0.26           1          293        0.00     8.76       19.73      1082.6     2596.3     -1513.7    0.543     c3:12.31; c2:0.04
110 T1121TS360_1o      360     MUFold_H             0.297    0.310    2        A2       C2        2        0.26     76       0        42.1     40.40      44.00       0.771      0.158      0.26           1          298        0.00     8.61       17.59      1061.3     2519.0     -1457.7    0.559     c3:11.78; c2:0.18
111 T1121TS248_5o      248     Manifold             0.297    0.309    2        A2       C2        2        0.13     70       0        42.6     41.20      44.00       0.777      0.158      0.26           1          308        0.00     8.28       17.47      1381.5     2606.2     -1224.7    0.553     c3:12.06; c2:0.09
112 T1121TS035_5o      035s    Manifold-E           0.297    0.309    2        A2       C2        2        0.13     70       0        42.6     41.20      44.00       0.777      0.158      0.26           1          308        0.00     8.28       17.47      1381.5     2606.2     -1224.7    0.553     c3:12.06; c2:0.09
113 T1121TS350_3o      350     ClusPro              0.297    0.307    2        A2       C2        2        0.11     69       0        43.0     42.10      44.00       0.766      0.155      0.26           1          291        0.00     8.73       20.56      128.9      2098.6     -1969.8    0.540     c3:12.45; c2:0.08
114 T1121TS374_4o      374     Zheng                0.297    0.311    2        A2       C2        2        1.18     76       0        41.7     39.60      44.00       0.774      0.157      0.26           1          297        0.00     8.74       18.46      1599.5     2796.5     -1197.0    0.554     c3:12.05; c2:0.84
115 T1121TS360_3o      360     MUFold_H             0.296    0.308    2        A2       C2        2        0.21     76       0        41.2     38.80      44.00       0.770      0.159      0.26           1          301        0.00     8.43       16.69      995.2      2487.4     -1492.2    0.563     c3:11.67; c2:0.15
116 T1121TS320_5o      320     Elofsson             0.296    0.308    2        A2       C2        2        0.56     73       0        41.9     41.10      42.90       0.775      0.153      0.25           1          296        0.00     8.48       18.49      1757.8     3005.4     -1247.7    0.549     c3:11.98; c2:0.38
117 T1121TS390_5o      390s    NBIS-AF2-multimer    0.296    0.308    2        A2       C2        2        0.56     73       0        41.9     41.10      42.90       0.775      0.153      0.25           1          296        0.00     8.48       18.49      1757.8     3005.4     -1247.7    0.549     c3:11.98; c2:0.38
118 T1121TS086_4o      086s    MULTICOM_qa          0.295    0.306    2        A2       C2        2        0.05     75       0        40.6     37.70      44.00       0.774      0.156      0.25           1          293        0.00     8.77       19.50      1451.8     2824.4     -1372.6    0.546     c3:12.28; c2:0.04
119 T1121TS348_4o      348     Takeda-Shitaka_Lab   0.295    0.307    2        A2       C2        2        0.16     79       0        39.8     36.40      44.00       0.768      0.160      0.25           1          301        0.00     8.45       16.19      991.7      2453.4     -1461.7    0.570     c3:11.50; c2:0.11
120 T1121TS147_5o      147     SHT                  0.295    0.306    2        A2       C2        2        0.97     91       0        37.6     32.80      44.00       0.713      0.156      0.26           1          296        0.00     8.41       17.06      -3322.5    -34.9      -3287.6    0.555     c3:11.19; c2:0.69
121 T1121TS446_1o      446s    ColabFold            0.295    0.307    2        A2       C2        2        0.16     73       0        40.2     37.00      44.00       0.771      0.157      0.25           1          298        0.00     8.80       18.48      1123.0     2534.6     -1411.6    0.550     c3:12.15; c2:0.11
122 T1121TS205_1o      205     Zou                  0.295    0.307    2        A2       C2        2        0.31     72       0        40.6     37.70      44.00       0.771      0.162      0.25           1          300        0.00     8.43       14.86      1072.1     2506.2     -1434.1    0.579     c3:11.34; c2:0.21
123 T1121TS158_3o      158s    MULTICOM_deep        0.295    0.306    2        A2       C2        2        0.05     75       0        40.6     37.70      44.00       0.774      0.156      0.25           1          293        0.00     8.77       19.50      1451.8     2824.4     -1372.6    0.546     c3:12.28; c2:0.04
124 T1121TS461_1o      461     colabfold_human      0.295    0.307    2        A2       C2        2        0.16     73       0        40.2     37.00      44.00       0.771      0.157      0.25           1          298        0.00     8.80       18.48      1123.0     2534.6     -1411.6    0.550     c3:12.15; c2:0.11
125 T1121TS367_4o      367     MULTICOM             0.294    0.306    2        A2       C2        2        0.11     74       0        41.5     39.20      44.00       0.772      0.156      0.25           1          293        0.00     8.71       19.51      1348.8     2750.9     -1402.1    0.546     c3:12.27; c2:0.08
126 T1121TS086_3o      086s    MULTICOM_qa          0.294    0.306    2        A2       C2        2        0.06     75       0        40.8     38.10      44.00       0.773      0.156      0.26           1          293        0.00     8.83       19.68      1424.8     2747.8     -1322.9    0.545     c3:12.34; c2:0.04
127 T1121TS158_4o      158s    MULTICOM_deep        0.294    0.306    2        A2       C2        2        0.06     75       0        40.8     38.10      44.00       0.773      0.156      0.26           1          293        0.00     8.83       19.68      1424.8     2747.8     -1322.9    0.545     c3:12.34; c2:0.04
128 T1121TS035_2o      035s    Manifold-E           0.294    0.306    2        A2       C2        2        0.05     75       0        40.8     38.10      44.00       0.773      0.156      0.26           1          292        0.00     8.80       19.86      1409.9     2771.6     -1361.7    0.544     c3:12.38; c2:0.03
129 T1121TS158_2o      158s    MULTICOM_deep        0.294    0.306    2        A2       C2        2        0.09     73       0        40.8     38.10      44.00       0.773      0.156      0.26           1          293        0.00     8.81       19.54      1362.0     2692.1     -1330.2    0.546     c3:12.29; c2:0.07
130 T1121TS494_1o      494     Venclovas            0.294    0.306    2        A2       C2        2        0.14     74       0        41.2     38.80      44.00       0.773      0.156      0.25           1          293        0.00     8.77       19.72      1241.1     2633.6     -1392.5    0.545     c3:12.32; c2:0.10
131 T1121TS298_1o      298s    MUFold               0.294    0.306    2        A2       C2        2        0.09     70       0        40.6     37.70      44.00       0.772      0.156      0.26           1          292        0.00     8.84       20.16      1513.9     2858.2     -1344.3    0.543     c3:12.46; c2:0.06
132 T1121TS098_2o      098s    GuijunLab-Assembly   0.294    0.305    2        A2       C2        2        0.11     76       0        40.6     37.70      44.00       0.773      0.156      0.26           1          293        0.00     8.74       19.65      1242.5     2613.7     -1371.2    0.545     c3:12.27; c2:0.08
133 T1121TS003_4o      003     MULTICOM_human       0.294    0.306    2        A2       C2        2        0.08     75       0        40.8     38.10      44.00       0.773      0.156      0.26           1          293        0.00     8.83       19.68      1426.7     2720.1     -1293.4    0.545     c3:12.34; c2:0.05
134 T1121TS086_2o      086s    MULTICOM_qa          0.294    0.306    2        A2       C2        2        0.09     73       0        40.8     38.10      44.00       0.773      0.156      0.26           1          293        0.00     8.81       19.54      1362.0     2692.1     -1330.2    0.546     c3:12.29; c2:0.07
135 T1121TS248_2o      248     Manifold             0.294    0.306    2        A2       C2        2        0.05     75       0        40.8     38.10      44.00       0.773      0.156      0.26           1          292        0.00     8.80       19.86      1409.9     2771.6     -1361.7    0.544     c3:12.38; c2:0.03
136 T1121TS367_1o      367     MULTICOM             0.294    0.305    2        A2       C2        2        0.12     71       0        41.5     39.20      44.00       0.774      0.156      0.25           1          294        0.00     8.55       19.12      1542.3     2820.7     -1278.3    0.547     c3:12.18; c2:0.08
137 T1121TS158_1o      158s    MULTICOM_deep        0.294    0.306    2        A2       C2        2        0.05     75       0        40.4     37.40      44.00       0.773      0.156      0.25           1          293        0.00     8.83       19.72      1389.8     2686.8     -1297.0    0.545     c3:12.34; c2:0.04
138 T1121TS086_1o      086s    MULTICOM_qa          0.294    0.306    2        A2       C2        2        0.05     75       0        40.4     37.40      44.00       0.773      0.156      0.25           1          293        0.00     8.83       19.72      1389.8     2686.8     -1297.0    0.545     c3:12.34; c2:0.04
139 T1121TS119_2o      119     Kiharalab            0.293    0.304    2        A2       C2        2        0.11     74       0        42.3     40.80      44.00       0.772      0.156      0.26           1          294        0.00     8.59       19.28      1250.4     2728.0     -1477.7    0.546     c3:12.20; c2:0.07
140 T1121TS187_3o      187     TRFold               0.293    0.305    2        A2       C2        2        0.23     73       0        41.0     38.50      44.00       0.773      0.156      0.26           1          294        0.00     8.75       19.28      1361.9     2734.4     -1372.6    0.547     c3:12.24; c2:0.16
141 T1121TS320_3o      320     Elofsson             0.293    0.304    2        A2       C2        2        0.11     74       0        42.3     40.80      44.00       0.772      0.156      0.26           1          294        0.00     8.59       19.28      1240.0     2719.7     -1479.7    0.546     c3:12.20; c2:0.07
142 T1121TS003_3o      003     MULTICOM_human       0.293    0.305    2        A2       C2        2        0.12     71       0        40.8     38.10      44.00       0.773      0.156      0.26           1          292        0.00     8.79       19.92      1361.9     2706.4     -1344.5    0.543     c3:12.42; c2:0.08
143 T1121TS288_1o      288s    DFolding-server      0.293    0.304    2        A2       C2        2        0.31     77       0        39.6     37.60      41.80       0.770      0.152      0.24           1          308        0.00     8.03       16.01      801.3      2045.7     -1244.4    0.564     c3:11.46; c2:0.22
144 T1121TS298_2o      298s    MUFold               0.293    0.304    2        A2       C2        2        0.07     73       0        40.2     37.00      44.00       0.773      0.156      0.25           1          293        0.00     8.82       19.96      1438.5     2764.2     -1325.7    0.544     c3:12.43; c2:0.05
145 T1121TS390_3o      390s    NBIS-AF2-multimer    0.293    0.304    2        A2       C2        2        0.11     74       0        42.3     40.80      44.00       0.772      0.156      0.26           1          294        0.00     8.59       19.28      1240.0     2719.7     -1479.7    0.546     c3:12.20; c2:0.07
146 T1121TS037_5o      037     Wallner              0.293    0.303    2        A2       C2        2        4.35     73       0        39.4     37.30      41.80       0.766      0.150      0.24           1          299        0.00     8.59       18.82      1049.8     2466.4     -1416.7    0.543     c3:12.25; c2:3.00
147 T1121TS298_4o      298s    MUFold               0.293    0.305    2        A2       C2        2        0.20     75       0        40.4     37.40      44.00       0.765      0.156      0.25           1          292        0.00     8.76       19.52      786.7      2468.1     -1681.3    0.546     c3:12.22; c2:0.14
148 T1121TS423_3o      423     trComplex            0.293    0.305    2        A2       C2        2        0.23     73       0        41.0     38.50      44.00       0.773      0.156      0.26           1          294        0.00     8.75       19.28      1361.9     2734.4     -1372.6    0.547     c3:12.24; c2:0.16
149 T1121TS185_2o      185     BAKER                0.293    0.310    2        A2       C2        2        0.00     71       0        44.3     45.90      42.90       0.740      0.158      0.27           1          318        0.00     7.64       13.96      1624.5     3584.4     -1960.0    0.560     c3:15.48; c2:0.00
150 T1121TS205_4o      205     Zou                  0.292    0.302    2        A2       C1        2        0.00     74       0        38.9     38.30      39.60       0.724      0.141      0.26           1          318        0.00     8.78       21.11      986.1      2004.6     -1018.5    0.524     c3:13.86; c2:5.09
151 T1121TS054_1o      054     UltraFold            0.292    0.305    2        A2       C2        2        1.15     76       0        39.8     36.40      44.00       0.775      0.158      0.25           1          299        0.00     8.74       18.37      1482.8     2867.7     -1384.9    0.554     c3:11.78; c2:0.80
152 T1121TS348_1o      348     Takeda-Shitaka_Lab   0.292    0.304    2        A2       C2        2        0.15     76       0        40.4     37.40      44.00       0.772      0.157      0.25           1          296        0.00     8.73       18.73      1238.9     2643.3     -1404.4    0.551     c3:12.10; c2:0.11
153 T1121TS367_5o      367     MULTICOM             0.292    0.303    2        A2       C2        2        0.13     76       0        40.6     37.70      44.00       0.773      0.156      0.26           1          293        0.00     8.62       19.11      1388.3     2725.8     -1337.5    0.549     c3:12.17; c2:0.09
154 T1121TS125_1o      125s    UltraFold_Server     0.292    0.305    2        A2       C2        2        1.15     76       0        39.8     36.40      44.00       0.775      0.158      0.25           1          299        0.00     8.74       18.37      1482.8     2867.7     -1384.9    0.554     c3:11.78; c2:0.80
155 T1121TS003_5o      003     MULTICOM_human       0.292    0.304    2        A2       C2        2        0.04     75       0        40.4     37.40      44.00       0.772      0.156      0.25           1          295        0.00     8.76       19.29      1289.9     2771.8     -1481.9    0.547     c3:12.24; c2:0.03
156 T1121TS278_5o      278     PEZYFoldings         0.292    0.302    2        A2       C2        2        0.18     73       0        41.3     40.90      41.80       0.770      0.147      0.24           1          292        0.00     8.49       20.68      1888.0     3201.8     -1313.8    0.531     c3:13.03; c2:0.13
157 T1121TS298_5o      298s    MUFold               0.292    0.303    2        A2       C2        2        0.12     74       0        41.9     40.00      44.00       0.773      0.156      0.25           1          294        0.00     8.55       19.59      1424.5     2748.3     -1323.8    0.543     c3:12.39; c2:0.08
158 T1121TS399_1o      399     BeijingAIProtein     0.292    0.305    2        A2       C2        2        1.15     76       0        39.8     36.40      44.00       0.775      0.158      0.25           1          299        0.00     8.74       18.37      1482.8     2867.7     -1384.9    0.554     c3:11.78; c2:0.80
159 T1121TS119_3o      119     Kiharalab            0.291    0.303    2        A2       C2        2        0.22     75       0        41.5     39.20      44.00       0.771      0.157      0.26           1          297        0.00     8.63       18.38      1099.0     2536.2     -1437.2    0.553     c3:12.00; c2:0.15
160 T1121TS158_5o      158s    MULTICOM_deep        0.291    0.302    2        A2       C2        2        0.08     77       0        40.0     36.70      44.00       0.773      0.156      0.26           1          294        0.00     8.72       19.21      1305.9     2646.3     -1340.5    0.548     c3:12.18; c2:0.06
161 T1121TS086_5o      086s    MULTICOM_qa          0.291    0.302    2        A2       C2        2        0.08     77       0        40.0     36.70      44.00       0.773      0.156      0.26           1          294        0.00     8.72       19.21      1305.9     2646.3     -1340.5    0.548     c3:12.18; c2:0.06
162 T1121TS360_4o      360     MUFold_H             0.291    0.303    2        A2       C2        2        0.22     75       0        41.5     39.20      44.00       0.771      0.157      0.26           1          297        0.00     8.63       18.38      1110.6     2526.0     -1415.4    0.553     c3:12.00; c2:0.15
163 T1121TS098_1o      098s    GuijunLab-Assembly   0.291    0.303    2        A2       C2        2        0.16     78       0        40.8     38.10      44.00       0.773      0.156      0.25           1          294        0.00     8.70       19.14      1222.8     2641.6     -1418.8    0.547     c3:12.20; c2:0.11
164 T1121TS003_2o      003     MULTICOM_human       0.291    0.303    2        A2       C2        2        0.17     77       0        40.2     37.00      44.00       0.766      0.156      0.26           1          293        0.00     8.75       19.22      990.1      2554.8     -1564.8    0.548     c3:12.18; c2:0.11
165 T1121TS390_4o      390s    NBIS-AF2-multimer    0.291    0.303    2        A2       C2        2        0.16     77       0        41.2     38.80      44.00       0.772      0.157      0.25           1          299        0.00     8.62       18.20      1229.0     2680.7     -1451.7    0.553     c3:12.01; c2:0.11
166 T1121TS298_3o      298s    MUFold               0.291    0.303    2        A2       C2        2        0.15     73       0        40.8     38.10      44.00       0.771      0.156      0.26           1          294        0.00     8.77       19.43      1242.0     2625.1     -1383.1    0.547     c3:12.24; c2:0.11
167 T1121TS188_4o      188s    GuijunLab-DeepDA     0.291    0.303    2        A2       C2        2        0.16     78       0        40.8     38.10      44.00       0.773      0.156      0.25           1          294        0.00     8.70       19.14      1222.8     2641.6     -1418.8    0.547     c3:12.20; c2:0.11
168 T1121TS320_1o      320     Elofsson             0.291    0.303    2        A2       C2        2        0.22     75       0        41.5     39.20      44.00       0.771      0.157      0.26           1          297        0.00     8.63       18.38      1110.6     2526.0     -1415.4    0.553     c3:12.00; c2:0.15
169 T1121TS390_1o      390s    NBIS-AF2-multimer    0.291    0.303    2        A2       C2        2        0.22     75       0        41.5     39.20      44.00       0.771      0.157      0.26           1          297        0.00     8.63       18.38      1110.6     2526.0     -1415.4    0.553     c3:12.00; c2:0.15
170 T1121TS314_2o      314     Pierce               0.291    0.303    2        A2       C2        2        0.22     75       0        41.5     39.20      44.00       0.771      0.157      0.26           1          297        0.00     8.63       18.38      1110.6     2526.0     -1415.4    0.553     c3:12.00; c2:0.15
171 T1121TS367_3o      367     MULTICOM             0.291    0.302    2        A2       C2        2        0.23     73       0        40.6     37.70      44.00       0.774      0.156      0.25           1          293        0.00     8.62       19.24      1353.8     2723.4     -1369.7    0.547     c3:12.22; c2:0.16
172 T1121TS320_4o      320     Elofsson             0.291    0.303    2        A2       C2        2        0.16     77       0        41.2     38.80      44.00       0.772      0.157      0.25           1          299        0.00     8.62       18.20      1229.0     2680.7     -1451.7    0.553     c3:12.01; c2:0.11
173 T1121TS150_1o      150     Grudinin             0.290    0.303    2        A2       C2        2        0.00     77       0        41.2     38.80      44.00       0.771      0.157      0.26           1          297        0.00     8.63       18.37      1118.0     2535.7     -1417.7    0.552     c3:16.01; c2:0.00
174 T1121TS390_2o      390s    NBIS-AF2-multimer    0.290    0.303    2        A2       C2        2        0.15     73       0        40.6     37.70      44.00       0.775      0.157      0.25           1          297        0.00     8.65       18.86      1354.7     2782.9     -1428.2    0.549     c3:12.15; c2:0.10
175 T1121TS367_2o      367     MULTICOM             0.290    0.301    2        A2       C2        2        0.26     76       0        41.3     40.90      41.80       0.770      0.149      0.24           1          295        0.00     8.40       18.93      1262.7     2469.1     -1206.4    0.544     c3:12.19; c2:0.18
176 T1121TS188_1o      188s    GuijunLab-DeepDA     0.290    0.305    2        A2       C2        2        0.21     67       0        42.3     44.00      40.70       0.767      0.142      0.26           1          300        0.00     8.51       16.17      1774.1     3374.7     -1600.7    0.569     c3:11.50; c2:0.14
177 T1121TS439_5o      439     Yang                 0.290    0.307    2        A2       C2        2        0.11     69       0        42.3     40.80      44.00       0.744      0.163      0.25           1          313        0.00     8.33       14.83      592.0      -206.2     798.2      0.579     c3:11.53; c2:0.08
178 T1121TS320_2o      320     Elofsson             0.290    0.303    2        A2       C2        2        0.15     73       0        40.6     37.70      44.00       0.775      0.157      0.25           1          297        0.00     8.65       18.86      1354.7     2782.9     -1428.2    0.549     c3:12.15; c2:0.10
179 T1121TS150_5o      150     Grudinin             0.290    0.305    2        A2       C2        2        0.00     75       0        40.2     37.00      44.00       0.770      0.163      0.25           1          309        0.00     8.42       14.83      1027.0     2417.8     -1390.8    0.581     c3:41.65; c2:0.00
180 T1121TS205_3o      205     Zou                  0.290    0.302    2        A2       C2        2        0.06     72       0        39.6     37.60      41.80       0.772      0.149      0.24           1          293        0.00     8.80       19.60      1273.5     2404.5     -1131.0    0.546     c3:12.31; c2:0.04
181 T1121TS054_2o      054     UltraFold            0.289    0.302    2        A2       C2        2        0.20     77       0        39.2     36.10      42.90       0.772      0.154      0.24           1          298        0.00     8.61       18.16      1333.3     2833.7     -1500.4    0.554     c3:11.95; c2:0.14
182 T1121TS003_1o      003     MULTICOM_human       0.289    0.302    2        A2       C2        2        0.08     69       0        38.8     36.20      41.80       0.773      0.149      0.24           1          293        0.00     8.80       19.79      1444.5     2936.4     -1491.9    0.545     c3:12.40; c2:0.05
183 T1121TS125_2o      125s    UltraFold_Server     0.289    0.302    2        A2       C2        2        0.20     77       0        39.2     36.10      42.90       0.772      0.154      0.24           1          298        0.00     8.61       18.16      1333.3     2833.7     -1500.4    0.554     c3:11.95; c2:0.14
184 T1121TS399_2o      399     BeijingAIProtein     0.289    0.302    2        A2       C2        2        0.20     77       0        39.2     36.10      42.90       0.772      0.154      0.24           1          298        0.00     8.61       18.16      1333.3     2833.7     -1500.4    0.554     c3:11.95; c2:0.14
185 T1121TS125_4o      125s    UltraFold_Server     0.288    0.303    2        A2       C2        2        0.61     76       0        40.2     37.00      44.00       0.774      0.160      0.26           1          311        0.00     8.44       16.18      1247.3     2746.2     -1498.9    0.568     c3:11.67; c2:0.43
186 T1121TS054_4o      054     UltraFold            0.288    0.303    2        A2       C2        2        0.61     76       0        40.2     37.00      44.00       0.774      0.160      0.26           1          311        0.00     8.44       16.18      1247.3     2746.2     -1498.9    0.568     c3:11.67; c2:0.43
187 T1121TS071_4o      071s    RaptorX-Multimer     0.288    0.304    2        A2       C2        2        0.11     78       2        40.0     36.70      44.00       0.765      0.160      0.25           1          310        0.00     8.58       16.53      1308.7     2947.2     -1638.5    0.563     c3:11.80; c2:0.08
188 T1121TS399_4o      399     BeijingAIProtein     0.288    0.303    2        A2       C2        2        0.61     76       0        40.2     37.00      44.00       0.774      0.160      0.26           1          311        0.00     8.44       16.18      1247.3     2746.2     -1498.9    0.568     c3:11.67; c2:0.43
189 T1121TS239_1o      239s    Yang-Multimer        0.287    0.299    2        A2       C2        2        0.05     69       0        41.1     40.40      41.80       0.741      0.148      0.24           1          293        0.00     8.94       20.46      860.0      -165.9     1025.9     0.539     c3:12.59; c2:0.03
190 T1121TS374_5o      374     Zheng                0.286    0.296    2        A2       C2        2        0.06     77       0        40.4     39.20      41.80       0.771      0.148      0.24           1          293        0.00     8.25       19.63      911.7      2404.0     -1492.3    0.535     c3:12.80; c2:0.04
191 T1121TS493_1o      493     Shen-CAPRI           0.286    0.300    2        A2       C2        2        3.35     78       0        42.5     40.20      45.10       0.769      0.161      0.25           1          287        0.00     9.20       19.03      911.6      2350.6     -1439.0    0.554     c3:12.61; c2:2.37
192 T1121TS444_5o      444     CoDock               0.286    0.308    2        A2       C2        2        0.99     76       0        37.0     36.60      37.40       0.757      0.178      0.33           1          365        0.00     3.53       7.03       -1056.6    1724.9     -2781.5    0.565     c3:13.19; c2:0.50
193 T1121TS037_2o      037     Wallner              0.285    0.298    2        A2       C2        2        0.37     72       0        38.8     35.50      42.90       0.771      0.153      0.23           1          296        0.00     8.66       18.72      1018.5     2594.4     -1575.9    0.550     c3:12.08; c2:0.26
194 T1121TS165_1o      165     FTBiot0119           0.285    0.297    2        A2       C2        2        1.07     87       0        37.6     32.80      44.00       0.771      0.157      0.24           1          297        0.00     8.65       18.43      1122.3     2666.5     -1544.2    0.550     c3:11.65; c2:0.61
195 T1121TS131_5o      131s    Kiharalab_Server     0.285    0.298    2        A2       C2        2        0.11     77       0        38.0     34.90      41.80       0.771      0.152      0.24           1          298        0.00     8.31       16.48      804.9      2334.5     -1529.6    0.562     c3:11.56; c2:0.08
196 T1121TS071_3o      071s    RaptorX-Multimer     0.285    0.300    2        A2       C2        2        0.26     79       0        39.8     36.40      44.00       0.764      0.159      0.25           1          308        0.00     8.59       16.96      1122.2     2857.6     -1735.4    0.562     c3:11.78; c2:0.18
197 T1121TS248_3o      248     Manifold             0.285    0.298    2        A2       C2        2        0.52     76       0        40.8     38.10      44.00       0.769      0.156      0.25           1          295        0.00     8.85       20.57      1203.2     2600.7     -1397.4    0.538     c3:12.87; c2:0.36
198 T1121TS131_2o      131s    Kiharalab_Server     0.285    0.294    2        A2       C2        2        0.40     77       0        40.4     39.20      41.80       0.769      0.148      0.24           1          293        0.00     8.28       19.55      1025.0     2540.0     -1515.0    0.537     c3:12.47; c2:0.28
199 T1121TS188_2o      188s    GuijunLab-DeepDA     0.285    0.301    2        A2       C2        2        0.20     79       0        44.3     43.60      45.10       0.769      0.161      0.25           1          294        0.00     8.70       18.30      1948.7     3704.2     -1755.6    0.553     c3:11.92; c2:0.13
200 T1121TS035_3o      035s    Manifold-E           0.285    0.298    2        A2       C2        2        0.52     76       0        40.8     38.10      44.00       0.769      0.156      0.25           1          295        0.00     8.85       20.57      1203.2     2600.7     -1397.4    0.538     c3:12.87; c2:0.36
201 T1121TS071_1o      071s    RaptorX-Multimer     0.284    0.299    2        A2       C2        2        0.30     80       0        39.4     35.70      44.00       0.769      0.159      0.24           1          308        0.00     8.60       16.95      1231.3     2887.2     -1655.9    0.561     c3:11.78; c2:0.21
202 T1121TS071_2o      071s    RaptorX-Multimer     0.284    0.299    2        A2       C2        2        0.15     81       0        39.8     36.40      44.00       0.761      0.160      0.25           1          309        0.00     8.63       16.70      1188.8     2866.4     -1677.6    0.564     c3:11.73; c2:0.10
203 T1121TS185_3o      185     BAKER                0.282    0.295    2        A2       C2        2        0.00     76       0        41.3     40.90      41.80       0.766      0.154      0.23           1          304        0.00     8.50       15.39      2035.5     3889.0     -1853.4    0.573     c3:12.46; c2:0.00
204 T1121TS188_3o      188s    GuijunLab-DeepDA     0.281    0.288    2        A2       C2        2        0.42     50       0        33.1     41.70      27.50       0.764      0.098      0.21           1          297        0.00     8.31       18.74      2523.2     3856.0     -1332.8    0.548     c3:12.12; c2:0.27
205 T1121TS071_5o      071s    RaptorX-Multimer     0.280    0.296    2        A2       C2        2        0.12     81       2        39.0     35.10      44.00       0.760      0.160      0.24           1          310        0.00     8.55       16.23      1137.9     2811.0     -1673.1    0.566     c3:11.73; c2:0.08
206 T1121TS131_3o      131s    Kiharalab_Server     0.280    0.293    2        A2       C2        2        0.08     81       2        40.6     39.60      41.80       0.765      0.148      0.24           1          295        0.00     8.15       19.05      1168.1     2662.7     -1494.5    0.536     c3:12.45; c2:0.05
207 T1121TS187_1o      187     TRFold               0.277    0.290    2        A2       C2        2        0.15     78       0        38.5     36.60      40.70       0.769      0.152      0.23           1          316        0.00     8.43       15.67      572.9      2157.8     -1584.9    0.576     c3:11.61; c2:0.11
208 T1121TS423_1o      423     trComplex            0.277    0.290    2        A2       C2        2        0.15     78       0        38.5     36.60      40.70       0.769      0.152      0.23           1          316        0.00     8.43       15.67      572.9      2157.8     -1584.9    0.576     c3:11.61; c2:0.11
209 T1121TS493_5o      493     Shen-CAPRI           0.274    0.327    2        A2       C2        2        2.77     72       0        43.9     46.30      41.80       0.773      0.159      0.27           1          365        0.00     4.09       12.07      1476.5     2771.4     -1295.0    0.611     c3:10.39; c2:1.96
210 T1121TS278_3o      278     PEZYFoldings         0.274    0.290    2        A2       C2        2        1.01     86       0        38.6     35.80      41.80       0.769      0.151      0.24           1          301        0.00     8.42       17.26      744.0      2394.7     -1650.7    0.559     c3:11.91; c2:0.71
211 T1121TS147_1o      147     SHT                  0.272    0.289    2        A2       C2        2        0.74     104      0        37.8     32.10      46.20       0.721      0.167      0.24           1          307        0.00     8.24       14.31      -3301.7    -54.6      -3247.1    0.576     c3:11.10; c2:0.52
212 T1121TS493_2o      493     Shen-CAPRI           0.265    0.280    2        A2       C2        2        6.18     75       0        33.5     31.10      36.30       0.765      0.137      0.23           1          316        0.00     8.55       14.99      1063.2     2350.1     -1286.8    0.574     c3:12.38; c2:4.36
213 T1121TS398_1o      398     ChaePred             0.264    0.283    2        A2       C2        2        1.10     83       3        25.5     24.70      26.40       0.755      0.098      0.20           1          297        0.00     8.63       19.57      1219.9     2598.9     -1379.1    0.525     c3:11.93; c2:0.60
214 T1121TS147_2o      147     SHT                  0.262    0.284    2        A2       C2        2        1.00     107      0        37.9     31.60      47.30       0.717      0.169      0.23           1          294        0.00     8.48       17.74      -3597.6    -303.2     -3294.4    0.546     c3:11.69; c2:0.71
215 T1121TS398_3o      398     ChaePred             0.248    0.273    2        A2       C2        2        1.46     80       1        27.9     25.50      30.80       0.763      0.112      0.20           1          297        0.00     8.63       17.03      1115.6     2545.4     -1429.8    0.559     c3:11.07; c2:0.78
216 T1121TS205_2o      205     Zou                  0.239    0.243    2        A2       C2        2        4.36     103      0        32.6     27.70      39.60       0.711      0.147      0.27           1          299        0.00     8.27       15.11      349.6      1905.8     -1556.1    0.562     c3:10.80; c2:2.98
217 T1121TS125_5o      125s    UltraFold_Server     0.233    0.233    2        A2       C2        2        0.13     91       4        37.3     33.10      42.90       0.762      0.199      0.31           1          365        0.00     2.83       7.37       -2329.0    723.8      -3052.8    0.722     c3:9.75; c2:0.09
218 T1121TS399_5o      399     BeijingAIProtein     0.233    0.233    2        A2       C2        2        0.13     91       4        37.3     33.10      42.90       0.762      0.199      0.31           1          365        0.00     2.83       7.37       -2329.0    723.8      -3052.8    0.722     c3:9.75; c2:0.09
219 T1121TS054_5o      054     UltraFold            0.233    0.233    2        A2       C2        2        0.13     91       4        37.3     33.10      42.90       0.762      0.199      0.31           1          365        0.00     2.83       7.37       -2329.0    723.8      -3052.8    0.722     c3:9.75; c2:0.09
220 T1121TS314_1o      314     Pierce               0.186    0.187    2        A2       C2        2        0.00     4        0        11.0     33.30      6.60        0.747      0.033      0.12           1          297        0.00     8.63       17.24      3152.8     3909.9     -757.1     0.533     c3:13.60; c2:0.00
221 T1121TS348_5o      348     Takeda-Shitaka_Lab   0.173    0.178    2        A2       C1        2        0.00     166      2        31.7     24.80      44.00       0.768      0.168      0.28           1          365        0.00     2.56       12.29      -475.5     1716.9     -2192.4    0.569     c3:11.48; c2:10.68
222 T1121TS098_5o      098s    GuijunLab-Assembly   0.149    0.162    2        A2       C1        2        0.00     169      7        6.2      4.50       9.90        0.737      0.195      0.16           1          365        0.00     3.03       5.82       -439.6     1653.0     -2092.7    0.670     c3:9.38; c2:3.25
223 T1121TS494_3o      494     Venclovas            0.147    0.178    2        A2       C2        2        3.91     127      3        6.6      5.80       7.70        0.256      0.054      0.17           1          100        0.00     8.62       18.88      -10927.1   -5231.3    -5695.7    0.296     c3:12.07; c2:2.72
224 T1121TS447_2o      447     DELCLAB              0.065    0.065    2        A2       C2        2        3.51     16       0        5.5      16.70      3.30        0.729      0.090      0.17           1          365        0.00     3.76       8.11       -1257.5    -305.4     -952.0     0.610     c3:10.90; c2:2.39
225 T1121TS314_5o      314     Pierce               0.003    0.003    2        A2       C2        2        0.00     25       0        0.0      0.00       0.00        0.741      0.019      0.15           1          297        0.00     8.63       22.19      2474.9     3030.5     -555.7     0.405     c2:0.00
226 T1121TS314_3o      314     Pierce               0.002    0.002    2        A2       C2        2        0.00     12       0        0.0      0.00       0.00        0.740      0.022      0.10           1          297        0.00     8.63       21.51      3080.2     3454.1     -373.9     0.411     c2:0.00
227 T1121TS098_4o      098s    GuijunLab-Assembly   0.001    0.001    2        A2       C2        2        0.00     194      10       0.0      0.00       0.00        0.728      0.010      0.09           1          365        0.00     1.86       26.02      -125.2     1877.0     -2002.2    0.515     c3:10.48; c2:0.00
228 T1121TS165_4o      165     FTBiot0119           0.001    0.001    2        A2       C1        2        0.00     131      3        0.0      0.00       0.00        0.219      0.014      0.04           -          -          -        -          24.48      -4064.4    -1975.0    -2089.4    0.207     c3:7.88; c2:5.23
229 T1121TS398_4o      398     ChaePred             0.000    0.000    2        A2       C1        2        0.00     79       2        0.0      0.00       0.00        0.741      0.008      0.03           1          297        0.00     8.63       36.22      2173.2     2890.6     -717.5     0.349     c3:20.80; c2:16.53
230 T1121TS314_4o      314     Pierce               0.000    0.000    2        A2       C2        2        0.00     8        0        0.0      0.00       0.00        0.742      0.006      0.01           1          297        0.00     8.63       26.84      2981.7     3696.0     -714.3     0.359     c3:48.57; c2:0.00
231 T1121TS234_1o      234     Panlab               0.000    0.000    2        A2       C1        2        0.00     47       2        0.0      0.00       0.00        0.676      0.009      0.03           1          285        0.00     9.07       22.07      -457.5     -2070.5    1613.0     0.351     c3:46.25; c2:21.80