    Model              Gr.Code Group                QSglob   QSbest   Mol.Size Stoich.  Symm.     SymmSize SymmRMSD No.Conts No.Clash F1       Prec.Iface Recal.Iface lDDToligo  DockQ_Avg  Jaccard.Coeff. Align.Size Align.Len  Orient   LocalRMSD  Iface.RMSD SA.total   SA.polar  SA.apolar  TMscore    SymmGr.RMSD
1   T1123TS439_5o      439     Yang                 0.555    0.667    2        A2       C2        2        0.09     114      1        40.6     41.90      39.30       0.641      0.531      0.49           2          406        0.02     2.20       2.54       325.7      497.4      -171.7     0.886     c3:8.94; c2:0.06
2   T1123TS367_5o      367     MULTICOM             0.539    0.617    2        A2       C2        2        0.82     120      0        37.7     35.40      40.20       0.654      0.450      0.46           2          428        0.05     2.97       4.17       10091.3    4222.2     5869.1     0.912     c3:10.68; c2:0.57
3   T1123TS494_3o      494     Venclovas            0.526    0.571    2        A2       C2        2        0.25     127      1        43.2     41.10      45.50       0.697      0.474      0.61           2          428        0.07     2.89       3.78       7408.7     3375.6     4033.2     0.907     c3:11.28; c2:0.17
4   T1123TS423_4o      423     trComplex            0.523    0.578    2        A2       C2        2        0.79     127      0        46.0     43.90      48.20       0.699      0.512      0.57           2          428        0.05     2.74       3.37       10184.6    4081.7     6103.0     0.916     c3:10.89; c2:0.55
5   T1123TS187_4o      187     TRFold               0.523    0.578    2        A2       C2        2        0.79     127      0        46.0     43.90      48.20       0.699      0.512      0.57           2          428        0.05     2.74       3.37       10184.6    4081.7     6103.0     0.916     c3:10.89; c2:0.55
6   T1123TS187_5o      187     TRFold               0.514    0.557    2        A2       C2        2        0.46     112      2        45.5     45.50      45.50       0.681      0.493      0.60           2          428        0.04     3.02       3.55       9649.2     4223.9     5425.3     0.906     c3:10.31; c2:0.32
7   T1123TS423_5o      423     trComplex            0.514    0.557    2        A2       C2        2        0.46     112      2        45.5     45.50      45.50       0.681      0.493      0.60           2          428        0.04     3.02       3.55       9649.2     4223.9     5425.3     0.906     c3:10.31; c2:0.32
8   T1123TS399_1o      399     BeijingAIProtein     0.511    0.554    2        A2       C2        2        0.53     98       0        42.5     45.00      40.20       0.630      0.490      0.65           2          428        0.01     2.62       3.64       11956.5    5055.2     6901.3     0.924     c3:10.83; c2:0.35
9   T1123TS054_1o      054     UltraFold            0.511    0.554    2        A2       C2        2        0.53     98       0        42.5     45.00      40.20       0.630      0.490      0.65           2          428        0.01     2.62       3.64       11956.5    5055.2     6901.3     0.924     c3:10.83; c2:0.35
10  T1123TS125_1o      125s    UltraFold_Server     0.511    0.554    2        A2       C2        2        0.53     98       0        42.5     45.00      40.20       0.630      0.490      0.65           2          428        0.01     2.62       3.64       11956.5    5055.2     6901.3     0.924     c3:10.83; c2:0.35
11  T1123TS278_4o      278     PEZYFoldings         0.493    0.607    2        A2       C2        2        0.18     168      0        38.0     33.60      43.80       0.606      0.388      0.50           2          428        0.02     5.47       4.30       7396.7     2952.9     4443.7     0.854     c3:10.41; c2:0.12
12  T1123TS158_5o      158s    MULTICOM_deep        0.491    0.568    2        A2       C2        2        0.22     146      2        46.2     42.20      50.90       0.657      0.511      0.59           2          428        0.03     3.13       3.41       7797.2     3303.6     4493.6     0.903     c3:10.17; c2:0.14
13  T1123TS367_4o      367     MULTICOM             0.478    0.538    2        A2       C2        2        0.25     124      0        41.8     38.60      45.50       0.684      0.487      0.61           2          428        0.04     2.91       3.84       8668.9     3355.9     5313.0     0.908     c3:11.38; c2:0.17
14  T1123TS494_1o      494     Venclovas            0.473    0.533    2        A2       C2        2        0.69     125      0        30.4     28.80      32.10       0.564      0.324      0.56           2          428        0.02     7.06       4.01       9109.7     3752.7     5357.0     0.807     c3:9.88; c2:0.47
15  T1123TS037_1o      037     Wallner              0.470    0.542    2        A2       C2        2        2.44     126      0        38.2     34.50      42.90       0.690      0.481      0.53           2          428        0.05     3.02       3.59       8344.3     3560.5     4783.8     0.907     c3:11.30; c2:1.50
16  T1123TS374_3o      374     Zheng                0.466    0.549    2        A2       C2        2        6.13     141      0        32.6     28.30      38.40       0.629      0.439      0.50           2          428        0.03     3.42       3.76       10877.0    4754.1     6122.9     0.881     c3:9.29; c2:3.98
17  T1123TS248_3o      248     Manifold             0.465    0.553    2        A2       C2        2        0.12     111      0        42.0     39.70      44.60       0.675      0.486      0.58           2          428        0.06     3.28       3.61       8496.2     3489.8     5006.4     0.901     c3:10.41; c2:0.08
18  T1123TS367_1o      367     MULTICOM             0.460    0.508    2        A2       C2        2        1.99     114      2        42.2     43.40      41.10       0.649      0.479      0.62           2          428        0.04     2.85       4.03       11240.3    4645.8     6594.5     0.908     c3:10.95; c2:1.15
19  T1123TS054_4o      054     UltraFold            0.452    0.509    2        A2       C2        2        1.03     112      2        33.3     32.00      34.80       0.596      0.458      0.56           2          428        0.00     3.11       3.67       9315.1     4120.0     5195.1     0.905     c3:10.29; c2:0.68
20  T1123TS399_4o      399     BeijingAIProtein     0.452    0.509    2        A2       C2        2        1.03     112      2        33.3     32.00      34.80       0.596      0.458      0.56           2          428        0.00     3.11       3.67       9315.1     4120.0     5195.1     0.905     c3:10.29; c2:0.68
21  T1123TS125_4o      125s    UltraFold_Server     0.452    0.509    2        A2       C2        2        1.03     112      2        33.3     32.00      34.80       0.596      0.458      0.56           2          428        0.00     3.11       3.67       9315.1     4120.0     5195.1     0.905     c3:10.29; c2:0.68
22  T1123TS374_1o      374     Zheng                0.444    0.522    2        A2       C2        2        2.07     132      0        31.1     28.10      34.80       0.633      0.412      0.47           2          428        0.05     3.17       3.93       9957.7     4286.6     5671.1     0.884     c3:12.15; c2:1.40
23  T1123TS374_5o      374     Zheng                0.440    0.514    2        A2       C2        2        2.29     112      0        27.4     29.00      25.90       0.636      0.387      0.41           2          428        0.04     3.88       4.00       11671.9    4822.6     6849.3     0.885     c3:13.16; c2:1.49
24  T1123TS439_2o      439     Yang                 0.435    0.505    2        A2       C2        2        0.27     123      2        29.3     32.30      26.80       0.616      0.393      0.50           2          406        0.06     3.24       4.59       984.3      678.0      306.3      0.846     c3:8.84; c2:0.19
25  T1123TS439_3o      439     Yang                 0.434    0.508    2        A2       C2        2        0.09     140      2        33.2     34.30      32.10       0.610      0.414      0.50           2          406        0.06     3.39       4.81       725.7      727.9      -2.2       0.848     c3:8.82; c2:0.06
26  T1123TS158_4o      158s    MULTICOM_deep        0.433    0.531    2        A2       C2        2        0.62     138      2        33.8     28.80      41.10       0.673      0.443      0.47           2          428        0.07     3.88       3.99       9376.9     3882.4     5494.6     0.897     c3:10.86; c2:0.41
27  T1123TS086_5o      086s    MULTICOM_qa          0.433    0.531    2        A2       C2        2        0.62     138      2        33.8     28.80      41.10       0.673      0.443      0.47           2          428        0.07     3.88       3.99       9376.9     3882.4     5494.6     0.897     c3:10.86; c2:0.41
28  T1123TS185_2o      185     BAKER                0.429    0.569    2        A2       C2        2        0.00     157      0        34.4     30.60      39.30       0.639      0.456      0.43           2          428        0.05     3.21       3.91       4765.6     2163.0     2602.6     0.891     c3:12.53; c2:0.00
29  T1123TS367_2o      367     MULTICOM             0.429    0.484    2        A2       C2        2        0.34     132      0        35.7     32.10      40.20       0.658      0.449      0.57           2          428        0.04     3.52       4.25       8007.2     3142.8     4864.4     0.889     c3:10.67; c2:0.21
30  T1123TS071_4o      071s    RaptorX-Multimer     0.429    0.488    2        A2       C2        2        2.06     111      0        30.1     30.80      29.50       0.631      0.398      0.47           2          428        0.09     3.43       4.35       11021.7    4727.6     6294.1     0.890     c3:11.37; c2:1.29
31  T1123TS439_4o      439     Yang                 0.426    0.480    2        A2       C2        2        0.16     121      0        32.4     33.70      31.20       0.623      0.421      0.55           2          406        0.02     3.34       4.77       747.9      834.0      -86.1      0.855     c3:8.90; c2:0.11
32  T1123TS071_1o      071s    RaptorX-Multimer     0.426    0.497    2        A2       C2        2        1.60     156      4        32.4     29.10      36.60       0.615      0.429      0.47           2          428        0.01     3.69       4.73       9017.0     4092.6     4924.4     0.891     c3:9.54; c2:1.09
33  T1123TS071_5o      071s    RaptorX-Multimer     0.425    0.489    2        A2       C2        2        3.03     108      1        24.9     25.70      24.10       0.568      0.378      0.43           2          428        0.05     3.78       4.76       10799.7    4798.1     6001.6     0.886     c3:10.34; c2:2.09
34  T1123TS494_2o      494     Venclovas            0.421    0.470    2        A2       C2        2        0.31     124      2        28.2     27.80      28.60       0.594      0.355      0.49           2          428        0.08     4.56       3.96       7974.5     3219.8     4754.7     0.853     c3:10.57; c2:0.22
35  T1123TS374_4o      374     Zheng                0.420    0.484    2        A2       C2        2        4.06     130      0        27.9     25.80      30.40       0.632      0.375      0.47           2          428        0.07     4.14       3.87       10814.6    4640.4     6174.3     0.882     c3:11.42; c2:2.43
36  T1123TS071_2o      071s    RaptorX-Multimer     0.420    0.463    2        A2       C2        2        0.72     111      0        26.1     28.40      24.10       0.607      0.364      0.44           2          428        0.04     4.19       4.95       9526.9     4289.6     5237.3     0.878     c3:10.29; c2:0.49
37  T1123TS185_1o      185     BAKER                0.419    0.506    2        A2       C2        2        0.00     148      2        37.9     34.00      42.90       0.671      0.455      0.54           2          428        0.04     3.07       4.18       6781.5     3232.2     3549.2     0.900     c2:0.00
38  T1123TS071_3o      071s    RaptorX-Multimer     0.417    0.487    2        A2       C2        2        0.92     132      0        25.2     26.50      24.10       0.619      0.388      0.45           2          428        0.01     3.78       4.99       10489.2    4396.2     6093.0     0.878     c3:10.76; c2:0.65
39  T1123TS158_3o      158s    MULTICOM_deep        0.414    0.492    2        A2       C2        2        0.53     120      0        33.3     30.60      36.60       0.640      0.436      0.52           2          428        0.07     3.51       4.39       7789.6     3128.9     4660.7     0.885     c3:10.83; c2:0.35
40  T1123TS086_3o      086s    MULTICOM_qa          0.414    0.492    2        A2       C2        2        0.53     120      0        33.3     30.60      36.60       0.640      0.436      0.52           2          428        0.07     3.51       4.39       7789.6     3128.9     4660.7     0.885     c3:10.83; c2:0.35
41  T1123TS003_5o      003     MULTICOM_human       0.414    0.492    2        A2       C2        2        0.53     120      0        33.3     30.60      36.60       0.640      0.436      0.52           2          428        0.07     3.51       4.39       7789.6     3128.9     4660.7     0.885     c3:10.83; c2:0.35
42  T1123TS003_3o      003     MULTICOM_human       0.414    0.487    2        A2       C2        2        0.38     123      0        28.9     25.70      33.00       0.644      0.410      0.46           2          428        0.05     3.91       4.34       7250.8     3226.3     4024.4     0.876     c3:10.33; c2:0.23
43  T1123TS374_2o      374     Zheng                0.412    0.506    2        A2       C2        2        1.68     144      0        33.1     27.70      41.10       0.612      0.457      0.50           2          428        0.03     3.25       3.59       10394.3    4266.8     6127.5     0.878     c3:11.58; c2:1.10
44  T1123TS239_1o      239s    Yang-Multimer        0.408    0.455    2        A2       C2        2        0.09     135      0        26.5     25.40      27.70       0.641      0.388      0.51           2          422        0.02     3.90       4.92       1060.4     619.7      440.8      0.867     c3:9.04; c2:0.07
45  T1123TS003_2o      003     MULTICOM_human       0.399    0.527    2        A2       C2        2        0.26     159      0        28.0     23.00      35.70       0.679      0.448      0.38           2          428        0.07     2.97       3.94       5635.3     2496.5     3138.8     0.903     c3:10.25; c2:0.17
46  T1123TS086_4o      086s    MULTICOM_qa          0.398    0.500    2        A2       C2        2        0.30     154      4        35.6     30.40      42.90       0.663      0.433      0.48           2          428        0.05     4.21       3.57       7132.9     3156.7     3976.1     0.886     c3:10.58; c2:0.20
47  T1123TS288_2o      288s    DFolding-server      0.397    0.482    2        A2       C2        2        0.77     162      2        31.4     25.10      42.00       0.668      0.403      0.46           2          428        0.09     4.52       4.23       9026.4     3810.9     5215.5     0.881     c3:13.47; c2:0.48
48  T1123TS367_3o      367     MULTICOM             0.396    0.470    2        A2       C2        2        0.47     123      0        30.7     27.50      34.80       0.670      0.441      0.51           2          428        0.04     3.26       4.28       8728.7     3443.8     5285.0     0.894     c3:10.90; c2:0.33
49  T1123TS073_2o      073s    DFolding-refine      0.394    0.484    2        A2       C2        2        0.79     165      0        30.1     24.70      38.40       0.653      0.390      0.48           2          428        0.09     4.53       4.23       8622.2     3312.8     5309.4     0.881     c3:13.48; c2:0.50
50  T1123TS003_1o      003     MULTICOM_human       0.390    0.503    2        A2       C2        2        0.20     164      4        30.8     26.60      36.60       0.667      0.428      0.45           2          428        0.05     3.87       4.15       6802.9     2999.7     3803.2     0.887     c3:10.51; c2:0.12
51  T1123TS158_1o      158s    MULTICOM_deep        0.390    0.501    2        A2       C2        2        0.24     161      5        32.7     26.40      42.90       0.657      0.429      0.45           2          428        0.06     4.21       3.55       5896.4     2641.9     3254.5     0.883     c3:10.69; c2:0.15
52  T1123TS086_1o      086s    MULTICOM_qa          0.390    0.501    2        A2       C2        2        0.24     161      5        32.7     26.40      42.90       0.657      0.429      0.45           2          428        0.06     4.21       3.55       5896.4     2641.9     3254.5     0.883     c3:10.69; c2:0.15
53  T1123TS399_5o      399     BeijingAIProtein     0.385    0.421    2        A2       C2        2        1.11     93       0        32.5     31.90      33.00       0.623      0.419      0.58           2          428        0.04     3.42       4.62       9779.2     4311.3     5467.9     0.879     c3:9.86; c2:0.62
54  T1123TS054_5o      054     UltraFold            0.385    0.421    2        A2       C2        2        1.11     93       0        32.5     31.90      33.00       0.623      0.419      0.58           2          428        0.04     3.42       4.62       9779.2     4311.3     5467.9     0.879     c3:9.86; c2:0.62
55  T1123TS125_5o      125s    UltraFold_Server     0.385    0.421    2        A2       C2        2        1.11     93       0        32.5     31.90      33.00       0.623      0.419      0.58           2          428        0.04     3.42       4.62       9779.2     4311.3     5467.9     0.879     c3:9.86; c2:0.62
56  T1123TS494_4o      494     Venclovas            0.382    0.453    2        A2       C2        2        0.19     141      1        30.6     28.50      33.00       0.584      0.388      0.44           2          428        0.03     4.75       4.95       8516.0     3535.7     4980.4     0.842     c3:10.19; c2:0.13
57  T1123TS278_1o      278     PEZYFoldings         0.375    0.455    2        A2       C2        2        0.41     150      0        31.3     27.30      36.60       0.650      0.418      0.48           2          428        0.03     4.16       4.89       7107.3     2691.8     4415.5     0.876     c3:9.94; c2:0.29
58  T1123TS003_4o      003     MULTICOM_human       0.374    0.467    2        A2       C2        2        0.23     123      0        29.9     26.20      34.80       0.673      0.423      0.45           2          428        0.06     3.89       4.42       6207.8     2660.0     3547.8     0.888     c3:10.27; c2:0.16
59  T1123TS185_4o      185     BAKER                0.368    0.490    2        A2       C2        2        0.00     155      2        28.1     24.10      33.90       0.600      0.421      0.42           2          428        0.06     3.46       4.14       4350.9     2113.3     2237.6     0.867     c3:14.67; c2:0.00
60  T1123TS073_1o      073s    DFolding-refine      0.354    0.531    2        A2       C2        2        0.32     180      0        27.7     21.60      38.40       0.681      0.465      0.37           2          428        0.08     2.74       3.67       5803.1     1978.4     3824.8     0.909     c3:10.76; c2:0.21
61  T1123TS288_1o      288s    DFolding-server      0.351    0.527    2        A2       C2        2        0.23     185      0        26.5     20.70      36.60       0.704      0.458      0.36           2          428        0.08     2.75       3.68       5907.3     2198.4     3709.0     0.909     c3:10.76; c2:0.15
62  T1123TS037_4o      037     Wallner              0.350    0.402    2        A2       C2        2        2.49     101      1        31.7     34.40      29.50       0.611      0.325      0.45           2          428        0.05     5.36       8.86       10770.2    4328.3     6442.0     0.863     c3:9.54; c2:1.71
63  T1123TS119_1o      119     Kiharalab            0.345    0.356    2        A2       C2        2        0.00     101      3        19.5     19.30      19.60       0.576      0.270      0.61           2          428        0.20     4.71       6.52       11290.5    4678.5     6612.0     0.832     c3:32.11; c2:0.00
64  T1123TS248_2o      248     Manifold             0.336    0.501    2        A2       C2        2        0.29     137      0        24.8     22.50      27.70       0.644      0.373      0.40           2          428        0.08     4.04       4.66       10509.4    4359.7     6149.7     0.867     c3:11.47; c2:0.19
65  T1123TS073_3o      073s    DFolding-refine      0.330    0.511    2        A2       C2        2        0.33     190      2        26.5     20.50      37.50       0.628      0.395      0.36           2          428        0.08     4.66       4.22       6795.0     2967.7     3827.3     0.879     c3:9.87; c2:0.22
66  T1123TS288_3o      288s    DFolding-server      0.324    0.497    2        A2       C2        2        0.21     183      2        25.8     20.50      34.80       0.642      0.385      0.38           2          428        0.08     4.67       4.24       7196.8     3320.7     3876.1     0.878     c3:9.88; c2:0.13
67  T1123TS073_4o      073s    DFolding-refine      0.321    0.450    2        A2       C2        2        0.30     187      0        23.7     19.10      31.20       0.624      0.400      0.30           2          428        0.02     4.16       4.26       6318.5     2210.2     4108.3     0.877     c3:10.31; c2:0.21
68  T1123TS119_2o      119     Kiharalab            0.319    0.339    2        A2       C2        2        0.00     91       0        14.5     17.30      12.50       0.572      0.190      0.46           1          214        0.00     3.84       7.39       11869.6    4865.4     7004.2     0.752     c3:16.56; c2:0.00
69  T1123TS037_5o      037     Wallner              0.316    0.345    2        A2       C2        2        2.71     119      0        28.9     27.60      30.40       0.590      0.249      0.61           1          214        0.00     4.85       8.28       10435.0    4294.0     6140.9     0.846     c3:10.45; c2:1.76
70  T1123TS073_5o      073s    DFolding-refine      0.315    0.435    2        A2       C2        2        0.38     150      0        22.8     18.60      29.50       0.639      0.372      0.38           2          428        0.08     4.27       4.65       7803.7     3163.2     4640.4     0.874     c3:10.91; c2:0.26
71  T1123TS288_4o      288s    DFolding-server      0.315    0.440    2        A2       C2        2        0.17     188      0        23.8     18.90      32.10       0.644      0.403      0.31           2          428        0.02     4.17       4.30       6677.9     2765.8     3912.1     0.877     c3:10.31; c2:0.12
72  T1123TS187_3o      187     TRFold               0.312    0.343    2        A2       C2        2        5.19     77       0        23.0     29.60      18.80       0.586      0.250      0.39           2          428        0.06     5.81       9.03       15420.0    5994.0     9426.0     0.821     c3:10.55; c2:3.45
73  T1123TS288_5o      288s    DFolding-server      0.312    0.433    2        A2       C2        2        0.32     150      0        20.9     16.80      27.70       0.650      0.367      0.33           2          428        0.08     4.25       4.67       8134.3     3430.3     4704.0     0.875     c3:10.91; c2:0.22
74  T1123TS423_3o      423     trComplex            0.312    0.343    2        A2       C2        2        5.19     77       0        23.0     29.60      18.80       0.586      0.250      0.39           2          428        0.06     5.81       9.03       15420.0    5994.0     9426.0     0.821     c3:10.55; c2:3.45
75  T1123TS423_2o      423     trComplex            0.297    0.469    2        A2       C2        2        0.30     196      2        24.2     18.10      36.60       0.706      0.458      0.34           2          428        0.05     2.76       4.11       5762.8     2230.8     3531.9     0.906     c3:10.29; c2:0.19
76  T1123TS187_2o      187     TRFold               0.297    0.469    2        A2       C2        2        0.30     196      2        24.2     18.10      36.60       0.706      0.458      0.34           2          428        0.05     2.76       4.11       5762.8     2230.8     3531.9     0.906     c3:10.29; c2:0.19
77  T1123TS165_1o      165     FTBiot0119           0.288    0.346    2        A2       C2        2        1.94     157      7        22.9     20.60      25.90       0.552      0.218      0.47           2          428        0.14     5.98       9.30       11853.2    4679.0     7174.2     0.835     c3:10.32; c2:1.13
78  T1123TS035_1o      035s    Manifold-E           0.288    0.343    2        A2       C2        2        0.63     133      0        19.6     18.70      20.50       0.632      0.315      0.39           2          428        0.04     4.80       5.58       8818.9     3902.8     4916.1     0.847     c3:11.75; c2:0.44
79  T1123TS035_3o      035s    Manifold-E           0.284    0.346    2        A2       C2        2        0.66     133      2        19.9     18.60      21.40       0.592      0.194      0.41           1          214        0.00     6.33       9.98       9718.5     4315.8     5402.8     0.708     c3:10.02; c2:0.38
80  T1123TS248_1o      248     Manifold             0.284    0.346    2        A2       C2        2        0.66     133      2        19.9     18.60      21.40       0.592      0.194      0.41           1          214        0.00     6.33       9.98       9718.5     4315.8     5402.8     0.708     c3:10.02; c2:0.38
81  T1123TS150_1o      150     Grudinin             0.281    0.317    2        A2       C2        2        0.00     75       2        18.2     20.90      16.10       0.575      0.194      0.42           1          214        0.00     5.10       9.46       12963.2    5036.9     7926.2     0.832     c3:22.39; c2:0.00
82  T1123TS239_2o      239s    Yang-Multimer        0.277    0.309    2        A2       C2        2        0.15     130      0        20.9     19.00      23.20       0.562      0.275      0.44           2          422        0.04     6.84       9.77       1811.4     876.0      935.4      0.802     c3:9.11; c2:0.10
83  T1123TS131_1o      131s    Kiharalab_Server     0.268    0.290    2        A2       C2        2        1.25     97       0        15.0     15.70      14.30       0.580      0.242      0.50           2          428        0.07     4.62       7.05       11332.1    4698.3     6633.8     0.843     c3:10.89; c2:0.86
84  T1123TS119_3o      119     Kiharalab            0.268    0.290    2        A2       C2        2        1.25     96       0        15.0     15.70      14.30       0.580      0.242      0.50           2          428        0.14     4.62       7.05       11316.6    4685.8     6630.8     0.843     c3:10.89; c2:0.86
85  T1123TS248_5o      248     Manifold             0.268    0.310    2        A2       C2        2        0.80     78       0        20.0     22.70      17.90       0.604      0.275      0.33           2          428        0.08     6.13       9.90       12742.0    5186.0     7556.0     0.834     c3:9.65; c2:0.55
86  T1123TS390_2o      390s    NBIS-AF2-multimer    0.267    0.311    2        A2       C2        2        1.83     89       0        19.6     21.70      17.90       0.579      0.202      0.43           1          214        0.00     5.10       9.51       12549.7    4883.8     7665.9     0.835     c3:10.75; c2:1.19
87  T1123TS086_2o      086s    MULTICOM_qa          0.266    0.449    2        A2       C2        2        0.10     229      0        19.3     14.50      28.60       0.646      0.403      0.35           2          428        0.04     3.94       3.94       7477.4     3111.2     4366.3     0.883     c3:12.04; c2:0.07
88  T1123TS158_2o      158s    MULTICOM_deep        0.266    0.449    2        A2       C2        2        0.10     229      0        19.3     14.50      28.60       0.646      0.403      0.35           2          428        0.04     3.94       3.94       7477.4     3111.2     4366.3     0.883     c3:12.04; c2:0.07
89  T1123TS493_2o      493     Shen-CAPRI           0.253    0.296    2        A2       C2        2        2.70     92       0        16.3     19.00      14.30       0.570      0.176      0.41           1          214        0.00     5.15       9.63       12748.4    5218.6     7529.7     0.832     c3:10.86; c2:1.72
90  T1123TS180_3o      180     McGuffin             0.244    0.298    2        A2       C2        2        0.19     98       3        10.6     11.50      9.80        0.619      0.251      0.38           2          428        0.11     3.98       5.02       8914.0     3773.4     5140.5     0.820     c3:9.50; c2:0.13
91  T1123TS147_4o      147     SHT                  0.243    0.317    2        A2       C2        2        6.74     132      1        13.8     12.70      15.20       0.441      0.168      0.30           1          214        0.00     7.85       9.63       3209.6     765.0      2444.6     0.674     c3:10.04; c2:4.67
92  T1123TS037_3o      037     Wallner              0.241    0.402    2        A2       C2        2        0.82     286      2        16.7     11.80      28.60       0.651      0.348      0.38           2          428        0.06     4.74       4.82       4806.2     2119.5     2686.7     0.827     c3:9.75; c2:0.55
93  T1123TS185_3o      185     BAKER                0.239    0.315    2        A2       C2        2        0.00     162      0        9.9      8.70       11.60       0.551      0.229      0.38           2          428        0.18     5.08       5.34       3510.7     1610.3     1900.4     0.746     c3:10.61; c2:0.00
94  T1123TS125_3o      125s    UltraFold_Server     0.233    0.252    2        A2       C2        2        1.65     57       0        6.6      12.50      4.50        0.349      0.127      0.26           1          214        0.00     9.31       8.73       15925.8    5910.4     10015.4    0.530     c3:10.59; c2:1.16
95  T1123TS054_3o      054     UltraFold            0.233    0.252    2        A2       C2        2        1.65     57       0        6.6      12.50      4.50        0.349      0.127      0.26           1          214        0.00     9.31       8.73       15925.8    5910.4     10015.4    0.530     c3:10.59; c2:1.16
96  T1123TS399_3o      399     BeijingAIProtein     0.233    0.252    2        A2       C2        2        1.65     57       0        6.6      12.50      4.50        0.349      0.127      0.26           1          214        0.00     9.31       8.73       15925.8    5910.4     10015.4    0.530     c3:10.59; c2:1.16
97  T1123TS180_4o      180     McGuffin             0.228    0.275    2        A2       C2        2        0.73     74       2        6.4      7.90       5.40        0.624      0.225      0.30           2          428        0.09     4.08       4.91       9298.4     3934.9     5363.5     0.811     c3:9.69; c2:0.43
98  T1123TS131_2o      131s    Kiharalab_Server     0.221    0.225    2        A2       C2        2        4.17     30       0        9.8      22.60      6.20        0.389      0.083      0.27           1          214        0.00     9.41       12.83      17788.9    6613.9     11175.1    0.672     c3:10.76; c2:2.93
99  T1123TS180_2o      180     McGuffin             0.220    0.284    2        A2       C2        2        0.29     104      0        10.3     10.90      9.80        0.589      0.262      0.30           2          428        0.07     4.10       5.34       9498.2     3241.3     6257.0     0.815     c3:10.83; c2:0.20
100 T1123TS239_3o      239s    Yang-Multimer        0.219    0.245    2        A2       C2        2        0.43     115      0        10.1     10.40      9.80        0.564      0.254      0.29           2          422        0.04     4.73       7.10       2618.1     1183.3     1434.8     0.815     c3:9.34; c2:0.30
101 T1123TS119_4o      119     Kiharalab            0.218    0.227    2        A2       C2        2        0.00     72       0        2.2      3.00       1.80        0.571      0.105      0.40           1          214        0.00     3.84       8.60       12377.2    4999.8     7377.4     0.628     c3:14.33; c2:0.00
102 T1123TS165_2o      165     FTBiot0119           0.218    0.264    2        A2       C2        2        0.78     132      7        12.8     12.30      13.40       0.541      0.088      0.31           1          214        0.00     6.72       13.54      11843.6    4671.2     7172.4     0.552     c3:11.26; c2:0.52
103 T1123TS439_1o      439     Yang                 0.213    0.232    2        A2       C2        2        0.28     203      3        16.5     12.70      23.20       0.612      0.298      0.44           2          406        0.01     6.02       8.26       604.0      868.5      -264.5     0.831     c3:9.12; c2:0.19
104 T1123TS035_5o      035s    Manifold-E           0.213    0.270    2        A2       C2        2        0.26     105      1        12.3     13.00      11.60       0.546      0.142      0.30           1          214        0.00     6.39       9.20       9015.5     3991.8     5023.7     0.665     c3:10.49; c2:0.18
105 T1123TS248_4o      248     Manifold             0.213    0.270    2        A2       C2        2        0.26     105      1        12.3     13.00      11.60       0.546      0.142      0.30           1          214        0.00     6.39       9.20       9015.5     3991.8     5023.7     0.665     c3:10.49; c2:0.18
106 T1123TS091_3o      091     UNRES                0.201    0.245    2        A2       C2        2        4.90     105      0        7.4      7.70       7.10        0.458      0.143      0.34           1          214        0.00     7.26       9.88       16593.0    6309.8     10283.2    0.713     c3:10.37; c2:3.11
107 T1123TS185_5o      185     BAKER                0.201    0.260    2        A2       C2        2        0.00     297      0        16.9     11.70      30.40       0.634      0.285      0.32           2          428        0.07     7.29       9.19       5711.1     2971.1     2740.1     0.838     c3:17.42; c2:0.00
108 T1123TS091_4o      091     UNRES                0.198    0.227    2        A2       C2        2        2.50     79       0        8.0      9.20       7.10        0.456      0.154      0.29           1          214        0.00     7.37       9.83       16653.9    6363.6     10290.3    0.716     c3:11.15; c2:1.71
109 T1123TS119_5o      119     Kiharalab            0.195    0.206    2        A2       C2        2        0.00     84       2        4.3      5.30       3.60        0.558      0.091      0.41           1          214        0.00     3.84       9.53       12097.4    5003.5     7093.9     0.613     c3:15.42; c2:0.00
110 T1123TS147_2o      147     SHT                  0.195    0.285    2        A2       C1        2        0.00     183      0        11.6     9.40       15.20       0.449      0.195      0.32           2          428        0.04     7.65       9.20       2604.9     383.4      2221.6     0.684     c3:9.77; c2:5.08
111 T1123TS180_1o      180     McGuffin             0.194    0.246    2        A2       C2        2        0.31     82       2        4.0      4.50       3.60        0.616      0.176      0.27           1          214        0.00     3.08       5.36       8710.7     3520.9     5189.8     0.773     c3:9.82; c2:0.20
112 T1123TS312_5o      312     Fernandez-Recio      0.191    0.238    2        A2       C2        2        2.73     110      0        11.3     12.00      10.70       0.566      0.082      0.33           1          214        0.00     6.83       13.23      12607.4    5515.4     7091.9     0.565     c3:11.74; c2:1.91
113 T1123TS091_2o      091     UNRES                0.182    0.217    2        A2       C2        2        2.32     90       0        10.0     11.20      8.90        0.455      0.146      0.28           1          214        0.00     7.40       9.80       17005.4    6261.2     10744.2    0.715     c3:10.70; c2:1.47
114 T1123TS398_5o      398     ChaePred             0.171    0.220    2        A2       C2        2        5.11     121      3        12.3     12.10      12.50       0.555      0.092      0.37           1          214        0.00     6.75       13.40      12612.6    5259.3     7353.3     0.583     c3:9.94; c2:3.17
115 T1123TS314_1o      314     Pierce               0.166    0.271    2        A2       C2        2        0.00     235      1        9.5      7.10       14.30       0.598      0.110      0.26           1          214        0.00     7.95       10.62      9381.6     3646.8     5734.8     0.696     c3:24.28; c2:0.00
116 T1123TS390_4o      390s    NBIS-AF2-multimer    0.164    0.172    2        A2       C1        2        0.00     73       2        5.6      7.60       4.50        0.560      0.047      0.34           1          214        0.00     6.40       17.32      12620.6    4721.5     7899.2     0.507     c3:13.42; c2:7.48
117 T1123TS444_3o      444     CoDock               0.163    0.280    2        A2       C2        2        0.70     322      0        7.3      4.80       15.20       0.559      0.213      0.28           1          214        0.00     3.59       5.46       7783.5     3375.6     4407.9     0.752     c3:11.28; c2:0.46
118 T1123TS035_2o      035s    Manifold-E           0.163    0.205    2        A2       C2        2        0.39     122      0        7.8      7.50       8.00        0.542      0.122      0.34           1          214        0.00     6.65       9.84       8487.7     3634.3     4853.4     0.628     c3:10.21; c2:0.26
119 T1123TS444_1o      444     CoDock               0.161    0.278    2        A2       C2        2        0.86     301      0        7.6      5.10       15.20       0.557      0.213      0.29           1          214        0.00     3.60       5.53       8190.0     3504.8     4685.2     0.754     c3:11.29; c2:0.57
120 T1123TS444_5o      444     CoDock               0.160    0.277    2        A2       C2        2        0.74     301      0        7.7      5.10       15.20       0.557      0.204      0.27           2          428        0.14     4.92       5.50       8109.6     3468.7     4640.9     0.754     c3:11.36; c2:0.51
121 T1123TS493_1o      493     Shen-CAPRI           0.157    0.184    2        A2       C1        2        0.00     69       0        8.2      12.10      6.20        0.558      0.085      0.30           1          214        0.00     6.82       11.13      13279.0    5374.3     7904.7     0.546     c3:12.02; c2:8.89
122 T1123TS390_1o      390s    NBIS-AF2-multimer    0.148    0.175    2        A2       C1        2        0.00     72       2        8.0      11.30      6.20        0.567      0.085      0.27           1          214        0.00     6.75       10.98      13531.1    5667.0     7864.1     0.551     c3:11.24; c2:7.80
123 T1123TS320_1o      320     Elofsson             0.148    0.175    2        A2       C1        2        0.00     72       2        8.0      11.30      6.20        0.567      0.085      0.27           1          214        0.00     6.75       10.98      13531.1    5667.0     7864.1     0.551     c3:11.24; c2:7.80
124 T1123TS091_1o      091     UNRES                0.143    0.179    2        A2       C2        2        6.98     114      0        5.7      6.00       5.40        0.466      0.068      0.24           1          214        0.00     7.17       10.62      16598.7    6194.8     10404.0    0.600     c3:10.29; c2:4.78
125 T1123TS312_3o      312     Fernandez-Recio      0.141    0.176    2        A2       C2        2        0.27     99       0        7.8      8.70       7.10        0.563      0.080      0.36           1          214        0.00     6.80       11.03      12708.9    5510.1     7198.8     0.520     c3:9.96; c2:0.19
126 T1123TS312_1o      312     Fernandez-Recio      0.139    0.173    2        A2       C2        2        0.10     95       0        9.0      10.10      8.00        0.564      0.082      0.34           1          214        0.00     6.79       11.07      12732.2    5514.6     7217.6     0.518     c3:9.94; c2:0.07
127 T1123TS312_2o      312     Fernandez-Recio      0.138    0.171    2        A2       C2        2        0.50     87       0        7.1      8.20       6.20        0.563      0.074      0.32           1          214        0.00     6.79       11.10      12842.2    5562.6     7279.6     0.518     c3:9.96; c2:0.35
128 T1123TS037_2o      037     Wallner              0.133    0.197    2        A2       C2        2        1.28     179      1        7.2      6.60       8.00        0.594      0.057      0.35           1          214        0.00     4.07       16.47      7918.2     3552.1     4366.1     0.517     c3:10.03; c2:0.88
129 T1123TS446_1o      446s    ColabFold            0.128    0.128    2        A2       C2        2        1.70     66       0        11.4     15.90      8.90        0.394      0.059      0.27           1          211        0.00     9.85       14.34      16763.3    5572.2     11191.1    0.387     c3:12.09; c2:1.17
130 T1123TS461_1o      461     colabfold_human      0.128    0.128    2        A2       C2        2        1.70     66       0        11.4     15.90      8.90        0.394      0.059      0.27           1          211        0.00     9.85       14.34      16763.3    5572.2     11191.1    0.387     c3:12.09; c2:1.17
131 T1123TS314_2o      314     Pierce               0.126    0.144    2        A2       C2        2        0.00     179      0        2.1      1.70       2.70        0.572      0.059      0.33           1          214        0.00     9.35       12.17      11749.1    4026.0     7723.1     0.522     c3:26.66; c2:0.00
132 T1123TS180_5o      180     McGuffin             0.126    0.156    2        A2       C2        2        0.54     238      0        4.2      3.00       7.10        0.583      0.191      0.27           2          428        0.08     6.59       8.25       7565.1     2400.0     5165.1     0.832     c3:10.40; c2:0.37
133 T1123TS165_3o      165     FTBiot0119           0.125    0.151    2        A2       C2        2        1.50     116      4        3.6      3.60       3.60        0.558      0.043      0.29           1          214        0.00     6.35       16.47      10231.3    3817.5     6413.8     0.504     c3:10.33; c2:0.85
134 T1123TS314_4o      314     Pierce               0.115    0.158    2        A2       C2        2        0.00     177      0        6.4      5.30       8.00        0.623      0.067      0.40           1          214        0.00     8.42       13.74      11865.5    4710.6     7154.9     0.542     c2:0.00
135 T1123TS147_5o      147     SHT                  0.110    0.161    2        A2       C1        2        0.00     155      0        9.2      8.00       10.70       0.512      0.078      0.30           1          214        0.00     7.00       10.94      3349.3     1202.5     2146.8     0.523     c3:9.84; c2:7.08
136 T1123TS444_4o      444     CoDock               0.109    0.197    2        A2       C2        2        1.61     299      2        5.1      3.50       9.80        0.545      0.124      0.21           1          214        0.00     3.81       6.68       8676.5     3638.8     5037.6     0.616     c3:11.56; c2:0.96
137 T1123TS360_5o      360     MUFold_H             0.109    0.123    2        A2       C2        2        1.67     101      0        6.8      7.40       6.20        0.566      0.053      0.32           1          214        0.00     5.91       17.57      12849.5    4942.9     7906.6     0.501     c3:11.85; c2:1.13
138 T1123TS390_5o      390s    NBIS-AF2-multimer    0.109    0.123    2        A2       C2        2        1.67     101      0        6.8      7.40       6.20        0.566      0.053      0.32           1          214        0.00     5.91       17.57      12849.5    4942.9     7906.6     0.501     c3:11.85; c2:1.13
139 T1123TS314_5o      314     Pierce               0.107    0.137    2        A2       C2        2        0.00     115      0        1.7      1.60       1.80        0.620      0.044      0.30           1          214        0.00     8.18       13.97      11308.2    4612.3     6695.9     0.540     c3:18.20; c2:0.00
140 T1123TS348_4o      348     Takeda-Shitaka_Lab   0.105    0.109    2        A2       C1        2        0.00     124      2        1.8      1.70       1.80        0.309      0.074      0.30           1          38         0.00     9.85       11.23      20074.8    7103.9     12970.9    0.443     c3:12.26; c2:10.58
141 T1123TS444_2o      444     CoDock               0.103    0.188    2        A2       C2        2        1.71     295      2        4.8      3.30       8.90        0.543      0.122      0.21           1          214        0.00     3.81       6.75       8732.3     3649.8     5082.4     0.615     c3:11.54; c2:1.03
142 T1123TS398_4o      398     ChaePred             0.102    0.122    2        A2       C2        2        1.77     152      7        3.9      3.50       4.50        0.537      0.070      0.41           1          214        0.00     5.10       11.30      12093.6    4514.4     7579.2     0.547     c3:9.12; c2:1.17
143 T1123TS147_1o      147     SHT                  0.101    0.164    2        A2       C1        2        0.00     169      0        8.3      6.70       10.70       0.511      0.077      0.26           1          214        0.00     7.00       10.90      2955.9     1080.5     1875.4     0.519     c3:10.33; c2:7.38
144 T1123TS150_3o      150     Grudinin             0.100    0.115    2        A2       C2        2        0.00     104      2        6.5      6.70       6.20        0.567      0.053      0.37           1          214        0.00     5.91       17.67      12950.6    5029.8     7920.8     0.500     c3:23.95; c2:0.00
145 T1123TS348_5o      348     Takeda-Shitaka_Lab   0.100    0.106    2        A2       C2        2        2.24     104      0        7.2      7.20       7.10        0.516      0.055      0.40           1          214        0.00     7.80       14.90      14092.2    5209.0     8883.2     0.482     c3:11.88; c2:1.56
146 T1123TS298_1o      298s    MUFold               0.095    0.113    2        A2       C2        2        2.82     106      1        9.0      9.00       8.90        0.464      0.060      0.19           1          214        0.00     9.68       14.17      16655.5    6628.8     10026.7    0.456     c3:11.69; c2:1.87
147 T1123TS147_3o      147     SHT                  0.095    0.110    2        A2       C2        2        6.58     139      0        4.1      3.80       4.50        0.520      0.046      0.45           1          214        0.00     5.81       16.67      3748.5     1239.5     2508.9     0.496     c3:10.04; c2:4.61
148 T1123TS278_2o      278     PEZYFoldings         0.094    0.112    2        A2       C2        2        0.58     97       1        4.1      4.90       3.60        0.587      0.055      0.24           1          214        0.00     6.29       12.77      9553.5     4128.4     5425.1     0.508     c3:10.74; c2:0.31
149 T1123TS398_1o      398     ChaePred             0.092    0.111    2        A2       C2        2        0.75     159      4        0.0      0.00       0.00        0.531      0.095      0.38           1          214        0.00     6.40       10.92      10825.8    4192.5     6633.3     0.630     c3:9.39; c2:0.43
150 T1123TS098_2o      098s    GuijunLab-Assembly   0.091    0.106    2        A2       C2        2        0.35     185      12       5.5      4.50       7.10        0.448      0.039      0.16           1          214        0.00     10.00      16.25      14455.4    5835.4     8619.9     0.400     c3:11.09; c2:0.21
151 T1123TS169_1o      169     GuijunLab-Human      0.091    0.106    2        A2       C2        2        0.35     185      12       5.5      4.50       7.10        0.448      0.039      0.16           1          214        0.00     10.00      16.25      14455.4    5835.4     8619.9     0.400     c3:11.09; c2:0.21
152 T1123TS188_3o      188s    GuijunLab-DeepDA     0.091    0.106    2        A2       C2        2        0.35     185      12       5.5      4.50       7.10        0.448      0.039      0.16           1          214        0.00     10.00      16.25      14455.4    5835.4     8619.9     0.400     c3:11.09; c2:0.21
153 T1123TS493_5o      493     Shen-CAPRI           0.087    0.088    2        A2       C1        2        0.00     25       0        0.0      0.00       0.00        0.297      0.020      0.16           1          165        0.00     9.98       16.25      27820.3    10177.3    17643.0    0.329     c3:13.28; c2:8.03
154 T1123TS035_4o      035s    Manifold-E           0.085    0.103    2        A2       C2        2        0.59     161      0        3.9      3.50       4.50        0.545      0.055      0.29           1          211        0.00     9.94       13.12      9848.0     4504.9     5343.1     0.503     c3:11.41; c2:0.38
155 T1123TS312_4o      312     Fernandez-Recio      0.083    0.120    2        A2       C2        2        0.49     128      1        2.4      2.20       2.70        0.559      0.055      0.34           1          214        0.00     6.76       11.89      12491.6    5389.2     7102.4     0.508     c3:10.07; c2:0.35
156 T1123TS298_4o      298s    MUFold               0.078    0.087    2        A2       C2        2        1.54     84       0        6.5      6.90       6.20        0.447      0.053      0.23           1          214        0.00     9.50       14.79      15775.3    5861.0     9914.3     0.430     c3:11.92; c2:1.08
157 T1123TS165_5o      165     FTBiot0119           0.078    0.094    2        A2       C1        2        0.00     165      5        3.8      3.40       4.50        0.546      0.075      0.35           1          214        0.00     6.35       11.44      9949.9     3658.1     6291.8     0.688     c3:9.00; c2:5.42
158 T1123TS360_1o      360     MUFold_H             0.078    0.087    2        A2       C2        2        1.54     84       0        6.5      6.90       6.20        0.447      0.053      0.23           1          214        0.00     9.50       14.79      15775.3    5861.0     9914.3     0.430     c3:11.92; c2:1.08
159 T1123TS398_2o      398     ChaePred             0.077    0.094    2        A2       C2        2        5.31     101      4        5.3      5.30       5.40        0.532      0.065      0.37           1          214        0.00     6.40       14.86      11777.5    4546.1     7231.4     0.573     c3:9.40; c2:3.41
160 T1123TS320_3o      320     Elofsson             0.073    0.084    2        A2       C1        2        0.00     96       1        1.0      1.20       0.90        0.473      0.069      0.22           1          214        0.00     8.19       11.52      17862.1    6472.3     11389.8    0.482     c3:13.61; c2:7.09
161 T1123TS169_4o      169     GuijunLab-Human      0.072    0.079    2        A2       C2        2        1.87     38       0        1.3      2.10       0.90        0.405      0.028      0.11           1          166        0.00     9.96       18.42      17232.2    7093.4     10138.8    0.377     c3:11.14; c2:1.22
162 T1123TS320_2o      320     Elofsson             0.066    0.085    2        A2       C2        2        2.54     73       1        0.0      0.00       0.00        0.415      0.036      0.18           1          214        0.00     9.45       13.75      18419.8    6792.5     11627.3    0.407     c3:12.71; c2:1.65
163 T1123TS188_4o      188s    GuijunLab-DeepDA     0.065    0.066    2        A2       C2        2        1.62     31       0        7.5      12.20      5.40        0.432      0.049      0.17           1          182        0.00     9.91       15.41      17981.9    7065.5     10916.5    0.406     c3:11.67; c2:1.13
164 T1123TS350_4o      350     ClusPro              0.065    0.068    2        A2       C2        2        0.87     43       2        1.2      1.70       0.90        0.423      0.041      0.15           1          184        0.00     9.95       13.96      14799.0    5644.1     9154.9     0.413     c3:11.49; c2:0.54
165 T1123TS291_4o      291     Kozakov-Vajda        0.065    0.068    2        A2       C2        2        0.87     43       2        1.2      1.70       0.90        0.423      0.041      0.15           1          184        0.00     9.95       13.96      14799.0    5644.1     9154.9     0.413     c3:11.49; c2:0.54
166 T1123TS398_3o      398     ChaePred             0.062    0.074    2        A2       C1        2        0.00     145      6        0.8      0.70       0.90        0.531      0.046      0.36           1          214        0.00     6.40       12.19      11419.6    4557.0     6862.6     0.675     c3:8.53; c2:6.03
167 T1123TS098_5o      098s    GuijunLab-Assembly   0.060    0.062    2        A2       C2        2        2.79     55       0        1.1      1.50       0.90        0.425      0.044      0.15           1          212        0.00     9.94       13.42      19251.4    7062.0     12189.4    0.417     c3:12.75; c2:1.94
168 T1123TS447_3o      447     DELCLAB              0.058    0.117    2        A2       C2        2        4.66     330      2        4.0      2.70       8.00        0.464      0.082      0.23           1          214        0.00     7.73       10.78      2003.8     115.6      1888.2     0.615     c3:10.56; c2:3.27
169 T1123TS360_2o      360     MUFold_H             0.058    0.068    2        A2       C2        2        0.93     83       1        4.8      5.20       4.50        0.436      0.042      0.19           1          214        0.00     9.98       15.52      14382.8    6052.6     8330.2     0.405     c3:11.13; c2:0.64
170 T1123TS298_5o      298s    MUFold               0.058    0.068    2        A2       C2        2        0.93     83       1        4.8      5.20       4.50        0.436      0.042      0.19           1          214        0.00     9.98       15.52      14382.8    6052.6     8330.2     0.405     c3:11.13; c2:0.64
171 T1123TS447_5o      447     DELCLAB              0.058    0.118    2        A2       C2        2        4.67     323      2        3.2      2.10       6.20        0.463      0.077      0.24           1          214        0.00     7.75       10.75      1921.1     87.2       1833.9     0.616     c3:10.51; c2:3.27
172 T1123TS447_4o      447     DELCLAB              0.058    0.117    2        A2       C2        2        4.67     327      1        4.0      2.70       8.00        0.464      0.082      0.23           1          214        0.00     7.74       10.81      2057.7     109.2      1948.4     0.615     c3:10.57; c2:3.27
173 T1123TS447_2o      447     DELCLAB              0.057    0.116    2        A2       C2        2        4.63     320      0        2.8      1.90       5.40        0.465      0.074      0.23           1          214        0.00     7.73       10.72      2162.7     218.9      1943.8     0.619     c3:10.54; c2:3.24
174 T1123TS447_1o      447     DELCLAB              0.057    0.116    2        A2       C2        2        4.63     319      0        3.2      2.20       6.20        0.465      0.077      0.23           1          214        0.00     7.73       10.72      2133.0     213.2      1919.8     0.619     c3:10.54; c2:3.24
175 T1123TS091_5o      091     UNRES                0.052    0.064    2        A2       C1        2        0.00     99       0        1.8      1.90       1.80        0.512      0.037      0.32           1          214        0.00     5.65       15.26      13907.8    5373.4     8534.4     0.500     c3:13.72; c2:9.84
176 T1123TS291_3o      291     Kozakov-Vajda        0.047    0.053    2        A2       C2        2        2.28     28       0        2.5      4.10       1.80        0.424      0.022      0.23           1          214        0.00     8.74       20.12      15262.8    5789.4     9473.4     0.416     c3:10.79; c2:1.59
177 T1123TS350_3o      350     ClusPro              0.047    0.053    2        A2       C2        2        2.28     28       0        2.5      4.10       1.80        0.424      0.022      0.23           1          214        0.00     8.74       20.12      15262.8    5789.4     9473.4     0.416     c3:10.79; c2:1.59
178 T1123TS494_5o      494     Venclovas            0.047    0.063    2        A2       C2        2        5.07     87       0        4.4      5.70       3.60        0.183      0.070      0.19           1          136        0.00     9.86       16.13      6733.5     1069.9     5663.6     0.352     c3:9.77; c2:3.59
179 T1123TS205_3o      205     Zou                  0.046    0.053    2        A2       C2        2        2.44     100      4        6.2      7.50       5.40        0.391      0.063      0.10           1          174        0.00     9.88       12.81      18212.2    6371.5     11840.7    0.381     c3:9.80; c2:1.60
180 T1123TS291_5o      291     Kozakov-Vajda        0.044    0.048    2        A2       C2        2        0.62     40       0        0.0      0.00       0.00        0.389      0.043      0.16           1          174        0.00     9.90       16.44      14536.0    5710.9     8825.1     0.385     c3:11.65; c2:0.39
181 T1123TS350_5o      350     ClusPro              0.044    0.048    2        A2       C2        2        0.62     40       0        0.0      0.00       0.00        0.389      0.043      0.16           1          174        0.00     9.90       16.44      14536.0    5710.9     8825.1     0.385     c3:11.65; c2:0.39
182 T1123TS205_2o      205     Zou                  0.043    0.043    2        A2       C2        2        6.55     75       0        2.2      2.80       1.80        0.364      0.021      0.21           1          179        0.00     9.92       21.20      23867.6    8780.1     15087.6    0.346     c3:12.59; c2:4.34
183 T1123TS150_4o      150     Grudinin             0.042    0.051    2        A2       C2        2        0.00     49       0        2.5      4.40       1.80        0.517      0.034      0.18           1          214        0.00     7.49       17.00      13417.9    5406.9     8011.1     0.463     c3:10.16; c2:0.00
184 T1123TS169_3o      169     GuijunLab-Human      0.041    0.041    2        A2       C2        2        0.96     44       0        0.0      0.00       0.00        0.418      0.025      0.18           1          181        0.00     9.92       19.96      15414.4    6316.5     9097.9     0.371     c3:11.90; c2:0.62
185 T1123TS298_3o      298s    MUFold               0.041    0.045    2        A2       C1        2        0.00     36       0        1.2      1.70       0.90        0.407      0.024      0.10           1          181        0.00     9.97       18.81      19389.9    7210.5     12179.4    0.394     c3:13.02; c2:6.63
186 T1123TS348_1o      348     Takeda-Shitaka_Lab   0.038    0.060    2        A2       C2        2        0.61     123      0        1.6      1.50       1.80        0.527      0.035      0.31           1          214        0.00     5.37       14.41      7782.8     3170.0     4612.7     0.485     c3:10.99; c2:0.42
187 T1123TS205_1o      205     Zou                  0.037    0.046    2        A2       C2        2        0.53     82       0        3.8      4.20       3.60        0.430      0.038      0.24           1          211        0.00     9.96       16.07      13211.8    5406.8     7805.0     0.404     c3:11.56; c2:0.35
188 T1123TS165_4o      165     FTBiot0119           0.036    0.042    2        A2       C2        2        1.42     166      5        3.9      3.50       4.50        0.541      0.039      0.33           1          214        0.00     6.35       18.81      10178.0    3919.3     6258.6     0.494     c3:10.94; c2:0.80
189 T1123TS131_3o      131s    Kiharalab_Server     0.035    0.041    2        A2       C2        2        2.15     47       0        0.0      0.00       0.00        0.479      0.061      0.22           1          214        0.00     7.30       13.17      17133.5    6148.3     10985.2    0.509     c3:10.79; c2:1.49
190 T1123TS385_1o      385     FoldEver-Hybrid      0.035    0.035    2        A2       C2        2        2.58     117      11       0.9      0.80       0.90        0.460      0.071      0.15           1          214        0.00     8.75       10.58      18762.5    7796.9     10965.6    0.503     c3:12.27; c2:1.78
191 T1123TS239_5o      239s    Yang-Multimer        0.033    0.038    2        A2       C2        2        0.95     49       0        3.9      7.00       2.70        0.410      0.024      0.12           1          212        0.00     9.92       19.54      16951.9    6641.2     10310.7    0.351     c3:11.94; c2:0.64
192 T1123TS320_4o      320     Elofsson             0.033    0.033    2        A2       C2        2        6.24     41       0        5.4      11.10      3.60        0.248      0.049      0.18           1          31         0.00     9.56       15.65      25436.2    8750.9     16685.3    0.328     c3:11.21; c2:4.40
193 T1123TS399_2o      399     BeijingAIProtein     0.030    0.034    2        A2       C2        2        1.03     54       0        0.0      0.00       0.00        0.406      0.048      0.21           1          214        0.00     8.50       12.17      12385.0    4746.4     7638.6     0.417     c3:10.04; c2:0.67
194 T1123TS205_5o      205     Zou                  0.030    0.030    2        A2       C2        2        1.46     35       0        0.0      0.00       0.00        0.403      0.014      0.11           1          187        0.00     9.95       22.43      15507.0    5701.7     9805.4     0.367     c3:11.98; c2:0.94
195 T1123TS054_2o      054     UltraFold            0.030    0.034    2        A2       C2        2        1.03     54       0        0.0      0.00       0.00        0.406      0.048      0.21           1          214        0.00     8.50       12.17      12385.0    4746.4     7638.6     0.417     c3:10.04; c2:0.67
196 T1123TS125_2o      125s    UltraFold_Server     0.030    0.034    2        A2       C2        2        1.03     54       0        0.0      0.00       0.00        0.406      0.048      0.21           1          214        0.00     8.50       12.17      12385.0    4746.4     7638.6     0.417     c3:10.04; c2:0.67
197 T1123TS298_2o      298s    MUFold               0.029    0.034    2        A2       C1        2        0.00     54       0        1.1      1.50       0.90        0.446      0.023      0.17           1          195        0.00     9.98       19.58      16838.0    6351.3     10486.7    0.413     c3:16.61; c2:14.67
198 T1123TS461_3o      461     colabfold_human      0.029    0.030    2        A2       C2        2        2.28     111      0        3.7      3.90       3.60        0.320      0.031      0.20           1          28         0.00     9.95       21.51      19838.3    6854.1     12984.2    0.320     c3:11.84; c2:1.41
199 T1123TS446_3o      446s    ColabFold            0.029    0.030    2        A2       C2        2        2.28     111      0        3.7      3.90       3.60        0.320      0.031      0.20           1          28         0.00     9.95       21.51      19838.3    6854.1     12984.2    0.320     c3:11.84; c2:1.41
200 T1123TS239_4o      239s    Yang-Multimer        0.025    0.025    2        A2       C2        2        0.56     29       1        0.0      0.00       0.00        0.447      0.027      0.22           1          211        0.00     7.89       16.11      6646.8     2532.6     4114.2     0.428     c3:9.75; c2:0.38
201 T1123TS493_4o      493     Shen-CAPRI           0.025    0.028    2        A2       C2        2        4.07     33       0        0.0      0.00       0.00        0.561      0.033      0.13           1          214        0.00     5.70       15.23      15073.6    5870.6     9203.0     0.505     c3:11.37; c2:2.62
202 T1123TS150_2o      150     Grudinin             0.025    0.029    2        A2       C2        2        0.00     91       3        0.0      0.00       0.00        0.511      0.043      0.20           1          214        0.00     7.30       12.32      9635.0     3665.2     5969.8     0.475     c3:10.06; c2:0.00
203 T1123TS348_2o      348     Takeda-Shitaka_Lab   0.024    0.031    2        A2       C2        2        5.26     73       1        0.0      0.00       0.00        0.504      0.031      0.27           1          214        0.00     7.22       15.38      12798.0    5245.1     7552.9     0.465     c3:12.33; c2:3.50
204 T1123TS314_3o      314     Pierce               0.024    0.029    2        A2       C2        2        0.00     185      0        0.7      0.60       0.90        0.606      0.035      0.28           1          214        0.00     7.21       13.73      9747.0     3952.1     5794.9     0.520     c3:23.68; c2:0.00
205 T1123TS348_3o      348     Takeda-Shitaka_Lab   0.024    0.034    2        A2       C1        2        0.00     80       1        0.0      0.00       0.00        0.243      0.010      0.13           1          54         0.00     9.41       20.37      24070.0    8814.7     15255.3    0.215     c3:16.81; c2:15.23
206 T1123TS150_5o      150     Grudinin             0.023    0.025    2        A2       C2        2        0.00     30       1        0.0      0.00       0.00        0.571      0.032      0.13           1          214        0.00     5.64       15.25      15159.5    5780.7     9378.8     0.503     c3:12.98; c2:0.00
207 T1123TS131_5o      131s    Kiharalab_Server     0.022    0.024    2        A2       C1        2        0.00     31       0        2.6      5.00       1.80        0.424      0.058      0.12           1          199        0.00     9.78       18.27      23193.8    8190.8     15003.0    0.443     c3:12.65; c2:5.73
208 T1123TS390_3o      390s    NBIS-AF2-multimer    0.019    0.023    2        A2       C2        2        1.44     64       0        0.0      0.00       0.00        0.509      0.043      0.21           1          214        0.00     7.30       12.18      9577.9     3781.6     5796.3     0.477     c3:9.88; c2:1.00
209 T1123TS493_3o      493     Shen-CAPRI           0.019    0.022    2        A2       C2        2        2.78     63       0        0.0      0.00       0.00        0.503      0.041      0.20           1          214        0.00     7.36       12.29      9709.0     3902.6     5806.4     0.474     c3:10.22; c2:1.79
210 T1123TS360_4o      360     MUFold_H             0.019    0.023    2        A2       C2        2        1.44     64       0        0.0      0.00       0.00        0.509      0.043      0.21           1          214        0.00     7.30       12.18      9577.9     3781.6     5796.3     0.477     c3:9.88; c2:1.00
211 T1123TS360_3o      360     MUFold_H             0.018    0.020    2        A2       C2        2        1.08     41       1        0.0      0.00       0.00        0.420      0.030      0.12           1          188        0.00     9.96       16.17      16479.9    6036.0     10443.9    0.398     c3:11.86; c2:0.71
212 T1123TS205_4o      205     Zou                  0.018    0.020    2        A2       C2        2        1.80     47       0        0.0      0.00       0.00        0.389      0.036      0.09           1          171        0.00     9.89       15.75      18652.6    6499.7     12152.9    0.380     c3:11.60; c2:1.11
213 T1123TS320_5o      320     Elofsson             0.018    0.019    2        A2       C1        2        0.00     862      9        1.2      0.70       5.40        0.192      0.030      0.17           1          32         0.00     9.89       16.29      15108.1    5289.1     9819.1     0.283     c3:19.50; c2:23.84
214 T1123TS278_5o      278     PEZYFoldings         0.014    0.016    2        A2       C2        2        0.17     27       0        0.0      0.00       0.00        0.581      0.028      0.09           1          214        0.00     6.19       19.35      9187.7     3696.2     5491.5     0.467     c3:11.03; c2:0.12
215 T1123TS477_1o      477     DMP                  0.013    0.014    2        A2       C1        2        0.00     8        0        0.0      0.00       0.00        0.375      0.013      0.02           1          128        0.00     9.91       21.03      18957.6    7099.6     11858.0    0.333     c3:12.25; c2:10.20
216 T1123TS446_2o      446s    ColabFold            0.012    0.012    2        A2       C2        2        2.04     11       0        0.0      0.00       0.00        0.378      0.029      0.04           1          191        0.00     10.00      18.82      21656.2    7849.2     13807.0    0.356     c3:11.91; c2:1.38
217 T1123TS461_2o      461     colabfold_human      0.012    0.012    2        A2       C2        2        2.04     11       0        0.0      0.00       0.00        0.378      0.029      0.04           1          191        0.00     10.00      18.82      21656.2    7849.2     13807.0    0.356     c3:11.91; c2:1.38
218 T1123TS098_3o      098s    GuijunLab-Assembly   0.011    0.015    2        A2       C2        2        2.83     117      1        0.9      1.00       0.90        0.354      0.025      0.10           1          180        0.00     9.88       15.81      21821.1    7995.8     13825.3    0.356     c3:11.69; c2:1.88
219 T1123TS462_5o      462s    MultiFOLD            0.011    0.012    2        A2       C2        2        0.30     31       0        0.0      0.00       0.00        0.208      0.010      0.04           -          -          -        -          24.37      19923.8    7366.1     12557.7    0.198     c3:11.27; c2:0.18
220 T1123TS278_3o      278     PEZYFoldings         0.009    0.010    2        A2       C2        2        0.18     42       1        0.0      0.00       0.00        0.589      0.068      0.15           1          214        0.00     6.18       11.20      8030.1     3363.2     4666.9     0.528     c3:10.04; c2:0.12
221 T1123TS446_5o      446s    ColabFold            0.006    0.006    2        A2       C1        2        0.00     34       0        0.0      0.00       0.00        0.193      0.013      0.07           1          38         0.00     9.08       25.32      25421.5    8334.8     17086.7    0.195     c3:11.42; c2:5.01
222 T1123TS131_4o      131s    Kiharalab_Server     0.006    0.010    2        A2       C2        2        4.96     106      1        0.9      0.90       0.90        0.413      0.021      0.26           1          195        0.00     9.91       18.97      21041.6    7407.0     13634.6    0.392     c3:11.83; c2:3.45
223 T1123TS188_1o      188s    GuijunLab-DeepDA     0.006    0.007    2        A2       C1        2        0.00     33       1        0.0      0.00       0.00        0.388      0.016      0.06           1          168        0.00     9.91       23.33      18949.4    6882.7     12066.8    0.369     c3:12.22; c2:4.90
224 T1123TS461_5o      461     colabfold_human      0.006    0.006    2        A2       C1        2        0.00     34       0        0.0      0.00       0.00        0.193      0.013      0.07           1          38         0.00     9.08       25.32      25421.5    8334.8     17086.7    0.195     c3:11.42; c2:5.01
225 T1123TS462_4o      462s    MultiFOLD            0.003    0.003    2        A2       C2        2        0.67     5        0        0.0      0.00       0.00        0.208      0.010      0.05           -          -          -        -          24.52      20661.3    7695.7     12965.6    0.199     c3:10.08; c2:0.42
226 T1123TS098_4o      098s    GuijunLab-Assembly   0.003    0.003    2        A2       C2        2        4.92     41       1        0.0      0.00       0.00        0.404      0.024      0.05           1          181        0.00     9.93       17.33      19519.1    7377.4     12141.7    0.370     c3:10.98; c2:3.21
227 T1123TS350_2o      350     ClusPro              0.001    0.001    2        A2       C2        2        1.67     66       0        0.0      0.00       0.00        0.349      0.018      0.13           1          54         0.00     9.90       18.60      18393.8    6105.1     12288.7    0.368     c3:11.41; c2:1.05
228 T1123TS291_2o      291     Kozakov-Vajda        0.001    0.001    2        A2       C2        2        1.67     66       0        0.0      0.00       0.00        0.349      0.018      0.13           1          54         0.00     9.90       18.60      18393.8    6105.1     12288.7    0.368     c3:11.41; c2:1.05
229 T1123TS462_2o      462s    MultiFOLD            0.000    0.000    2        A2       C2        2        0.52     62       0        0.0      0.00       0.00        0.205      0.008      0.00           -          -          -        -          29.55      19174.2    6923.3     12250.9    0.190     c3:13.66; c2:0.31
230 T1123TS169_2o      169     GuijunLab-Human      0.000    0.000    2        A2       C2        2        4.87     187      13       0.0      0.00       0.00        0.425      0.009      0.02           1          213        0.00     9.90       20.01      17198.9    7075.2     10123.7    0.386     c3:10.61; c2:3.03
231 T1123TS291_1o      291     Kozakov-Vajda        0.000    0.000    2        A2       C2        2        0.51     42       0        0.0      0.00       0.00        0.259      0.015      0.17           1          61         0.00     9.96       21.46      20999.1    8141.3     12857.7    0.253     c3:11.55; c2:0.34
232 T1123TS169_5o      169     GuijunLab-Human      0.000    0.000    2        A2       C2        2        0.64     34       0        0.0      0.00       0.00        0.389      0.019      0.10           1          172        0.00     9.90       21.42      17746.0    6771.2     10974.8    0.358     c3:12.93; c2:0.42
233 T1123TS462_1o      462s    MultiFOLD            0.000    0.000    2        A2       C2        2        0.46     14       0        0.0      0.00       0.00        0.205      0.009      0.07           -          -          -        -          25.08      20160.0    7350.1     12809.9    0.197     c3:10.53; c2:0.29
234 T1123TS188_5o      188s    GuijunLab-DeepDA     0.000    0.001    2        A2       C2        2        1.78     45       1        0.0      0.00       0.00        0.395      0.016      0.00           1          168        0.00     9.91       24.24      19139.5    7217.9     11921.6    0.364     c3:13.08; c2:1.18
235 T1123TS187_1o      187     TRFold               0.000    0.000    2        A2       C1        2        0.00     168      2        0.0      0.00       0.00        0.360      0.018      0.12           1          174        0.00     9.99       20.72      3903.5     991.0      2912.5     0.346     c3:8.39; c2:6.62
236 T1123TS098_1o      098s    GuijunLab-Assembly   0.000    0.000    2        A2       C2        2        4.87     187      13       0.0      0.00       0.00        0.425      0.009      0.02           1          213        0.00     9.90       20.01      17198.9    7075.2     10123.7    0.386     c3:10.61; c2:3.03
237 T1123TS462_3o      462s    MultiFOLD            0.000    0.000    2        A2       C2        2        0.34     23       0        0.0      0.00       0.00        0.205      0.010      0.04           -          -          -        -          24.44      19895.6    7256.6     12639.0    0.193     c3:12.10; c2:0.20
238 T1123TS423_1o      423     trComplex            0.000    0.000    2        A2       C1        2        0.00     168      2        0.0      0.00       0.00        0.360      0.018      0.12           1          174        0.00     9.99       20.72      3903.5     991.0      2912.5     0.346     c3:8.39; c2:6.62
239 T1123TS446_4o      446s    ColabFold            0.000    0.000    2        A2       C2        2        1.08     11       0        0.0      0.00       0.00        0.209      0.010      0.00           1          70         0.00     9.99       23.46      29348.7    10667.5    18681.2    0.222     c3:13.47; c2:0.70
240 T1123TS188_2o      188s    GuijunLab-DeepDA     0.000    0.000    2        A2       C2        2        4.87     187      13       0.0      0.00       0.00        0.425      0.009      0.02           1          213        0.00     9.90       20.01      17198.9    7075.2     10123.7    0.386     c3:10.61; c2:3.03
241 T1123TS350_1o      350     ClusPro              0.000    0.000    2        A2       C2        2        0.51     42       0        0.0      0.00       0.00        0.259      0.015      0.17           1          61         0.00     9.96       21.46      20999.1    8141.3     12857.7    0.253     c3:11.55; c2:0.34
242 T1123TS461_4o      461     colabfold_human      0.000    0.000    2        A2       C2        2        1.08     11       0        0.0      0.00       0.00        0.209      0.010      0.00           1          70         0.00     9.99       23.46      29348.7    10667.5    18681.2    0.222     c3:13.47; c2:0.70