    Model              Gr.Code Group                QSglob   QSbest   Mol.Size Stoich.  Symm.     SymmSize SymmRMSD No.Conts No.Clash F1       Prec.Iface Recal.Iface lDDToligo  DockQ_Avg  Jaccard.Coeff. Align.Size Align.Len  Orient   LocalRMSD  Iface.RMSD SA.total   SA.polar  SA.apolar  TMscore    SymmGr.RMSD
1   T1127TS312_3o      312     Fernandez-Recio      0.955    0.955    2        A2       C2        2        0.62     224      0        89.1     89.80      88.40       0.866      0.852      0.91           2          398        0.04     1.30       0.88       -673.6     -22.4      -651.2     0.944     c3:11.06; c2:0.42
2   T1127TS239_1o      239s    Yang-Multimer        0.952    0.968    2        A2       C2        2        0.03     238      0        88.5     88.70      88.40       0.865      0.878      0.90           2          410        0.00     1.21       0.82       539.8      -556.1     1095.9     0.978     c3:11.41; c2:0.02
3   T1127TS054_1o      054     UltraFold            0.951    0.970    2        A2       C2        2        0.02     246      0        89.2     88.50      90.00       0.893      0.890      0.92           2          410        0.00     1.14       0.76       384.5      123.6      260.9      0.980     c3:11.39; c2:0.01
4   T1127TS399_1o      399     BeijingAIProtein     0.951    0.970    2        A2       C2        2        0.02     246      0        89.2     88.50      90.00       0.893      0.890      0.92           2          410        0.00     1.14       0.76       384.5      123.6      260.9      0.980     c3:11.39; c2:0.01
5   T1127TS187_3o      187     TRFold               0.951    0.969    2        A2       C2        2        0.03     243      0        89.1     88.20      90.00       0.894      0.890      0.91           2          410        0.00     1.09       0.78       485.8      137.0      348.7      0.981     c3:11.38; c2:0.02
6   T1127TS423_3o      423     trComplex            0.951    0.969    2        A2       C2        2        0.03     243      0        89.1     88.20      90.00       0.894      0.890      0.91           2          410        0.00     1.09       0.78       485.8      137.0      348.7      0.981     c3:11.38; c2:0.02
7   T1127TS125_1o      125s    UltraFold_Server     0.951    0.970    2        A2       C2        2        0.02     246      0        89.2     88.50      90.00       0.893      0.890      0.92           2          410        0.00     1.14       0.76       384.5      123.6      260.9      0.980     c3:11.39; c2:0.01
8   T1127TS446_4o      446s    ColabFold            0.950    0.967    2        A2       C2        2        0.05     240      0        89.6     87.70      91.60       0.892      0.884      0.90           2          410        0.00     1.18       0.85       491.8      318.4      173.4      0.979     c3:11.42; c2:0.03
9   T1127TS320_1o      320     Elofsson             0.950    0.969    2        A2       C2        2        0.02     244      0        89.4     89.20      89.60       0.894      0.882      0.91           2          410        0.01     1.15       0.81       -211.2     -61.6      -149.6     0.979     c3:11.36; c2:0.02
10  T1127TS390_1o      390s    NBIS-AF2-multimer    0.950    0.969    2        A2       C2        2        0.02     244      0        89.4     89.20      89.60       0.894      0.882      0.91           2          410        0.01     1.15       0.81       -211.2     -61.6      -149.6     0.979     c3:11.36; c2:0.02
11  T1127TS201_4o      201     UTMB                 0.950    0.966    2        A2       C2        2        0.03     241      0        89.3     87.90      90.80       0.894      0.881      0.90           2          410        0.00     1.19       0.85       399.9      230.5      169.4      0.978     c3:11.41; c2:0.02
12  T1127TS169_5o      169     GuijunLab-Human      0.950    0.968    2        A2       C2        2        0.03     245      0        89.7     88.60      90.80       0.892      0.889      0.90           2          410        0.00     1.17       0.80       405.1      89.3       315.8      0.979     c3:11.40; c2:0.02
13  T1127TS248_1o      248     Manifold             0.950    0.969    2        A2       C2        2        0.00     244      0        89.6     89.60      89.60       0.882      0.883      0.90           2          410        0.01     1.21       0.80       -500.1     -421.0     -79.1      0.977     c3:11.38; c2:0.00
14  T1127TS367_3o      367     MULTICOM             0.950    0.968    2        A2       C2        2        0.03     247      0        88.4     86.80      90.00       0.898      0.898      0.89           2          410        0.00     1.16       0.72       143.3      98.8       44.5       0.979     c3:11.38; c2:0.02
15  T1127TS304_1o      304     Manifold-X           0.950    0.969    2        A2       C2        2        0.00     244      0        89.6     89.60      89.60       0.882      0.883      0.90           2          410        0.01     1.21       0.80       -500.1     -421.0     -79.1      0.977     c3:11.38; c2:0.00
16  T1127TS298_5o      298s    MUFold               0.950    0.967    2        A2       C2        2        0.10     246      0        89.9     89.00      90.80       0.890      0.881      0.91           2          410        0.01     1.19       0.85       739.0      283.5      455.4      0.977     c3:11.43; c2:0.07
17  T1127TS035_1o      035s    Manifold-E           0.950    0.968    2        A2       C2        2        0.00     239      0        88.0     87.40      88.80       0.878      0.880      0.90           2          410        0.01     1.22       0.80       -689.0     -372.7     -316.3     0.977     c3:11.40; c2:0.00
18  T1127TS461_4o      461     colabfold_human      0.950    0.967    2        A2       C2        2        0.05     240      0        89.6     87.70      91.60       0.892      0.884      0.90           2          410        0.00     1.18       0.85       491.8      318.4      173.4      0.979     c3:11.42; c2:0.03
19  T1127TS314_1o      314     Pierce               0.950    0.969    2        A2       C2        2        0.02     244      0        89.4     89.20      89.60       0.894      0.882      0.91           2          410        0.01     1.15       0.81       -211.2     -61.6      -149.6     0.979     c3:11.36; c2:0.02
20  T1127TS150_1o      150     Grudinin             0.950    0.969    2        A2       C2        2        0.00     246      0        89.6     89.60      89.60       0.894      0.882      0.90           2          410        0.01     1.15       0.80       -212.6     -69.7      -142.9     0.979     c3:16.15; c2:0.00
21  T1127TS122_4o      122     zax                  0.950    0.967    2        A2       C2        2        0.05     240      0        89.6     87.70      91.60       0.892      0.884      0.90           2          410        0.00     1.18       0.85       491.8      318.4      173.4      0.979     c3:11.42; c2:0.03
22  T1127TS229_2o      229s    Yang-Server          0.949    0.969    2        A2       C2        2        0.03     246      0        90.0     90.00      90.00       0.870      0.888      0.91           2          410        0.01     1.20       0.77       -24.1      -719.9     695.8      0.978     c3:11.38; c2:0.02
23  T1127TS298_4o      298s    MUFold               0.949    0.968    2        A2       C2        2        0.02     247      0        89.6     89.60      89.60       0.892      0.881      0.91           2          410        0.01     1.15       0.81       429.6      192.5      237.1      0.979     c3:11.38; c2:0.01
24  T1127TS098_4o      098s    GuijunLab-Assembly   0.949    0.967    2        A2       C2        2        0.03     238      0        89.8     89.30      90.40       0.891      0.883      0.91           2          410        0.01     1.21       0.82       73.5       58.1       15.4       0.978     c3:11.38; c2:0.02
25  T1127TS169_2o      169     GuijunLab-Human      0.949    0.967    2        A2       C2        2        0.03     238      0        89.8     89.30      90.40       0.891      0.883      0.91           2          410        0.01     1.21       0.82       73.5       58.1       15.4       0.978     c3:11.38; c2:0.02
26  T1127TS239_2o      239s    Yang-Multimer        0.949    0.969    2        A2       C2        2        0.03     246      0        90.0     90.00      90.00       0.870      0.888      0.91           2          410        0.01     1.20       0.77       -24.1      -719.9     695.8      0.978     c3:11.38; c2:0.02
27  T1127TS046_1o      046s    Manifold-LC-E        0.949    0.968    2        A2       C2        2        0.00     240      0        88.4     86.50      90.40       0.877      0.882      0.91           2          410        0.01     1.25       0.81       -648.6     -282.8     -365.8     0.976     c3:11.40; c2:0.00
28  T1127TS098_2o      098s    GuijunLab-Assembly   0.949    0.967    2        A2       C2        2        0.03     238      0        89.8     89.30      90.40       0.891      0.883      0.91           2          410        0.01     1.21       0.82       73.5       58.1       15.4       0.978     c3:11.38; c2:0.02
29  T1127TS122_1o      122     zax                  0.948    0.969    2        A2       C2        2        0.02     244      0        88.5     86.30      90.80       0.900      0.891      0.91           2          410        0.01     1.14       0.76       -24.3      216.5      -240.7     0.980     c3:11.38; c2:0.02
30  T1127TS098_3o      098s    GuijunLab-Assembly   0.948    0.968    2        A2       C2        2        0.03     248      0        89.5     88.60      90.40       0.890      0.883      0.91           2          410        0.01     1.13       0.82       493.3      219.4      273.9      0.979     c3:11.38; c2:0.02
31  T1127TS098_1o      098s    GuijunLab-Assembly   0.948    0.968    2        A2       C2        2        0.03     248      0        89.5     88.60      90.40       0.890      0.883      0.91           2          410        0.01     1.13       0.82       493.3      219.4      273.9      0.979     c3:11.38; c2:0.02
32  T1127TS461_1o      461     colabfold_human      0.948    0.969    2        A2       C2        2        0.02     244      0        88.5     86.30      90.80       0.900      0.891      0.91           2          410        0.01     1.14       0.76       -24.3      216.5      -240.7     0.980     c3:11.38; c2:0.02
33  T1127TS367_1o      367     MULTICOM             0.948    0.967    2        A2       C2        2        0.02     246      0        89.6     88.90      90.40       0.898      0.890      0.91           2          410        0.01     1.14       0.81       16.8       92.4       -75.6      0.979     c3:11.40; c2:0.01
34  T1127TS188_5o      188s    GuijunLab-DeepDA     0.948    0.968    2        A2       C2        2        0.03     248      0        89.5     88.60      90.40       0.890      0.883      0.91           2          410        0.01     1.13       0.82       493.3      219.4      273.9      0.979     c3:11.38; c2:0.02
35  T1127TS348_3o      348     Takeda-Shitaka_Lab   0.948    0.969    2        A2       C2        2        0.03     244      0        90.1     89.00      91.20       0.898      0.892      0.93           2          410        0.01     1.15       0.77       560.2      311.6      248.6      0.979     c3:11.48; c2:0.02
36  T1127TS439_1o      439     Yang                 0.948    0.968    2        A2       C2        2        0.02     245      0        88.5     87.50      89.60       0.870      0.884      0.92           2          410        0.01     1.18       0.78       121.8      -567.4     689.2      0.978     c3:11.38; c2:0.01
37  T1127TS239_3o      239s    Yang-Multimer        0.948    0.967    2        A2       C2        2        0.03     241      0        87.7     86.70      88.80       0.858      0.861      0.91           2          410        0.01     1.26       0.92       270.2      -507.6     777.9      0.975     c3:11.38; c2:0.02
38  T1127TS472_1o      472     ddquest              0.948    0.970    2        A2       C2        2        0.03     244      0        88.5     85.70      91.60       0.902      0.897      0.93           2          410        0.01     1.13       0.74       168.0      307.8      -139.8     0.980     c3:11.37; c2:0.02
39  T1127TS446_1o      446s    ColabFold            0.948    0.969    2        A2       C2        2        0.02     244      0        88.5     86.30      90.80       0.900      0.891      0.91           2          410        0.01     1.14       0.76       -24.3      216.5      -240.7     0.980     c3:11.38; c2:0.02
40  T1127TS046_3o      046s    Manifold-LC-E        0.948    0.968    2        A2       C2        2        0.25     249      0        87.6     88.50      86.70       0.879      0.859      0.91           2          410        0.02     1.27       0.85       -332.1     -193.6     -138.5     0.975     c3:11.29; c2:0.14
41  T1127TS169_1o      169     GuijunLab-Human      0.948    0.968    2        A2       C2        2        0.03     248      0        89.5     88.60      90.40       0.890      0.883      0.91           2          410        0.01     1.13       0.82       493.3      219.4      273.9      0.979     c3:11.38; c2:0.02
42  T1127TS278_1o      278     PEZYFoldings         0.948    0.969    2        A2       C2        2        0.02     249      0        87.6     85.80      89.60       0.880      0.872      0.91           2          410        0.01     1.23       0.84       -563.6     -267.7     -295.9     0.976     c3:11.36; c2:0.01
43  T1127TS035_3o      035s    Manifold-E           0.948    0.968    2        A2       C2        2        0.25     249      0        87.6     88.50      86.70       0.879      0.859      0.91           2          410        0.02     1.27       0.85       -332.1     -193.6     -138.5     0.975     c3:11.29; c2:0.14
44  T1127TS098_5o      098s    GuijunLab-Assembly   0.948    0.968    2        A2       C2        2        0.03     248      0        89.5     88.60      90.40       0.890      0.883      0.91           2          410        0.01     1.13       0.82       493.3      219.4      273.9      0.979     c3:11.38; c2:0.02
45  T1127TS037_1o      037     Wallner              0.948    0.969    2        A2       C2        2        0.11     247      0        90.0     89.60      90.40       0.895      0.883      0.92           2          410        0.01     1.15       0.80       153.6      315.9      -162.3     0.979     c3:11.38; c2:0.08
46  T1127TS439_5o      439     Yang                 0.948    0.967    2        A2       C2        2        0.03     239      0        88.2     88.00      88.40       0.867      0.877      0.91           2          410        0.00     1.23       0.82       740.0      -412.1     1152.2     0.977     c3:11.41; c2:0.02
47  T1127TS229_1o      229s    Yang-Server          0.948    0.969    2        A2       C2        2        0.03     248      0        87.9     86.70      89.20       0.870      0.882      0.91           2          410        0.01     1.21       0.77       -73.5      -720.2     646.7      0.977     c3:11.38; c2:0.02
48  T1127TS229_3o      229s    Yang-Server          0.948    0.967    2        A2       C2        2        0.03     241      0        87.7     86.70      88.80       0.858      0.861      0.91           2          410        0.01     1.26       0.92       270.2      -507.6     777.9      0.975     c3:11.38; c2:0.02
49  T1127TS201_1o      201     UTMB                 0.947    0.969    2        A2       C2        2        0.03     243      0        88.4     85.40      91.60       0.902      0.893      0.91           2          410        0.01     1.15       0.75       77.6       321.7      -244.1     0.979     c3:11.38; c2:0.02
50  T1127TS201_3o      201     UTMB                 0.947    0.967    2        A2       C2        2        0.02     245      0        89.7     88.60      90.80       0.895      0.893      0.91           2          410        0.01     1.16       0.79       309.7      238.0      71.7       0.979     c3:11.38; c2:0.01
51  T1127TS320_5o      320     Elofsson             0.947    0.968    2        A2       C2        2        0.03     246      0        90.8     90.10      91.60       0.897      0.892      0.93           2          410        0.01     1.19       0.78       -233.4     91.8       -325.3     0.978     c3:11.38; c2:0.02
52  T1127TS446_2o      446s    ColabFold            0.947    0.967    2        A2       C2        2        0.02     245      0        89.8     88.00      91.60       0.893      0.888      0.90           2          410        0.01     1.17       0.81       280.2      225.7      54.5       0.978     c3:11.38; c2:0.02
53  T1127TS003_4o      003     MULTICOM_human       0.947    0.969    2        A2       C2        2        0.02     249      0        89.9     89.00      90.80       0.900      0.896      0.90           2          410        0.01     1.10       0.75       8.0        189.8      -181.8     0.980     c3:11.37; c2:0.01
54  T1127TS367_5o      367     MULTICOM             0.947    0.969    2        A2       C2        2        0.02     249      0        89.9     89.00      90.80       0.900      0.896      0.90           2          410        0.01     1.10       0.75       8.0        189.8      -181.8     0.980     c3:11.37; c2:0.01
55  T1127TS314_5o      314     Pierce               0.947    0.968    2        A2       C2        2        0.03     246      0        90.8     90.10      91.60       0.897      0.892      0.93           2          410        0.01     1.19       0.78       -233.4     91.8       -325.3     0.978     c3:11.38; c2:0.02
56  T1127TS229_5o      229s    Yang-Server          0.947    0.969    2        A2       C2        2        0.03     239      0        88.1     87.10      89.20       0.864      0.884      0.91           2          410        0.01     1.16       0.78       650.3      -427.2     1077.5     0.979     c3:11.42; c2:0.02
57  T1127TS390_5o      390s    NBIS-AF2-multimer    0.947    0.968    2        A2       C2        2        0.03     246      0        90.8     90.10      91.60       0.897      0.892      0.93           2          410        0.01     1.19       0.78       -233.4     91.8       -325.3     0.978     c3:11.38; c2:0.02
58  T1127TS239_5o      239s    Yang-Multimer        0.947    0.969    2        A2       C2        2        0.03     239      0        88.1     87.10      89.20       0.864      0.884      0.91           2          410        0.01     1.16       0.78       650.3      -427.2     1077.5     0.979     c3:11.42; c2:0.02
59  T1127TS348_1o      348     Takeda-Shitaka_Lab   0.947    0.968    2        A2       C2        2        0.03     246      0        90.8     90.10      91.60       0.897      0.892      0.93           2          410        0.01     1.19       0.78       -237.6     50.2       -287.8     0.978     c3:11.38; c2:0.02
60  T1127TS461_2o      461     colabfold_human      0.947    0.967    2        A2       C2        2        0.02     245      0        89.8     88.00      91.60       0.893      0.888      0.90           2          410        0.01     1.17       0.81       280.2      225.7      54.5       0.978     c3:11.38; c2:0.02
61  T1127TS122_2o      122     zax                  0.947    0.967    2        A2       C2        2        0.02     245      0        89.8     88.00      91.60       0.893      0.888      0.90           2          410        0.01     1.17       0.81       280.2      225.7      54.5       0.978     c3:11.38; c2:0.02
62  T1127TS150_5o      150     Grudinin             0.947    0.968    2        A2       C2        2        0.00     246      0        90.8     90.40      91.20       0.896      0.891      0.92           2          410        0.01     1.19       0.78       -220.1     112.0      -332.1     0.978     c3:11.49; c2:0.00
63  T1127TS461_5o      461     colabfold_human      0.946    0.966    2        A2       C2        2        0.04     243      0        88.6     86.90      90.40       0.888      0.877      0.90           2          410        0.01     1.21       0.87       591.3      683.5      -92.2      0.977     c3:11.41; c2:0.02
64  T1127TS446_5o      446s    ColabFold            0.946    0.966    2        A2       C2        2        0.04     243      0        88.6     86.90      90.40       0.888      0.877      0.90           2          410        0.01     1.21       0.87       591.3      683.5      -92.2      0.977     c3:11.41; c2:0.02
65  T1127TS439_2o      439     Yang                 0.946    0.967    2        A2       C2        2        0.01     237      0        88.2     88.00      88.40       0.865      0.882      0.92           2          410        0.01     1.16       0.78       475.0      -280.1     755.1      0.979     c3:11.38; c2:0.01
66  T1127TS201_2o      201     UTMB                 0.946    0.968    2        A2       C2        2        0.02     240      0        88.8     86.60      91.20       0.897      0.888      0.91           2          410        0.01     1.13       0.79       136.1      336.6      -200.4     0.980     c3:11.37; c2:0.02
67  T1127TS439_4o      439     Yang                 0.946    0.967    2        A2       C2        2        0.01     239      0        87.8     87.30      88.40       0.864      0.881      0.92           2          410        0.01     1.15       0.79       821.2      -227.6     1048.8     0.979     c3:11.41; c2:0.01
68  T1127TS122_5o      122     zax                  0.946    0.966    2        A2       C2        2        0.04     243      0        88.6     86.90      90.40       0.888      0.877      0.90           2          410        0.01     1.21       0.87       591.3      683.5      -92.2      0.977     c3:11.41; c2:0.02
69  T1127TS291_5o      291     Kozakov-Vajda        0.946    0.964    2        A2       C2        2        0.03     254      0        88.9     84.70      93.60       0.872      0.892      0.94           2          410        0.00     1.20       0.81       -377.9     -144.9     -233.0     0.978     c3:11.38; c2:0.02
70  T1127TS201_5o      201     UTMB                 0.946    0.966    2        A2       C2        2        0.03     250      0        89.5     86.80      92.40       0.888      0.883      0.92           2          410        0.01     1.21       0.87       301.2      467.3      -166.1     0.977     c3:11.37; c2:0.02
71  T1127TS439_3o      439     Yang                 0.946    0.965    2        A2       C2        2        0.01     241      0        87.4     85.70      89.20       0.852      0.861      0.92           2          410        0.01     1.25       0.92       425.1      -339.6     764.7      0.975     c3:11.37; c2:0.01
72  T1127TS205_5o      205     Zou                  0.945    0.967    2        A2       C2        2        0.08     248      0        88.4     87.70      89.20       0.888      0.878      0.91           2          410        0.01     1.17       0.80       420.3      96.0       324.4      0.978     c3:11.44; c2:0.06
73  T1127TS278_3o      278     PEZYFoldings         0.945    0.968    2        A2       C2        2        0.03     242      0        88.4     86.80      90.00       0.879      0.875      0.91           2          410        0.01     1.19       0.85       -38.8      152.9      -191.7     0.977     c3:11.37; c2:0.02
74  T1127TS494_2o      494     Venclovas            0.944    0.960    2        A2       C2        2        0.11     241      0        89.2     88.50      90.00       0.881      0.868      0.92           2          410        0.01     1.21       0.94       880.1      484.4      395.7      0.976     c3:11.42; c2:0.08
75  T1127TS444_3o      444     CoDock               0.943    0.959    2        A2       C2        2        0.17     240      0        87.1     86.20      88.00       0.851      0.852      0.92           2          410        0.00     1.31       0.94       -220.3     96.6       -316.9     0.973     c3:11.42; c2:0.12
76  T1127TS304_3o      304     Manifold-X           0.943    0.963    2        A2       C2        2        0.28     242      2        88.9     91.10      86.70       0.879      0.854      0.91           2          410        0.02     1.26       0.85       -168.8     -267.0     98.2       0.975     c3:11.24; c2:0.16
77  T1127TS248_3o      248     Manifold             0.943    0.963    2        A2       C2        2        0.28     242      2        88.9     91.10      86.70       0.879      0.854      0.91           2          410        0.02     1.26       0.85       -168.8     -267.0     98.2       0.975     c3:11.24; c2:0.16
78  T1127TS374_1o      374     Zheng                0.942    0.958    2        A2       C2        2        0.03     247      0        88.7     89.10      88.40       0.887      0.870      0.90           2          410        0.01     1.29       0.86       -656.8     -222.3     -434.5     0.975     c3:11.33; c2:0.02
79  T1127TS461_3o      461     colabfold_human      0.941    0.964    2        A2       C2        2        0.02     244      0        88.5     85.70      91.60       0.895      0.887      0.91           2          410        0.01     1.16       0.82       359.6      400.8      -41.2      0.979     c3:11.38; c2:0.01
80  T1127TS239_4o      239s    Yang-Multimer        0.941    0.965    2        A2       C2        2        0.02     256      0        88.2     86.50      90.00       0.857      0.880      0.89           2          410        0.01     1.26       0.81       -112.0     -799.4     687.4      0.976     c3:11.37; c2:0.02
81  T1127TS003_3o      003     MULTICOM_human       0.941    0.963    2        A2       C2        2        0.03     240      0        89.5     88.30      90.80       0.893      0.886      0.92           2          410        0.00     1.21       0.84       178.1      174.8      3.2        0.977     c3:11.39; c2:0.02
82  T1127TS374_3o      374     Zheng                0.941    0.956    2        A2       C2        2        0.04     248      0        87.9     88.30      87.60       0.882      0.865      0.90           2          410        0.01     1.27       0.88       -404.1     -176.3     -227.8     0.975     c3:11.35; c2:0.03
83  T1127TS229_4o      229s    Yang-Server          0.941    0.965    2        A2       C2        2        0.02     256      0        88.2     86.50      90.00       0.857      0.880      0.89           2          410        0.01     1.26       0.81       -112.0     -799.4     687.4      0.976     c3:11.37; c2:0.02
84  T1127TS446_3o      446s    ColabFold            0.941    0.964    2        A2       C2        2        0.02     244      0        88.5     85.70      91.60       0.895      0.887      0.91           2          410        0.01     1.16       0.82       359.6      400.8      -41.2      0.979     c3:11.38; c2:0.01
85  T1127TS367_2o      367     MULTICOM             0.941    0.963    2        A2       C2        2        0.03     240      0        89.5     88.30      90.80       0.893      0.886      0.92           2          410        0.00     1.21       0.84       178.1      174.8      3.2        0.977     c3:11.39; c2:0.02
86  T1127TS122_3o      122     zax                  0.941    0.964    2        A2       C2        2        0.02     244      0        88.5     85.70      91.60       0.895      0.887      0.91           2          410        0.01     1.16       0.82       359.6      400.8      -41.2      0.979     c3:11.38; c2:0.01
87  T1127TS169_3o      169     GuijunLab-Human      0.940    0.961    2        A2       C2        2        0.02     251      0        89.4     87.60      91.20       0.882      0.885      0.91           2          410        0.00     1.24       0.85       396.4      348.1      48.2       0.977     c3:11.38; c2:0.02
88  T1127TS367_4o      367     MULTICOM             0.940    0.962    2        A2       C2        2        0.02     239      0        89.3     87.90      90.80       0.892      0.887      0.91           2          410        0.00     1.23       0.84       188.4      180.2      8.2        0.977     c3:11.40; c2:0.01
89  T1127TS348_5o      348     Takeda-Shitaka_Lab   0.940    0.962    2        A2       C2        2        0.03     244      0        89.8     89.60      90.00       0.894      0.883      0.93           2          410        0.00     1.15       0.83       565.7      326.0      239.7      0.979     c3:11.46; c2:0.02
90  T1127TS188_4o      188s    GuijunLab-DeepDA     0.940    0.961    2        A2       C2        2        0.02     251      0        89.4     87.60      91.20       0.882      0.885      0.91           2          410        0.00     1.24       0.85       396.4      348.1      48.2       0.977     c3:11.38; c2:0.02
91  T1127TS374_2o      374     Zheng                0.940    0.958    2        A2       C2        2        0.06     252      0        88.7     89.10      88.40       0.884      0.869      0.91           2          410        0.01     1.31       0.86       -550.6     -47.9      -502.8     0.974     c3:11.33; c2:0.04
92  T1127TS374_5o      374     Zheng                0.939    0.958    2        A2       C2        2        0.03     244      0        89.6     88.90      90.40       0.883      0.879      0.90           2          410        0.01     1.28       0.85       -261.7     -78.6      -183.1     0.974     c3:11.36; c2:0.02
93  T1127TS291_4o      291     Kozakov-Vajda        0.939    0.958    2        A2       C2        2        0.03     246      0        88.7     83.60      94.40       0.872      0.886      0.92           2          410        0.01     1.21       0.89       -315.8     -39.3      -276.5     0.976     c3:11.38; c2:0.02
94  T1127TS125_4o      125s    UltraFold_Server     0.938    0.958    2        A2       C2        2        0.02     246      0        89.3     86.50      92.40       0.889      0.880      0.90           2          410        0.01     1.20       0.91       548.7      334.0      214.7      0.977     c3:11.38; c2:0.02
95  T1127TS054_4o      054     UltraFold            0.938    0.958    2        A2       C2        2        0.02     246      0        89.3     86.50      92.40       0.889      0.880      0.90           2          410        0.01     1.20       0.91       548.7      334.0      214.7      0.977     c3:11.38; c2:0.02
96  T1127TS399_4o      399     BeijingAIProtein     0.938    0.958    2        A2       C2        2        0.02     246      0        89.3     86.50      92.40       0.889      0.880      0.90           2          410        0.01     1.20       0.91       548.7      334.0      214.7      0.977     c3:11.38; c2:0.02
97  T1127TS091_3o      091     UNRES                0.937    0.951    2        A2       C2        2        0.44     244      1        86.3     86.30      86.30       0.811      0.847      0.88           2          410        0.01     1.28       0.93       1353.7     464.7      889.0      0.974     c3:11.38; c2:0.30
98  T1127TS399_3o      399     BeijingAIProtein     0.937    0.959    2        A2       C2        2        0.03     245      0        88.1     86.80      89.60       0.886      0.880      0.90           2          410        0.01     1.19       0.85       627.3      396.9      230.4      0.978     c3:11.46; c2:0.02
99  T1127TS054_3o      054     UltraFold            0.937    0.959    2        A2       C2        2        0.03     245      0        88.1     86.80      89.60       0.886      0.880      0.90           2          410        0.01     1.19       0.85       627.3      396.9      230.4      0.978     c3:11.46; c2:0.02
100 T1127TS035_4o      035s    Manifold-E           0.937    0.954    2        A2       C2        2        0.18     247      0        85.0     83.40      86.70       0.875      0.860      0.91           2          410        0.02     1.25       0.91       -759.9     -343.5     -416.4     0.976     c3:11.30; c2:0.11
101 T1127TS091_5o      091     UNRES                0.937    0.952    2        A2       C2        2        0.46     238      0        88.8     90.10      87.60       0.822      0.862      0.91           2          410        0.00     1.24       0.89       1315.1     281.6      1033.4     0.976     c3:11.44; c2:0.33
102 T1127TS348_2o      348     Takeda-Shitaka_Lab   0.937    0.958    2        A2       C2        2        0.02     248      0        89.9     88.70      91.20       0.889      0.884      0.93           2          410        0.00     1.26       0.86       270.6      309.1      -38.5      0.976     c3:11.38; c2:0.01
103 T1127TS125_3o      125s    UltraFold_Server     0.937    0.959    2        A2       C2        2        0.03     245      0        88.1     86.80      89.60       0.886      0.880      0.90           2          410        0.01     1.19       0.85       627.3      396.9      230.4      0.978     c3:11.46; c2:0.02
104 T1127TS494_1o      494     Venclovas            0.937    0.953    2        A2       C2        2        0.16     235      0        88.1     88.30      88.00       0.879      0.866      0.91           2          410        0.01     1.21       0.85       524.2      505.2      19.0       0.976     c3:11.41; c2:0.12
105 T1127TS046_4o      046s    Manifold-LC-E        0.937    0.954    2        A2       C2        2        0.18     247      0        85.0     83.40      86.70       0.875      0.860      0.91           2          410        0.02     1.25       0.91       -759.9     -343.5     -416.4     0.976     c3:11.30; c2:0.11
106 T1127TS360_5o      360     MUFold_H             0.936    0.959    2        A2       C2        2        0.03     245      0        89.0     87.00      91.20       0.890      0.878      0.90           2          410        0.01     1.25       0.89       532.8      408.3      124.6      0.976     c3:11.38; c2:0.02
107 T1127TS291_3o      291     Kozakov-Vajda        0.936    0.957    2        A2       C2        2        0.05     255      0        88.9     84.70      93.60       0.874      0.889      0.92           2          410        0.01     1.19       0.86       -856.7     -252.0     -604.7     0.977     c3:11.34; c2:0.03
108 T1127TS188_1o      188s    GuijunLab-DeepDA     0.935    0.949    2        A2       C2        2        0.32     237      0        86.2     91.40      81.50       0.869      0.832      0.84           2          410        0.02     1.34       0.88       1154.2     499.4      654.8      0.972     c3:11.29; c2:0.19
109 T1127TS003_5o      003     MULTICOM_human       0.935    0.956    2        A2       C2        2        0.02     248      0        87.8     86.10      89.60       0.886      0.869      0.89           2          410        0.01     1.23       0.91       -15.8      177.0      -192.8     0.976     c3:11.33; c2:0.01
110 T1127TS350_3o      350     ClusPro              0.935    0.956    2        A2       C2        2        0.03     255      0        87.2     83.00      92.00       0.870      0.883      0.89           2          410        0.00     1.23       0.88       -530.3     -74.9      -455.4     0.977     c3:11.32; c2:0.02
111 T1127TS298_3o      298s    MUFold               0.935    0.958    2        A2       C2        2        0.03     247      0        88.1     85.60      90.80       0.889      0.878      0.89           2          410        0.01     1.20       0.88       469.2      350.5      118.7      0.977     c3:11.37; c2:0.02
112 T1127TS150_3o      150     Grudinin             0.935    0.958    2        A2       C2        2        0.00     245      0        89.1     86.70      91.60       0.891      0.883      0.91           2          410        0.01     1.19       0.87       439.3      247.5      191.8      0.977     c3:11.39; c2:0.00
113 T1127TS245_1o      245s    FoldEver             0.935    0.956    2        A2       C2        2        0.03     242      0        89.2     89.20      89.20       0.889      0.875      0.94           2          410        0.00     1.28       0.87       222.3      116.5      105.8      0.976     c3:11.41; c2:0.02
114 T1127TS350_4o      350     ClusPro              0.935    0.956    2        A2       C2        2        0.03     254      0        87.2     83.00      92.00       0.869      0.883      0.89           2          410        0.00     1.23       0.88       -551.1     -149.5     -401.6     0.977     c3:11.32; c2:0.02
115 T1127TS360_2o      360     MUFold_H             0.935    0.958    2        A2       C2        2        0.02     248      0        88.2     85.30      91.20       0.890      0.880      0.89           2          410        0.01     1.21       0.88       209.4      394.6      -185.2     0.977     c3:11.35; c2:0.02
116 T1127TS320_3o      320     Elofsson             0.935    0.958    2        A2       C2        2        0.03     244      0        89.0     87.00      91.20       0.891      0.881      0.91           2          410        0.01     1.19       0.87       443.3      249.8      193.5      0.977     c3:11.38; c2:0.02
117 T1127TS348_4o      348     Takeda-Shitaka_Lab   0.935    0.958    2        A2       C2        2        0.02     241      0        88.8     86.90      90.80       0.889      0.878      0.91           2          410        0.01     1.18       0.88       602.6      388.9      213.7      0.978     c3:11.39; c2:0.02
118 T1127TS169_4o      169     GuijunLab-Human      0.935    0.958    2        A2       C2        2        0.02     242      0        88.8     86.90      90.80       0.888      0.876      0.90           2          410        0.01     1.25       0.89       583.3      317.9      265.4      0.976     c3:11.39; c2:0.01
119 T1127TS360_1o      360     MUFold_H             0.935    0.958    2        A2       C2        2        0.03     247      0        88.1     85.60      90.80       0.889      0.878      0.89           2          410        0.01     1.20       0.88       469.2      350.5      118.7      0.977     c3:11.37; c2:0.02
120 T1127TS399_2o      399     BeijingAIProtein     0.935    0.959    2        A2       C2        2        0.03     245      0        87.8     85.80      90.00       0.887      0.881      0.90           2          410        0.00     1.22       0.85       445.3      265.5      179.9      0.977     c3:11.37; c2:0.02
121 T1127TS298_2o      298s    MUFold               0.935    0.958    2        A2       C2        2        0.03     247      0        88.6     86.60      90.80       0.890      0.873      0.90           2          410        0.01     1.20       0.90       540.8      394.4      146.4      0.977     c3:11.36; c2:0.02
122 T1127TS291_1o      291     Kozakov-Vajda        0.935    0.956    2        A2       C2        2        0.03     255      0        87.7     83.10      92.80       0.873      0.886      0.90           2          410        0.00     1.23       0.88       -525.5     -5.6       -520.0     0.977     c3:11.32; c2:0.02
123 T1127TS374_4o      374     Zheng                0.935    0.957    2        A2       C2        2        0.02     245      0        88.8     87.20      90.40       0.878      0.871      0.89           2          410        0.01     1.21       0.92       612.7      385.7      227.0      0.977     c3:11.37; c2:0.01
124 T1127TS360_4o      360     MUFold_H             0.935    0.958    2        A2       C2        2        0.03     244      0        89.0     87.00      91.20       0.891      0.881      0.91           2          410        0.01     1.19       0.87       443.3      249.8      193.5      0.977     c3:11.38; c2:0.02
125 T1127TS054_2o      054     UltraFold            0.935    0.959    2        A2       C2        2        0.03     245      0        87.8     85.80      90.00       0.887      0.881      0.90           2          410        0.00     1.22       0.85       445.3      265.5      179.9      0.977     c3:11.37; c2:0.02
126 T1127TS125_2o      125s    UltraFold_Server     0.935    0.959    2        A2       C2        2        0.03     245      0        87.8     85.80      90.00       0.887      0.881      0.90           2          410        0.00     1.22       0.85       445.3      265.5      179.9      0.977     c3:11.37; c2:0.02
127 T1127TS314_3o      314     Pierce               0.935    0.958    2        A2       C2        2        0.03     244      0        89.0     87.00      91.20       0.891      0.881      0.91           2          410        0.01     1.19       0.87       443.3      249.8      193.5      0.977     c3:11.38; c2:0.02
128 T1127TS390_3o      390s    NBIS-AF2-multimer    0.935    0.958    2        A2       C2        2        0.03     244      0        89.0     87.00      91.20       0.891      0.881      0.91           2          410        0.01     1.19       0.87       443.3      249.8      193.5      0.977     c3:11.38; c2:0.02
129 T1127TS180_1o      180     McGuffin             0.934    0.958    2        A2       C2        2        0.02     244      0        87.0     85.30      88.80       0.887      0.873      0.90           2          410        0.00     1.19       0.86       5.8        152.7      -146.8     0.978     c3:11.37; c2:0.01
130 T1127TS314_2o      314     Pierce               0.934    0.957    2        A2       C2        2        0.03     241      0        89.4     87.40      91.60       0.888      0.877      0.91           2          410        0.01     1.20       0.89       556.9      360.7      196.2      0.977     c3:11.38; c2:0.02
131 T1127TS071_1o      071s    RaptorX-Multimer     0.934    0.955    2        A2       C2        2        0.01     246      0        87.1     85.90      88.40       0.879      0.875      0.89           2          410        0.00     1.16       0.88       84.4       273.5      -189.1     0.979     c3:11.31; c2:0.01
132 T1127TS180_3o      180     McGuffin             0.934    0.958    2        A2       C2        2        0.02     246      0        87.3     85.10      89.60       0.886      0.877      0.90           2          410        0.01     1.19       0.86       58.2       180.6      -122.4     0.978     c3:11.36; c2:0.02
133 T1127TS320_2o      320     Elofsson             0.934    0.957    2        A2       C2        2        0.03     241      0        89.4     87.40      91.60       0.888      0.877      0.91           2          410        0.01     1.20       0.89       556.9      360.7      196.2      0.977     c3:11.38; c2:0.02
134 T1127TS125_5o      125s    UltraFold_Server     0.934    0.957    2        A2       C2        2        0.04     243      0        88.5     86.00      91.20       0.888      0.874      0.90           2          410        0.01     1.20       0.92       511.1      309.2      201.9      0.977     c3:11.37; c2:0.03
135 T1127TS320_4o      320     Elofsson             0.934    0.957    2        A2       C2        2        0.03     247      0        88.8     86.60      91.20       0.886      0.876      0.91           2          410        0.01     1.20       0.90       584.4      390.7      193.7      0.977     c3:11.37; c2:0.02
136 T1127TS150_2o      150     Grudinin             0.934    0.957    2        A2       C2        2        0.00     242      0        89.0     87.30      90.80       0.888      0.875      0.91           2          410        0.01     1.20       0.90       542.7      341.9      200.9      0.977     c3:11.39; c2:0.00
137 T1127TS071_2o      071s    RaptorX-Multimer     0.934    0.956    2        A2       C2        2        0.06     246      0        88.2     86.50      90.00       0.866      0.884      0.91           2          410        0.00     1.18       0.85       751.5      446.4      305.1      0.979     c3:11.41; c2:0.04
138 T1127TS091_4o      091     UNRES                0.934    0.953    2        A2       C2        2        0.55     244      0        86.5     88.00      85.10       0.808      0.853      0.86           2          410        0.01     1.23       0.85       1505.0     277.9      1227.1     0.976     c3:11.36; c2:0.37
139 T1127TS360_3o      360     MUFold_H             0.934    0.958    2        A2       C2        2        0.04     250      0        88.5     86.00      91.20       0.890      0.876      0.90           2          410        0.01     1.19       0.90       610.3      407.5      202.8      0.977     c3:11.37; c2:0.03
140 T1127TS390_4o      390s    NBIS-AF2-multimer    0.934    0.957    2        A2       C2        2        0.03     247      0        88.8     86.60      91.20       0.886      0.876      0.91           2          410        0.01     1.20       0.90       584.4      390.7      193.7      0.977     c3:11.37; c2:0.02
141 T1127TS298_1o      298s    MUFold               0.934    0.958    2        A2       C2        2        0.04     250      0        88.5     86.00      91.20       0.890      0.876      0.90           2          410        0.01     1.19       0.90       610.3      407.5      202.8      0.977     c3:11.37; c2:0.03
142 T1127TS462_3o      462s    MultiFOLD            0.934    0.958    2        A2       C2        2        0.02     246      0        87.3     85.10      89.60       0.886      0.877      0.90           2          410        0.01     1.19       0.86       58.2       180.6      -122.4     0.978     c3:11.36; c2:0.02
143 T1127TS314_4o      314     Pierce               0.934    0.957    2        A2       C2        2        0.03     247      0        88.8     86.60      91.20       0.886      0.876      0.91           2          410        0.01     1.20       0.90       584.4      390.7      193.7      0.977     c3:11.37; c2:0.02
144 T1127TS071_3o      071s    RaptorX-Multimer     0.934    0.956    2        A2       C2        2        0.02     246      0        88.0     86.40      89.60       0.884      0.886      0.90           2          410        0.00     1.13       0.83       601.3      413.1      188.1      0.980     c3:11.40; c2:0.01
145 T1127TS054_5o      054     UltraFold            0.934    0.957    2        A2       C2        2        0.04     243      0        88.5     86.00      91.20       0.888      0.874      0.90           2          410        0.01     1.20       0.92       511.1      309.2      201.9      0.977     c3:11.37; c2:0.03
146 T1127TS390_2o      390s    NBIS-AF2-multimer    0.934    0.957    2        A2       C2        2        0.03     241      0        89.4     87.40      91.60       0.888      0.877      0.91           2          410        0.01     1.20       0.89       556.9      360.7      196.2      0.977     c3:11.38; c2:0.02
147 T1127TS462_1o      462s    MultiFOLD            0.934    0.958    2        A2       C2        2        0.02     244      0        87.0     85.30      88.80       0.887      0.873      0.90           2          410        0.00     1.19       0.86       5.8        152.7      -146.8     0.978     c3:11.37; c2:0.01
148 T1127TS245_4o      245s    FoldEver             0.934    0.957    2        A2       C2        2        0.02     247      0        88.8     87.20      90.40       0.890      0.887      0.91           2          410        0.01     1.29       0.80       206.4      91.8       114.5      0.977     c3:11.40; c2:0.01
149 T1127TS150_4o      150     Grudinin             0.934    0.957    2        A2       C2        2        0.00     246      0        88.6     86.60      90.80       0.886      0.874      0.90           2          410        0.01     1.20       0.90       606.6      430.1      176.5      0.977     c3:16.27; c2:0.00
150 T1127TS245_2o      245s    FoldEver             0.934    0.954    2        A2       C2        2        0.04     242      0        90.7     89.80      91.60       0.881      0.879      0.94           2          410        0.00     1.29       0.90       383.0      353.1      29.9       0.975     c3:11.48; c2:0.03
151 T1127TS399_5o      399     BeijingAIProtein     0.934    0.957    2        A2       C2        2        0.04     243      0        88.5     86.00      91.20       0.888      0.874      0.90           2          410        0.01     1.20       0.92       511.1      309.2      201.9      0.977     c3:11.37; c2:0.03
152 T1127TS245_3o      245s    FoldEver             0.933    0.955    2        A2       C2        2        0.03     244      0        88.6     88.10      89.20       0.879      0.858      0.92           2          410        0.02     1.38       0.90       -335.7     -151.8     -184.0     0.970     c3:11.40; c2:0.02
153 T1127TS205_1o      205     Zou                  0.933    0.957    2        A2       C2        2        0.09     249      0        88.1     86.80      89.60       0.871      0.865      0.88           2          410        0.01     1.22       0.93       373.6      124.2      249.4      0.976     c3:11.36; c2:0.06
154 T1127TS180_2o      180     McGuffin             0.933    0.957    2        A2       C2        2        0.02     250      0        88.0     84.80      91.60       0.886      0.884      0.90           2          410        0.00     1.19       0.85       13.9       145.4      -131.5     0.978     c3:11.35; c2:0.01
155 T1127TS462_2o      462s    MultiFOLD            0.933    0.957    2        A2       C2        2        0.02     250      0        88.0     84.80      91.60       0.886      0.884      0.90           2          410        0.00     1.19       0.85       13.9       145.4      -131.5     0.978     c3:11.35; c2:0.01
156 T1127TS462_4o      462s    MultiFOLD            0.933    0.958    2        A2       C2        2        0.02     260      0        88.0     85.00      91.20       0.887      0.883      0.91           2          410        0.00     1.19       0.85       -137.3     94.3       -231.6     0.978     c3:11.35; c2:0.01
157 T1127TS071_4o      071s    RaptorX-Multimer     0.933    0.955    2        A2       C2        2        0.01     245      0        88.0     86.20      90.00       0.876      0.880      0.90           2          410        0.00     1.16       0.88       727.8      562.0      165.8      0.979     c3:11.34; c2:0.01
158 T1127TS046_2o      046s    Manifold-LC-E        0.933    0.954    2        A2       C2        2        0.02     247      0        85.6     84.10      87.10       0.868      0.866      0.90           2          410        0.01     1.29       0.83       -486.9     -228.0     -258.9     0.975     c3:11.40; c2:0.01
159 T1127TS180_4o      180     McGuffin             0.933    0.958    2        A2       C2        2        0.02     260      0        88.0     85.00      91.20       0.887      0.883      0.91           2          410        0.00     1.19       0.85       -137.3     94.3       -231.6     0.978     c3:11.35; c2:0.01
160 T1127TS462_5o      462s    MultiFOLD            0.932    0.957    2        A2       C2        2        0.02     251      0        87.5     84.90      90.40       0.887      0.880      0.90           2          410        0.00     1.19       0.86       -21.7      123.0      -144.7     0.978     c3:11.34; c2:0.01
161 T1127TS180_5o      180     McGuffin             0.932    0.957    2        A2       C2        2        0.02     251      0        87.5     84.90      90.40       0.887      0.880      0.90           2          410        0.00     1.19       0.86       -21.7      123.0      -144.7     0.978     c3:11.34; c2:0.01
162 T1127TS291_2o      291     Kozakov-Vajda        0.932    0.955    2        A2       C2        2        0.03     251      0        88.6     84.10      93.60       0.870      0.884      0.91           2          410        0.00     1.25       0.89       -151.7     -16.3      -135.4     0.976     c3:11.35; c2:0.02
163 T1127TS071_5o      071s    RaptorX-Multimer     0.932    0.954    2        A2       C2        2        0.02     241      0        88.3     85.90      90.80       0.877      0.872      0.90           2          410        0.01     1.20       0.94       642.7      589.2      53.5       0.977     c3:11.35; c2:0.01
164 T1127TS091_1o      091     UNRES                0.932    0.949    2        A2       C2        2        0.44     237      0        85.5     85.50      85.50       0.798      0.848      0.86           2          410        0.00     1.25       0.90       1411.6     381.6      1030.0     0.975     c3:11.44; c2:0.31
165 T1127TS147_2o      147     SHT                  0.932    0.950    2        A2       C2        2        0.24     248      0        87.6     84.40      91.20       0.827      0.839      0.90           2          410        0.01     1.52       1.15       -1957.4    -971.2     -986.3     0.966     c3:11.13; c2:0.17
166 T1127TS456_3o      456     AIchemy_LIG2         0.931    0.956    2        A2       C2        2        0.04     247      0        88.1     85.90      90.40       0.886      0.884      0.91           2          410        0.00     1.30       0.83       -449.5     -10.7      -438.9     0.976     c3:11.37; c2:0.03
167 T1127TS325_4o      325     AIchemy_LIG          0.931    0.956    2        A2       C2        2        0.04     247      0        88.1     85.90      90.40       0.886      0.884      0.91           2          410        0.00     1.30       0.83       -449.5     -10.7      -438.9     0.976     c3:11.37; c2:0.03
168 T1127TS456_2o      456     AIchemy_LIG2         0.931    0.956    2        A2       C2        2        0.04     247      0        88.1     85.90      90.40       0.886      0.884      0.91           2          410        0.00     1.30       0.83       -449.5     -10.7      -438.9     0.976     c3:11.37; c2:0.03
169 T1127TS456_5o      456     AIchemy_LIG2         0.931    0.956    2        A2       C2        2        0.04     247      0        88.1     85.90      90.40       0.886      0.884      0.91           2          410        0.00     1.30       0.83       -449.5     -10.7      -438.9     0.976     c3:11.37; c2:0.03
170 T1127TS248_2o      248     Manifold             0.931    0.952    2        A2       C2        2        0.02     246      0        86.6     85.20      88.00       0.865      0.864      0.88           2          410        0.01     1.31       0.85       -477.1     -156.7     -320.4     0.974     c3:11.39; c2:0.01
171 T1127TS035_2o      035s    Manifold-E           0.931    0.952    2        A2       C2        2        0.02     246      0        86.6     85.20      88.00       0.865      0.864      0.88           2          410        0.01     1.31       0.85       -478.6     -158.6     -320.0     0.974     c3:11.39; c2:0.01
172 T1127TS456_1o      456     AIchemy_LIG2         0.931    0.956    2        A2       C2        2        0.04     247      0        88.1     85.90      90.40       0.886      0.884      0.91           2          410        0.00     1.30       0.83       -449.5     -10.7      -438.9     0.976     c3:11.37; c2:0.03
173 T1127TS325_2o      325     AIchemy_LIG          0.931    0.956    2        A2       C2        2        0.04     247      0        88.1     85.90      90.40       0.886      0.884      0.91           2          410        0.00     1.30       0.83       -449.5     -10.7      -438.9     0.976     c3:11.37; c2:0.03
174 T1127TS245_5o      245s    FoldEver             0.931    0.956    2        A2       C2        2        0.02     246      0        88.7     87.50      90.00       0.875      0.874      0.91           2          410        0.01     1.29       0.85       -356.0     -290.2     -65.8      0.975     c3:11.39; c2:0.02
175 T1127TS347_5o      347     AIchemy_LIG3         0.931    0.956    2        A2       C2        2        0.04     247      0        88.1     85.90      90.40       0.886      0.884      0.91           2          410        0.00     1.30       0.83       -449.5     -10.7      -438.9     0.976     c3:11.37; c2:0.03
176 T1127TS347_4o      347     AIchemy_LIG3         0.931    0.956    2        A2       C2        2        0.04     247      0        88.1     85.90      90.40       0.886      0.884      0.91           2          410        0.00     1.30       0.83       -449.5     -10.7      -438.9     0.976     c3:11.37; c2:0.03
177 T1127TS325_1o      325     AIchemy_LIG          0.931    0.956    2        A2       C2        2        0.04     247      0        88.1     85.90      90.40       0.886      0.884      0.91           2          410        0.00     1.30       0.83       -449.5     -10.7      -438.9     0.976     c3:11.37; c2:0.03
178 T1127TS347_1o      347     AIchemy_LIG3         0.931    0.956    2        A2       C2        2        0.04     247      0        88.1     85.90      90.40       0.886      0.884      0.91           2          410        0.00     1.30       0.83       -449.5     -10.7      -438.9     0.976     c3:11.37; c2:0.03
179 T1127TS347_3o      347     AIchemy_LIG3         0.931    0.956    2        A2       C2        2        0.04     247      0        88.1     85.90      90.40       0.886      0.884      0.91           2          410        0.00     1.30       0.83       -449.5     -10.7      -438.9     0.976     c3:11.37; c2:0.03
180 T1127TS347_2o      347     AIchemy_LIG3         0.931    0.956    2        A2       C2        2        0.04     247      0        88.1     85.90      90.40       0.886      0.884      0.91           2          410        0.00     1.30       0.83       -449.5     -10.7      -438.9     0.976     c3:11.37; c2:0.03
181 T1127TS325_5o      325     AIchemy_LIG          0.931    0.956    2        A2       C2        2        0.04     247      0        88.1     85.90      90.40       0.886      0.884      0.91           2          410        0.00     1.30       0.83       -449.5     -10.7      -438.9     0.976     c3:11.37; c2:0.03
182 T1127TS325_3o      325     AIchemy_LIG          0.931    0.956    2        A2       C2        2        0.04     247      0        88.1     85.90      90.40       0.886      0.884      0.91           2          410        0.00     1.30       0.83       -449.5     -10.7      -438.9     0.976     c3:11.37; c2:0.03
183 T1127TS304_2o      304     Manifold-X           0.931    0.952    2        A2       C2        2        0.02     246      0        86.6     85.20      88.00       0.865      0.864      0.88           2          410        0.01     1.31       0.85       -477.1     -156.7     -320.4     0.974     c3:11.39; c2:0.01
184 T1127TS456_4o      456     AIchemy_LIG2         0.931    0.956    2        A2       C2        2        0.04     247      0        88.1     85.90      90.40       0.886      0.884      0.91           2          410        0.00     1.30       0.83       -449.5     -10.7      -438.9     0.976     c3:11.37; c2:0.03
185 T1127TS423_2o      423     trComplex            0.930    0.952    2        A2       C2        2        0.07     234      0        89.5     88.00      91.20       0.879      0.858      0.91           2          410        0.02     1.51       0.92       489.8      498.2      -8.4       0.968     c3:11.40; c2:0.05
186 T1127TS187_2o      187     TRFold               0.930    0.952    2        A2       C2        2        0.07     234      0        89.5     88.00      91.20       0.879      0.858      0.91           2          410        0.02     1.51       0.92       489.8      498.2      -8.4       0.968     c3:11.40; c2:0.05
187 T1127TS091_2o      091     UNRES                0.930    0.948    2        A2       C2        2        0.48     239      0        86.2     84.80      87.60       0.801      0.857      0.87           2          410        0.00     1.21       0.87       1380.4     265.2      1115.2     0.976     c3:11.44; c2:0.34
188 T1127TS086_2o      086s    MULTICOM_qa          0.929    0.949    2        A2       C2        2        0.19     244      0        88.4     85.40      91.60       0.863      0.849      0.93           2          410        0.02     1.31       1.06       715.5      475.8      239.7      0.971     c3:11.38; c2:0.13
189 T1127TS003_2o      003     MULTICOM_human       0.929    0.949    2        A2       C2        2        0.19     244      0        88.4     85.40      91.60       0.863      0.849      0.93           2          410        0.02     1.31       1.06       715.5      475.8      239.7      0.971     c3:11.38; c2:0.13
190 T1127TS423_5o      423     trComplex            0.929    0.950    2        A2       C2        2        0.28     243      0        89.2     85.60      93.20       0.853      0.854      0.91           2          410        0.01     1.53       1.06       245.6      120.7      124.9      0.968     c3:11.39; c2:0.20
191 T1127TS086_5o      086s    MULTICOM_qa          0.929    0.948    2        A2       C2        2        0.02     246      0        88.1     85.60      90.80       0.862      0.842      0.90           2          410        0.02     1.32       1.07       773.7      480.6      293.1      0.971     c3:11.39; c2:0.02
192 T1127TS312_2o      312     Fernandez-Recio      0.929    0.949    2        A2       C2        2        0.11     239      0        86.5     88.30      84.70       0.858      0.831      0.88           2          400        0.02     1.34       0.92       -1086.7    -367.9     -718.8     0.946     c3:11.22; c2:0.08
193 T1127TS187_5o      187     TRFold               0.929    0.950    2        A2       C2        2        0.28     243      0        89.2     85.60      93.20       0.853      0.854      0.91           2          410        0.01     1.53       1.06       245.6      120.7      124.9      0.968     c3:11.39; c2:0.20
194 T1127TS158_2o      158s    MULTICOM_deep        0.929    0.949    2        A2       C2        2        0.19     244      0        88.4     85.40      91.60       0.863      0.849      0.93           2          410        0.02     1.31       1.06       715.5      475.8      239.7      0.971     c3:11.38; c2:0.13
195 T1127TS086_1o      086s    MULTICOM_qa          0.929    0.949    2        A2       C2        2        0.03     244      0        87.8     86.10      89.60       0.864      0.842      0.91           2          410        0.02     1.29       1.06       791.5      515.8      275.7      0.972     c3:11.40; c2:0.02
196 T1127TS350_2o      350     ClusPro              0.929    0.950    2        A2       C2        2        0.29     251      0        85.1     82.10      88.40       0.855      0.867      0.87           2          410        0.01     1.30       0.88       -689.9     -67.3      -622.6     0.975     c3:11.33; c2:0.21
197 T1127TS158_5o      158s    MULTICOM_deep        0.929    0.948    2        A2       C2        2        0.02     246      0        88.1     85.60      90.80       0.862      0.842      0.90           2          410        0.02     1.32       1.07       773.7      480.6      293.1      0.971     c3:11.39; c2:0.02
198 T1127TS003_1o      003     MULTICOM_human       0.929    0.949    2        A2       C2        2        0.03     244      0        87.8     86.10      89.60       0.864      0.842      0.91           2          410        0.02     1.29       1.06       791.5      515.8      275.7      0.972     c3:11.40; c2:0.02
199 T1127TS158_1o      158s    MULTICOM_deep        0.929    0.949    2        A2       C2        2        0.03     244      0        87.8     86.10      89.60       0.864      0.842      0.91           2          410        0.02     1.29       1.06       791.5      515.8      275.7      0.972     c3:11.40; c2:0.02
200 T1127TS158_3o      158s    MULTICOM_deep        0.928    0.948    2        A2       C2        2        0.02     246      0        88.0     86.20      90.00       0.861      0.841      0.90           2          410        0.02     1.31       1.06       847.1      520.0      327.0      0.971     c3:11.39; c2:0.01
201 T1127TS086_3o      086s    MULTICOM_qa          0.928    0.948    2        A2       C2        2        0.02     246      0        88.0     86.20      90.00       0.861      0.841      0.90           2          410        0.02     1.31       1.06       847.1      520.0      327.0      0.971     c3:11.39; c2:0.01
202 T1127TS350_5o      350     ClusPro              0.928    0.949    2        A2       C2        2        0.35     252      0        86.9     83.40      90.80       0.852      0.873      0.88           2          410        0.01     1.32       0.89       -905.3     -259.0     -646.3     0.975     c3:11.32; c2:0.25
203 T1127TS350_1o      350     ClusPro              0.928    0.949    2        A2       C2        2        0.35     252      0        86.9     83.40      90.80       0.852      0.873      0.88           2          410        0.01     1.32       0.89       -905.3     -259.0     -646.3     0.975     c3:11.32; c2:0.25
204 T1127TS158_4o      158s    MULTICOM_deep        0.927    0.947    2        A2       C2        2        0.02     247      0        87.5     85.40      89.60       0.862      0.840      0.90           2          410        0.02     1.31       1.06       850.5      509.7      340.8      0.971     c3:11.40; c2:0.01
205 T1127TS205_2o      205     Zou                  0.927    0.941    2        A2       C2        2        1.39     247      0        86.2     86.90      85.50       0.777      0.761      0.89           2          410        0.04     1.88       1.37       1009.6     212.1      797.5      0.948     c3:11.53; c2:0.98
206 T1127TS312_1o      312     Fernandez-Recio      0.927    0.948    2        A2       C2        2        0.35     246      0        88.7     86.30      91.20       0.858      0.853      0.91           2          398        0.03     1.37       1.01       -951.9     -48.1      -903.8     0.943     c3:11.24; c2:0.25
207 T1127TS086_4o      086s    MULTICOM_qa          0.927    0.947    2        A2       C2        2        0.02     247      0        87.5     85.40      89.60       0.862      0.840      0.90           2          410        0.02     1.31       1.06       850.5      509.7      340.8      0.971     c3:11.40; c2:0.01
208 T1127TS187_1o      187     TRFold               0.926    0.947    2        A2       C2        2        0.18     247      0        90.4     88.20      92.80       0.849      0.847      0.93           2          410        0.01     1.53       1.11       166.8      264.7      -97.9      0.967     c3:11.37; c2:0.13
209 T1127TS423_1o      423     trComplex            0.926    0.947    2        A2       C2        2        0.18     247      0        90.4     88.20      92.80       0.849      0.847      0.93           2          410        0.01     1.53       1.11       166.8      264.7      -97.9      0.967     c3:11.37; c2:0.13
210 T1127TS248_4o      248     Manifold             0.925    0.942    2        A2       C2        2        0.21     260      0        83.6     82.20      85.10       0.870      0.850      0.87           2          410        0.02     1.25       0.94       -537.6     -360.2     -177.3     0.976     c3:11.26; c2:0.12
211 T1127TS444_5o      444     CoDock               0.925    0.948    2        A2       C2        2        0.28     231      0        87.5     85.40      89.60       0.854      0.852      0.89           2          410        0.01     1.34       0.94       656.1      517.3      138.9      0.972     c3:11.47; c2:0.20
212 T1127TS423_4o      423     trComplex            0.925    0.946    2        A2       C2        2        0.17     247      0        88.6     86.90      90.40       0.857      0.864      0.91           2          410        0.01     1.35       0.91       362.2      500.9      -138.7     0.973     c3:11.33; c2:0.12
213 T1127TS304_4o      304     Manifold-X           0.925    0.942    2        A2       C2        2        0.21     260      0        83.6     82.20      85.10       0.870      0.850      0.87           2          410        0.02     1.25       0.94       -537.6     -360.2     -177.3     0.976     c3:11.26; c2:0.12
214 T1127TS187_4o      187     TRFold               0.925    0.946    2        A2       C2        2        0.17     247      0        88.6     86.90      90.40       0.857      0.864      0.91           2          410        0.01     1.35       0.91       362.2      500.9      -138.7     0.973     c3:11.33; c2:0.12
215 T1127TS444_4o      444     CoDock               0.925    0.947    2        A2       C2        2        0.16     256      1        86.8     84.20      89.60       0.829      0.832      0.89           2          410        0.01     1.41       1.11       6.7        191.8      -185.1     0.968     c3:11.50; c2:0.11
216 T1127TS188_2o      188s    GuijunLab-DeepDA     0.924    0.944    2        A2       C2        2        0.21     242      2        85.8     89.20      82.70       0.857      0.838      0.88           2          410        0.02     1.38       0.89       942.2      535.2      407.0      0.972     c3:11.31; c2:0.12
217 T1127TS444_2o      444     CoDock               0.924    0.949    2        A2       C2        2        0.06     244      0        87.2     84.30      90.40       0.855      0.856      0.92           2          410        0.01     1.30       0.96       380.1      397.7      -17.6      0.973     c3:11.44; c2:0.04
218 T1127TS444_1o      444     CoDock               0.923    0.947    2        A2       C2        2        0.10     260      0        87.0     82.10      92.40       0.840      0.847      0.92           2          410        0.01     1.39       1.06       96.4       238.9      -142.5     0.970     c3:11.52; c2:0.07
219 T1127TS185_1o      185     BAKER                0.921    0.945    2        A2       C2        2        0.01     243      0        88.5     86.00      91.20       0.846      0.817      0.93           2          410        0.02     1.64       1.20       618.9      410.6      208.2      0.960     c3:11.43; c2:0.00
220 T1127TS185_5o      185     BAKER                0.921    0.945    2        A2       C2        2        0.01     242      0        89.6     86.20      93.20       0.852      0.831      0.94           2          410        0.02     1.63       1.17       63.4       285.8      -222.4     0.960     c3:11.36; c2:0.00
221 T1127TS185_2o      185     BAKER                0.919    0.943    2        A2       C2        2        0.01     246      0        89.2     85.90      92.80       0.854      0.842      0.91           2          410        0.02     1.46       1.12       519.0      407.7      111.3      0.967     c3:11.42; c2:0.00
222 T1127TS185_4o      185     BAKER                0.918    0.942    2        A2       C2        2        0.01     233      0        88.8     87.20      90.40       0.846      0.816      0.89           2          410        0.02     1.60       1.20       898.2      565.5      332.7      0.962     c3:11.45; c2:0.01
223 T1127TS205_3o      205     Zou                  0.917    0.931    2        A2       C2        2        1.57     245      0        85.1     84.00      86.30       0.775      0.771      0.90           2          410        0.03     1.75       1.30       1218.3     155.4      1062.8     0.951     c3:11.43; c2:1.10
224 T1127TS131_5o      131s    Kiharalab_Server     0.917    0.938    2        A2       C2        2        0.04     254      0        85.7     83.80      87.60       0.832      0.725      0.88           2          410        0.05     2.04       1.83       1029.3     649.0      380.3      0.933     c3:11.35; c2:0.03
225 T1127TS188_3o      188s    GuijunLab-DeepDA     0.917    0.937    2        A2       C2        2        0.36     237      1        86.3     90.70      82.30       0.860      0.823      0.84           2          410        0.02     1.40       0.96       1088.8     328.1      760.8      0.970     c3:11.27; c2:0.21
226 T1127TS185_3o      185     BAKER                0.917    0.942    2        A2       C2        2        0.01     240      0        87.1     84.80      89.60       0.843      0.819      0.88           2          410        0.02     1.63       1.16       385.8      355.0      30.8       0.960     c3:11.36; c2:0.00
227 T1127TS131_3o      131s    Kiharalab_Server     0.915    0.936    2        A2       C2        2        0.02     247      0        85.8     84.20      87.60       0.833      0.725      0.88           2          410        0.05     2.03       1.85       924.5      617.3      307.2      0.933     c3:11.34; c2:0.02
228 T1127TS131_4o      131s    Kiharalab_Server     0.914    0.933    2        A2       C2        2        0.02     244      0        87.1     85.90      88.40       0.843      0.736      0.90           2          410        0.04     1.92       1.87       694.4      451.8      242.6      0.941     c3:11.33; c2:0.01
229 T1127TS119_1o      119     Kiharalab            0.913    0.931    2        A2       C2        2        0.04     241      0        86.6     85.20      88.00       0.831      0.712      0.91           2          410        0.05     2.10       2.06       1128.7     453.3      675.4      0.929     c3:11.37; c2:0.03
230 T1127TS119_3o      119     Kiharalab            0.913    0.931    2        A2       C2        2        0.08     241      0        86.6     85.20      88.00       0.831      0.712      0.91           2          410        0.05     2.10       2.06       1251.0     586.1      664.9      0.929     c3:11.37; c2:0.05
231 T1127TS073_4o      073s    DFolding-refine      0.913    0.914    2        A2       C2        2        2.15     230      0        85.6     84.10      87.10       0.713      0.692      0.91           2          410        0.03     2.63       2.08       816.3      -1210.0    2026.3     0.904     c3:11.55; c2:1.51
232 T1127TS131_1o      131s    Kiharalab_Server     0.913    0.931    2        A2       C2        2        0.04     241      0        86.6     85.20      88.00       0.831      0.712      0.91           2          410        0.05     2.10       2.06       1186.4     586.2      600.2      0.929     c3:11.37; c2:0.02
233 T1127TS119_5o      119     Kiharalab            0.912    0.931    2        A2       C2        2        0.06     241      0        86.2     84.60      88.00       0.820      0.712      0.91           2          410        0.05     2.09       2.06       1112.6     461.4      651.2      0.930     c3:11.37; c2:0.05
234 T1127TS312_5o      312     Fernandez-Recio      0.911    0.934    2        A2       C2        2        0.15     228      0        87.8     89.20      86.30       0.848      0.815      0.87           2          398        0.03     1.50       1.01       -503.8     155.8      -659.6     0.938     c3:11.38; c2:0.11
235 T1127TS398_1o      398     ChaePred             0.909    0.919    2        A2       C2        2        1.49     269      3        81.0     78.30      83.90       0.845      0.818      0.84           2          410        0.02     1.38       1.06       -310.0     54.1       -364.2     0.970     c3:10.64; c2:0.84
236 T1127TS165_3o      165     FTBiot0119           0.909    0.919    2        A2       C2        2        1.49     269      3        81.0     78.30      83.90       0.845      0.818      0.84           2          410        0.02     1.38       1.06       -310.0     54.1       -364.2     0.970     c3:10.64; c2:0.84
237 T1127TS165_1o      165     FTBiot0119           0.908    0.926    2        A2       C2        2        1.27     257      2        85.8     82.30      89.60       0.866      0.847      0.90           2          410        0.02     1.29       1.00       420.9      261.1      159.8      0.974     c3:10.78; c2:0.72
238 T1127TS131_2o      131s    Kiharalab_Server     0.905    0.920    2        A2       C2        2        0.03     240      0        84.1     83.10      85.10       0.837      0.707      0.89           2          410        0.04     2.03       2.10       915.2      548.4      366.9      0.935     c3:11.34; c2:0.02
239 T1127TS073_2o      073s    DFolding-refine      0.905    0.906    2        A2       C2        2        2.12     244      1        83.5     82.70      84.30       0.716      0.676      0.87           2          410        0.04     2.60       2.23       1118.3     -1171.2    2289.4     0.902     c3:11.68; c2:1.50
240 T1127TS312_4o      312     Fernandez-Recio      0.905    0.926    2        A2       C2        2        0.32     227      0        85.8     88.10      83.50       0.846      0.794      0.87           2          398        0.03     1.53       1.07       -472.6     134.8      -607.5     0.936     c3:11.36; c2:0.23
241 T1127TS493_4o      493     Shen-CAPRI           0.892    0.913    2        A2       C2        2        1.66     226      0        80.8     84.30      77.50       0.824      0.647      0.85           2          410        0.07     2.50       1.50       1325.8     636.2      689.6      0.912     c3:10.86; c2:1.06
242 T1127TS073_1o      073s    DFolding-refine      0.892    0.903    2        A2       C2        2        1.56     246      1        82.0     82.50      81.50       0.720      0.668      0.88           2          410        0.03     2.55       2.18       693.0      -944.9     1637.8     0.908     c3:11.62; c2:1.10
243 T1127TS073_5o      073s    DFolding-refine      0.891    0.906    2        A2       C2        2        1.59     248      0        84.0     82.80      85.10       0.743      0.692      0.88           2          410        0.03     2.46       2.06       940.5      -547.2     1487.7     0.914     c3:11.39; c2:1.11
244 T1127TS073_3o      073s    DFolding-refine      0.885    0.901    2        A2       C2        2        2.27     245      0        81.3     80.60      81.90       0.688      0.660      0.85           2          410        0.02     2.77       2.27       1191.3     -1051.5    2242.9     0.895     c3:11.25; c2:1.55
245 T1127TS147_1o      147     SHT                  0.885    0.904    2        A2       C2        2        1.48     291      1        81.9     77.20      87.10       0.776      0.720      0.82           2          410        0.04     2.49       1.40       -2557.0    -1563.1    -993.9     0.927     c3:10.88; c2:1.04
246 T1127TS147_3o      147     SHT                  0.885    0.896    2        A2       C2        2        1.93     260      0        80.8     77.30      84.70       0.729      0.661      0.81           2          410        0.02     2.77       2.50       -1745.3    -1122.6    -622.6     0.895     c3:10.69; c2:1.30
247 T1127TS205_4o      205     Zou                  0.883    0.898    2        A2       C2        2        2.44     248      0        81.8     81.60      81.90       0.741      0.666      0.86           2          410        0.05     2.53       2.17       1026.5     132.8      893.6      0.906     c3:11.32; c2:1.71
248 T1127TS165_4o      165     FTBiot0119           0.880    0.894    2        A2       C2        2        1.29     292      3        78.4     72.10      85.90       0.826      0.747      0.82           2          410        0.05     1.69       1.29       231.8      234.6      -2.8       0.953     c3:10.73; c2:0.73
249 T1127TS398_3o      398     ChaePred             0.878    0.899    2        A2       C2        2        0.27     258      3        79.6     79.30      79.90       0.766      0.731      0.88           2          410        0.04     1.80       1.65       284.2      214.0      70.2       0.949     c3:11.34; c2:0.17
250 T1127TS493_2o      493     Shen-CAPRI           0.877    0.887    2        A2       C2        2        3.26     214      1        79.0     85.80      73.10       0.759      0.513      0.87           2          410        0.16     3.43       3.05       2145.2     701.5      1443.7     0.837     c3:10.60; c2:2.14
251 T1127TS147_5o      147     SHT                  0.856    0.867    2        A2       C2        2        2.04     280      0        80.8     76.20      85.90       0.742      0.678      0.84           2          410        0.04     2.96       1.72       -2412.1    -1543.8    -868.3     0.901     c3:10.86; c2:1.43
252 T1127TS493_5o      493     Shen-CAPRI           0.847    0.858    2        A2       C2        2        2.19     199      0        71.2     81.00      63.50       0.763      0.530      0.79           2          410        0.10     3.32       3.10       1400.8     349.5      1051.3     0.848     c3:10.95; c2:1.48
253 T1127TS147_4o      147     SHT                  0.842    0.853    2        A2       C2        2        2.66     280      0        76.9     72.80      81.50       0.713      0.592      0.84           2          410        0.05     3.53       3.40       -2257.4    -1300.7    -956.7     0.845     c3:10.69; c2:1.82
254 T1127TS493_3o      493     Shen-CAPRI           0.835    0.840    2        A2       C2        2        3.00     192      0        73.5     83.20      65.90       0.786      0.528      0.81           2          410        0.05     2.95       2.88       1663.9     554.1      1109.8     0.890     c3:10.77; c2:2.03
255 T1127TS035_5o      035s    Manifold-E           0.833    0.848    2        A2       C2        2        0.25     245      4        76.7     80.30      73.50       0.819      0.613      0.76           2          410        0.08     2.44       1.58       16.8       68.0       -51.3      0.909     c3:11.34; c2:0.15
256 T1127TS046_5o      046s    Manifold-LC-E        0.833    0.848    2        A2       C2        2        0.25     245      4        76.7     80.30      73.50       0.819      0.613      0.76           2          410        0.08     2.44       1.58       16.8       68.0       -51.3      0.909     c3:11.34; c2:0.15
257 T1127TS493_1o      493     Shen-CAPRI           0.812    0.818    2        A2       C2        2        2.23     185      0        71.0     84.10      61.40       0.763      0.474      0.74           2          410        0.12     3.73       3.84       1756.0     417.1      1338.9     0.830     c3:11.39; c2:1.53
258 T1127TS304_5o      304     Manifold-X           0.809    0.823    2        A2       C2        2        0.25     287      9        69.8     67.80      71.90       0.682      0.602      0.70           2          410        0.09     2.46       1.67       161.4      1.5        159.9      0.908     c3:11.34; c2:0.15
259 T1127TS248_5o      248     Manifold             0.809    0.823    2        A2       C2        2        0.25     287      9        69.8     67.80      71.90       0.682      0.602      0.70           2          410        0.09     2.46       1.67       161.4      1.5        159.9      0.908     c3:11.34; c2:0.15
260 T1127TS398_2o      398     ChaePred             0.778    0.782    2        A2       C2        2        3.78     317      13       61.3     54.50      69.90       0.731      0.561      0.76           2          410        0.09     2.40       2.06       -580.2     -327.0     -253.2     0.911     c3:9.46; c2:2.14
261 T1127TS447_1o      447     DELCLAB              0.775    0.775    2        A2       C2        2        0.87     184      0        76.1     85.90      68.30       0.781      0.539      0.74           2          410        0.03     3.20       4.59       14.4       -1905.2    1919.6     0.919     c3:11.00; c2:0.53
262 T1127TS398_4o      398     ChaePred             0.762    0.767    2        A2       C2        2        2.11     306      7        59.3     55.00      64.30       0.702      0.528      0.73           2          410        0.12     2.78       2.57       74.3       -33.7      107.9      0.892     c3:10.25; c2:1.20
263 T1127TS447_3o      447     DELCLAB              0.762    0.762    2        A2       C2        2        0.72     168      0        75.5     89.10      65.50       0.775      0.524      0.73           2          410        0.02     3.29       4.64       277.6      -1858.5    2136.1     0.913     c3:11.08; c2:0.43
264 T1127TS447_2o      447     DELCLAB              0.759    0.759    2        A2       C2        2        0.82     169      0        75.3     89.50      65.10       0.773      0.520      0.72           2          410        0.04     3.29       4.56       253.2      -1846.1    2099.3     0.913     c3:11.05; c2:0.50
265 T1127TS165_5o      165     FTBiot0119           0.750    0.753    2        A2       C2        2        0.05     252      1        67.6     69.50      65.90       0.525      0.380      0.75           1          205        0.00     8.85       3.33       3539.3     387.8      3151.5     0.755     c3:12.81; c2:0.03
266 T1127TS278_5o      278     PEZYFoldings         0.746    0.759    2        A2       C2        2        0.05     181      1        72.8     84.60      63.90       0.736      0.456      0.68           2          410        0.11     4.21       3.94       2744.1     940.5      1803.6     0.768     c3:12.12; c2:0.03
267 T1127TS398_5o      398     ChaePred             0.723    0.729    2        A2       C2        2        1.55     185      6        62.4     73.40      54.20       0.762      0.457      0.69           2          410        0.10     3.13       2.45       1138.9     315.2      823.7      0.859     c3:10.64; c2:0.90
268 T1127TS447_4o      447     DELCLAB              0.684    0.684    2        A2       C2        2        0.09     143      0        71.0     89.10      59.00       0.744      0.435      0.67           2          410        0.15     3.98       5.64       638.6      -1717.6    2356.2     0.901     c3:20.61; c2:0.06
269 T1127TS447_5o      447     DELCLAB              0.675    0.675    2        A2       C2        2        0.12     148      0        70.2     88.40      58.20       0.740      0.425      0.66           2          410        0.15     4.06       5.72       834.3      -1621.2    2455.5     0.898     c3:11.24; c2:0.08
270 T1127TS165_2o      165     FTBiot0119           0.673    0.676    2        A2       C2        2        2.78     258      8        52.5     55.90      49.40       0.460      0.340      0.66           1          205        0.00     8.85       3.50       4256.4     737.5      3518.9     0.734     c3:11.25; c2:1.58
271 T1127TS494_5o      494     Venclovas            0.565    0.593    2        A2       C2        2        3.50     351      5        64.6     56.50      75.50       0.493      0.343      0.62           1          63         0.00     9.97       3.38       -2912.5    -1743.8    -1168.7    0.700     c3:9.49; c2:2.46
272 T1127TS494_3o      494     Venclovas            0.466    0.466    2        A2       C2        2        0.12     105      0        49.7     77.80      36.50       0.786      0.201      0.57           1          204        0.00     9.57       16.38      736.4      372.0      364.4      0.901     c3:10.14; c2:0.08
273 T1127TS119_4o      119     Kiharalab            0.437    0.437    2        A2       C2        2        0.27     99       0        45.3     76.90      32.10       0.730      0.189      0.51           1          204        0.00     9.78       16.44      1138.7     453.8      684.9      0.854     c3:10.16; c2:0.19
274 T1127TS119_2o      119     Kiharalab            0.437    0.437    2        A2       C2        2        0.26     99       0        45.3     76.90      32.10       0.727      0.189      0.51           1          204        0.00     9.78       16.44      1114.9     430.7      684.2      0.854     c3:10.16; c2:0.19
275 T1127TS494_4o      494     Venclovas            0.436    0.436    2        A2       C2        2        0.15     96       0        45.9     77.90      32.50       0.774      0.189      0.50           1          204        0.00     9.67       16.41      91.2       681.8      -590.7     0.887     c3:10.09; c2:0.10
276 T1127TS278_2o      278     PEZYFoldings         0.421    0.421    2        A2       C2        2        0.02     86       0        43.8     83.10      29.70       0.726      0.167      0.42           1          204        0.00     9.83       17.11      1588.9     570.8      1018.1     0.875     c3:10.25; c2:0.01
277 T1127TS278_4o      278     PEZYFoldings         0.297    0.297    2        A2       C2        2        0.42     52       0        34.9     96.40      21.30       0.676      0.123      0.31           1          204        0.00     10.00      18.31      3890.0     1651.9     2238.1     0.796     c3:10.18; c2:0.25
278 T1127TS234_1o      234     Panlab               0.015    0.016    2        A2       C1        2        0.00     75       3        0.0      0.00       0.00        0.489      0.030      0.22           1          205        0.00     3.17       19.50      2020.4     -2465.5    4485.9     0.503     c3:10.42; c2:4.93
279 T1127TS234_2o      234     Panlab               0.015    0.016    2        A2       C1        2        0.00     71       3        0.0      0.00       0.00        0.492      0.030      0.22           1          205        0.00     3.17       19.49      2074.4     -2450.1    4524.5     0.503     c3:10.42; c2:4.89